Start of File
758,88,88,0.19,9.55,1.58,-0.00,-0.01,0.00,-49.14,7.97,27.70,0,0,0,
765,88,88,0.19,9.55,1.50,-0.00,-0.01,0.00,-50.18,9.88,29.26,0,0,0,
771,89,90,0.20,9.44,1.50,0.01,-0.01,0.00,-49.11,8.35,27.45,0,0,0,
777,88,88,0.18,9.57,1.55,0.00,-0.01,0.00,-48.93,7.67,26.66,0,0,0,
791,89,89,0.20,9.47,1.54,0.00,-0.01,0.00,-48.96,8.36,28.69,0,0,0,
797,89,89,0.18,9.50,1.53,0.01,-0.01,0.00,-48.63,7.73,28.38,0,0,0,
803,88,88,0.18,9.56,1.59,0.00,-0.01,0.00,-48.87,8.40,28.76,0,0,0,
809,88,88,0.18,9.56,1.59,0.00,-0.01,0.00,-49.28,8.08,27.54,0,0,0,
821,88,88,0.20,9.56,1.57,0.01,-0.01,0.00,-49.25,7.94,27.70,0,0,0,
828,88,88,0.18,9.56,1.57,-0.00,-0.01,0.00,-49.96,8.81,27.40,0,0,0,
834,89,89,0.20,9.49,1.58,0.00,-0.01,0.00,-48.79,8.02,26.79,0,0,0,
840,89,89,0.18,9.46,1.53,0.01,-0.01,0.00,-49.81,7.75,27.48,0,0,0,
847,89,89,0.18,9.46,1.53,0.01,-0.01,0.00,-49.97,8.59,27.86,0,0,0,
853,88,88,0.18,9.57,1.60,-0.00,-0.01,0.00,-49.36,8.40,27.30,0,0,0,
859,89,90,0.20,9.44,1.53,0.01,-0.01,0.00,-49.44,7.83,27.83,0,0,0,
865,89,90,0.20,9.44,1.53,0.01,-0.01,0.00,-49.28,9.47,29.22,0,0,0,
875,88,88,0.19,9.55,1.56,0.00,-0.01,0.00,-48.17,6.12,26.10,0,0,0,
882,89,89,0.20,9.50,1.60,0.00,-0.01,0.00,-49.50,8.01,28.84,0,0,0,
889,89,89,0.18,9.44,1.52,0.01,-0.01,0.00,-50.28,8.21,27.55,0,0,0,
895,87,87,0.18,9.74,1.59,0.01,-0.01,0.00,-49.58,7.78,26.81,0,0,0,
900,88,88,0.18,9.59,1.59,0.00,-0.01,0.00,-49.40,8.23,27.68,0,0,0,
907,89,89,0.20,9.46,1.54,0.01,-0.01,0.00,-49.63,7.99,27.11,0,0,0,
913,89,89,0.18,9.53,1.56,0.01,-0.01,0.00,-49.18,7.66,26.28,0,0,0,
925,89,89,0.19,9.53,1.60,0.00,-0.01,0.00,-49.36,9.00,29.49,0,0,0,
931,89,89,0.19,9.53,1.60,0.00,-0.01,0.00,-49.75,8.45,27.54,0,0,0,
937,89,90,0.19,9.42,1.53,0.02,-0.01,0.00,-48.80,6.65,26.73,0,0,0,
944,88,88,0.18,9.59,1.59,0.00,-0.01,0.00,-49.46,9.32,29.61,0,0,0,
958,89,89,0.20,9.46,1.55,0.01,-0.01,0.00,-49.01,8.11,27.81,0,0,0,
964,89,89,0.18,9.50,1.56,0.01,-0.01,0.00,-49.74,8.16,28.91,0,0,0,
970,88,88,0.20,9.56,1.59,0.00,-0.01,0.00,-49.74,8.73,27.26,0,0,0,
977,88,88,0.20,9.56,1.59,0.00,-0.01,0.00,-48.67,6.87,26.70,0,0,0,
988,88,88,0.18,9.57,1.59,0.00,-0.01,0.00,-48.95,8.48,27.45,0,0,0,
994,88,88,0.18,9.57,1.59,0.00,-0.01,0.00,-49.39,7.98,26.13,0,0,0,
1000,89,89,0.20,9.47,1.56,0.01,-0.01,0.00,-49.77,9.35,27.90,0,0,0,
1007,89,89,0.18,9.48,1.53,0.01,-0.01,0.00,-50.00,9.78,29.17,0,0,0,
1013,89,89,0.18,9.48,1.53,0.01,-0.01,0.00,-49.17,8.01,26.26,0,0,0,
1019,88,88,0.19,9.57,1.59,0.00,-0.01,0.00,-48.73,8.59,28.59,0,0,0,
1025,89,90,0.20,9.43,1.54,0.01,-0.01,0.00,-49.59,9.85,29.57,0,0,0,
1037,88,88,0.18,9.56,1.59,0.00,-0.01,0.00,-48.17,7.02,26.63,0,0,0,
1044,89,89,0.18,9.50,1.57,0.01,-0.01,0.00,-49.06,8.92,32.52,0,0,0,
1050,89,89,0.18,9.50,1.57,0.01,-0.01,0.00,-48.63,7.92,27.92,0,0,0,
1056,89,89,0.18,9.47,1.53,0.01,-0.01,0.00,-45.18,7.09,27.26,0,0,0,
1062,88,88,0.19,9.59,1.60,0.00,-0.01,0.00,-49.59,8.24,27.57,0,0,0,
1069,88,88,0.19,9.59,1.60,0.00,-0.01,0.00,-49.28,8.33,28.05,0,0,0,
1075,89,90,0.20,9.43,1.54,0.01,-0.01,0.00,-48.79,7.13,25.67,0,0,0,
1081,89,88,0.17,9.53,1.57,0.01,-0.01,0.00,-48.95,7.95,28.02,0,0,0,
1092,88,89,0.20,9.53,1.57,0.01,-0.01,0.00,-49.27,8.13,27.10,0,0,0,
1099,89,89,0.19,9.45,1.52,0.01,-0.01,0.00,-49.28,8.36,28.09,0,0,0,
1105,89,89,0.19,9.45,1.52,0.01,-0.01,0.00,-49.66,9.78,30.24,0,0,0,
1117,89,89,0.19,9.45,1.54,0.00,-0.01,0.00,-48.66,7.37,27.07,0,0,0,
1124,89,89,0.19,9.45,1.54,0.01,-0.01,0.00,-49.94,8.84,28.28,0,0,0,
1131,89,89,0.17,9.51,1.56,0.01,-0.01,0.00,-48.86,8.59,26.81,0,0,0,
1137,88,89,0.20,9.54,1.58,0.00,-0.01,0.00,-48.48,7.19,26.54,0,0,0,
1149,89,89,0.20,9.44,1.51,0.01,-0.01,0.00,-49.43,8.01,27.02,0,0,0,
1155,88,88,0.18,9.57,1.60,0.00,-0.01,0.00,-49.82,6.74,25.37,0,0,0,
1160,88,88,0.18,9.57,1.60,0.00,-0.01,0.00,-48.64,8.45,28.44,0,0,0,
1167,89,89,0.21,9.48,1.54,0.01,-0.01,0.00,-49.71,9.22,28.90,0,0,0,
1173,89,89,0.18,9.51,1.54,0.01,-0.01,0.00,-48.93,8.17,26.83,0,0,0,
1179,89,89,0.18,9.51,1.54,0.01,-0.01,0.00,-49.34,8.05,27.76,0,0,0,
1185,88,89,0.19,9.53,1.61,0.00,-0.01,0.00,-49.28,9.28,30.78,0,0,0,
1192,89,90,0.20,9.44,1.52,0.02,-0.01,0.00,-48.99,8.59,27.84,0,0,0,
1203,88,88,0.18,9.58,1.59,0.00,-0.01,0.00,-49.09,8.11,28.00,0,0,0,
1209,89,89,0.18,9.47,1.56,0.00,-0.01,0.00,-49.20,9.15,27.92,0,0,0,
1215,89,89,0.20,9.47,1.56,0.01,-0.01,0.00,-48.57,7.34,25.30,0,0,0,
1222,89,89,0.17,9.48,1.53,0.01,-0.01,0.00,-49.04,8.64,27.96,0,0,0,
1228,88,88,0.19,9.57,1.61,-0.00,-0.01,0.00,-48.90,8.40,27.40,0,0,0,
1234,88,88,0.19,9.57,1.61,-0.00,-0.01,0.00,-48.99,7.82,26.91,0,0,0,
1240,89,89,0.20,9.45,1.51,0.02,-0.01,0.00,-49.02,8.75,27.05,0,0,0,
1252,88,88,0.17,9.56,1.56,0.00,-0.01,0.00,-49.08,8.18,27.05,0,0,0,
1259,89,89,0.20,9.49,1.57,0.00,-0.01,0.00,-48.70,8.33,27.20,0,0,0,
1265,89,89,0.19,9.46,1.54,0.00,-0.01,0.00,-49.12,8.90,32.89,0,0,0,
1271,89,89,0.19,9.46,1.54,0.01,-0.01,0.00,-48.57,8.27,27.21,0,0,0,
1282,88,88,0.18,9.58,1.60,-0.00,-0.01,0.00,-49.11,8.74,28.65,0,0,0,
1290,89,90,0.20,9.43,1.51,0.01,-0.01,0.00,-49.31,8.51,27.55,0,0,0,
1296,88,88,0.17,9.55,1.56,0.00,-0.01,0.00,-48.57,7.03,24.96,0,0,0,
1302,88,89,0.21,9.52,1.58,0.00,-0.01,0.00,-49.31,9.12,28.37,0,0,0,
1314,89,89,0.18,9.44,1.51,0.01,-0.01,0.00,-48.83,7.67,26.91,0,0,0,
1321,88,88,0.18,9.58,1.59,0.00,-0.01,0.00,-49.30,8.29,28.38,0,0,0,
1328,88,88,0.18,9.58,1.59,0.00,-0.01,0.00,-49.97,8.97,27.52,0,0,0,
1334,89,89,0.20,9.45,1.53,0.01,-0.01,0.00,-49.02,8.02,26.24,0,0,0,
1339,89,88,0.17,9.53,1.55,0.00,-0.01,0.00,-49.56,8.56,27.55,0,0,0,
1346,89,88,0.17,9.53,1.55,0.00,-0.01,0.00,-49.46,10.03,28.88,0,0,0,
1352,88,89,0.19,9.54,1.58,0.00,-0.01,0.00,-49.14,8.54,26.25,0,0,0,
1364,89,89,0.19,9.44,1.51,0.01,-0.01,0.00,-48.61,8.73,29.00,0,0,0,
1370,88,88,0.19,9.58,1.60,0.00,-0.01,0.00,-49.23,8.49,27.14,0,0,0,
1376,89,89,0.19,9.45,1.54,0.00,-0.01,0.00,-48.68,6.56,25.08,0,0,0,
1383,89,89,0.20,9.45,1.54,0.01,-0.01,0.00,-49.52,9.09,28.46,0,0,0,
1389,89,89,0.19,9.50,1.55,0.01,-0.01,0.00,-50.34,8.84,27.16,0,0,0,
1395,88,88,0.19,9.56,1.59,0.01,-0.01,0.00,-49.09,7.75,26.07,0,0,0,
1401,88,88,0.19,9.56,1.59,0.01,-0.01,0.00,-48.92,8.65,27.96,0,0,0,
1408,89,89,0.18,9.44,1.52,0.01,-0.01,0.00,-49.37,8.59,28.00,0,0,0,
1419,88,88,0.18,9.55,1.58,0.00,-0.01,0.00,-49.06,8.20,27.52,0,0,0,
1425,89,89,0.19,9.49,1.56,0.01,-0.01,0.00,-49.56,9.59,29.06,0,0,0,
1431,89,89,0.19,9.49,1.53,0.01,-0.01,0.00,-49.34,8.36,27.39,0,0,0,
1438,89,89,0.19,9.49,1.53,0.01,-0.01,0.00,-49.39,8.29,27.00,0,0,0,
1452,89,89,0.19,9.44,1.51,0.01,-0.01,0.00,-49.01,8.42,27.20,0,0,0,
1458,89,89,0.19,9.44,1.51,0.01,-0.01,0.00,-48.61,8.51,27.67,0,0,0,
1464,88,88,0.17,9.55,1.57,0.00,-0.01,0.00,-48.99,8.92,28.35,0,0,0,
1471,89,89,0.20,9.51,1.56,0.00,-0.01,0.00,-49.06,9.22,26.97,0,0,0,
1482,89,89,0.18,9.47,1.54,0.01,-0.01,0.00,-48.83,8.84,27.64,0,0,0,
1489,88,88,0.18,9.57,1.60,-0.00,-0.01,0.00,-49.23,9.11,27.48,0,0,0,
1495,88,88,0.18,9.57,1.60,-0.00,-0.01,0.00,-48.68,7.92,25.27,0,0,0,
1501,89,90,0.20,9.44,1.51,0.00,-0.01,0.00,-49.66,8.84,27.99,0,0,0,
1508,88,88,0.18,9.54,1.56,-0.00,-0.01,0.00,-49.88,9.05,27.11,0,0,0,
1514,88,88,0.18,9.54,1.56,-0.00,-0.01,0.00,-49.01,8.43,25.58,0,0,0,
1520,88,89,0.20,9.52,1.58,-0.01,-0.01,0.00,-48.83,8.43,27.71,0,0,0,
1531,89,89,0.19,9.45,1.53,0.00,-0.01,0.00,-49.20,8.96,26.94,0,0,0,
1538,88,88,0.18,9.58,1.60,-0.01,-0.01,0.00,-48.98,8.16,26.75,0,0,0,
1544,89,89,0.20,9.45,1.54,0.00,-0.01,0.00,-49.42,9.02,27.19,0,0,0,
1550,89,89,0.20,9.45,1.54,0.00,-0.01,0.00,-48.95,8.27,26.91,0,0,0,
1556,89,89,0.18,9.52,1.57,0.00,-0.01,0.00,-49.15,7.42,26.03,0,0,0,
1562,89,89,0.19,9.53,1.60,-0.00,-0.01,0.00,-49.68,8.81,27.73,0,0,0,
1569,89,89,0.19,9.53,1.60,-0.00,-0.01,0.00,-49.62,8.87,26.81,0,0,0,
1580,88,88,0.18,9.57,1.60,-0.00,-0.01,0.00,-49.93,8.29,27.46,0,0,0,
1586,88,88,0.18,9.57,1.60,-0.00,-0.01,0.00,-49.62,9.56,28.31,0,0,0,
1592,89,89,0.20,9.47,1.54,0.01,-0.01,0.00,-48.99,8.27,26.44,0,0,0,
1599,89,89,0.18,9.49,1.55,0.00,-0.01,0.00,-48.87,8.35,26.64,0,0,0,
1605,89,89,0.18,9.49,1.55,0.00,-0.01,0.00,-49.66,10.13,30.05,0,0,0,
1617,89,90,0.20,9.42,1.52,0.00,-0.01,0.00,-48.70,7.45,27.10,0,0,0,
1623,89,90,0.20,9.42,1.52,0.00,-0.01,0.00,-49.25,8.62,28.31,0,0,0,
1630,88,88,0.18,9.56,1.59,-0.00,-0.01,0.00,-49.31,8.92,27.14,0,0,0,
1642,89,89,0.20,9.50,1.57,0.00,-0.01,0.00,-49.75,8.24,28.44,0,0,0,
1648,89,89,0.18,9.48,1.54,0.00,-0.01,0.00,-49.65,8.99,28.24,0,0,0,
1654,88,88,0.19,9.57,1.60,-0.00,-0.01,0.00,-49.36,8.20,26.44,0,0,0,
1661,88,88,0.19,9.57,1.60,-0.00,-0.01,0.00,-49.63,8.89,27.08,0,0,0,
1667,90,90,0.19,9.41,1.54,0.00,-0.01,0.00,-50.44,9.40,28.25,0,0,0,
1673,88,88,0.17,9.55,1.59,-0.00,-0.01,0.00,-49.04,8.14,26.95,0,0,0,
1679,88,88,0.17,9.55,1.59,-0.00,-0.01,0.00,-49.37,8.97,27.51,0,0,0,
1691,89,89,0.19,9.46,1.52,0.00,-0.01,0.00,-49.58,8.55,26.88,0,0,0,
1698,89,89,0.19,9.46,1.52,0.01,-0.01,0.00,-48.82,7.75,27.26,0,0,0,
1704,88,88,0.17,9.57,1.62,-0.00,-0.01,0.00,-49.68,9.03,29.17,0,0,0,
1710,90,90,0.18,9.42,1.55,0.01,-0.01,0.00,-49.24,8.48,27.11,0,0,0,
1716,90,90,0.18,9.42,1.55,0.01,-0.01,0.00,-49.24,7.02,25.62,0,0,0,
1723,89,88,0.17,9.54,1.57,0.00,-0.01,0.00,-49.37,8.16,27.97,0,0,0,
1729,88,89,0.20,9.54,1.59,0.00,-0.01,0.00,-49.59,8.18,27.52,0,0,0,
1735,88,89,0.20,9.54,1.59,0.00,-0.01,0.00,-49.12,7.47,25.69,0,0,0,
1746,88,88,0.18,9.59,1.60,0.01,-0.01,0.00,-49.59,9.72,30.65,0,0,0,
1753,88,88,0.18,9.59,1.60,-0.01,-0.01,0.00,-49.71,8.74,26.54,0,0,0,
1759,89,89,0.18,9.43,1.57,0.00,-0.01,0.00,-48.89,9.06,26.73,0,0,0,
1765,89,88,0.17,9.53,1.55,0.01,-0.00,0.00,-49.61,10.42,29.14,0,0,0,
1778,88,88,0.18,9.54,1.59,-0.01,-0.00,0.00,-48.83,7.82,27.68,0,0,0,
1786,89,90,0.24,9.40,1.56,0.01,-0.00,0.00,-49.91,10.44,29.73,0,0,0,
1792,88,88,0.19,9.59,1.60,0.01,-0.00,0.00,-49.01,8.33,27.19,0,0,0,
1804,89,89,0.19,9.45,1.55,0.01,-0.00,0.00,-49.34,9.11,28.21,0,0,0,
1810,89,89,0.19,9.45,1.55,0.01,-0.00,0.00,-49.52,8.94,27.11,0,0,0,
1816,89,89,0.19,9.49,1.56,0.01,-0.00,0.00,-48.29,6.94,26.00,0,0,0,
1823,88,88,0.20,9.56,1.59,0.01,-0.00,0.00,-48.82,8.96,28.91,0,0,0,
1829,88,88,0.20,9.56,1.55,0.01,-0.00,0.00,-49.97,9.76,28.05,0,0,0,
1835,89,90,0.20,9.42,1.55,0.01,-0.01,0.00,-49.24,7.64,25.81,0,0,0,
1841,88,88,0.18,9.57,1.60,0.01,-0.01,0.00,-49.46,9.31,27.39,0,0,0,
1848,89,89,0.19,9.48,1.57,0.01,-0.01,0.00,-49.39,9.54,27.65,0,0,0,
1859,89,89,0.17,9.47,1.53,0.01,-0.01,0.00,-49.30,8.99,27.33,0,0,0,
1865,89,89,0.17,9.47,1.53,0.01,-0.01,0.00,-49.96,9.51,28.98,0,0,0,
1871,88,88,0.19,9.57,1.61,-0.00,-0.01,0.00,-49.05,8.68,27.89,0,0,0,
1878,89,89,0.20,9.44,1.55,0.01,-0.01,0.00,-49.23,8.62,26.44,0,0,0,
1885,88,88,0.17,9.55,1.58,0.01,-0.01,0.00,-49.58,9.27,28.30,0,0,0,
1891,88,88,0.17,9.55,1.58,0.00,-0.01,0.00,-49.33,8.65,27.58,0,0,0,
1897,89,89,0.21,9.50,1.57,0.01,-0.01,0.00,-48.33,7.61,25.86,0,0,0,
1908,89,89,0.18,9.45,1.53,0.01,-0.01,0.00,-49.74,8.73,27.45,0,0,0,
1915,88,88,0.18,9.57,1.62,-0.00,-0.01,0.00,-49.50,7.86,25.90,0,0,0,
1921,88,88,0.18,9.57,1.62,-0.00,-0.01,0.00,-49.12,9.13,27.97,0,0,0,
1927,89,89,0.19,9.45,1.53,0.01,-0.01,0.00,-50.45,10.17,28.52,0,0,0,
1933,89,89,0.18,9.52,1.59,-0.01,-0.01,0.00,-49.31,8.49,26.32,0,0,0,
1947,89,89,0.20,9.52,1.60,-0.01,-0.02,0.00,-49.97,10.45,28.59,0,0,0,
1953,89,89,0.19,9.43,1.53,-0.00,-0.02,0.00,-49.46,8.29,26.73,0,0,0,
1959,88,88,0.18,9.57,1.61,-0.02,-0.02,0.00,-49.56,9.05,28.21,0,0,0,
1971,89,89,0.20,9.45,1.55,-0.00,-0.01,0.00,-49.66,8.96,27.48,0,0,0,
1978,89,89,0.18,9.51,1.57,-0.01,-0.02,0.00,-49.18,8.35,28.44,0,0,0,
1984,89,89,0.18,9.51,1.57,-0.01,-0.02,0.00,-49.36,8.78,28.33,0,0,0,
1990,88,89,0.19,9.54,1.63,-0.01,-0.02,0.00,-49.36,8.55,27.35,0,0,0,
1996,90,90,0.18,9.41,1.53,-0.01,-0.02,0.00,-49.02,7.83,25.65,0,0,0,
2002,90,90,0.18,9.41,1.53,0.00,-0.01,0.00,-49.72,8.74,27.92,0,0,0,
2008,88,88,0.17,9.57,1.61,-0.01,-0.01,0.00,-49.81,9.12,27.05,0,0,0,
2020,89,89,0.20,9.46,1.58,-0.00,-0.01,0.00,-52.34,8.70,27.65,0,0,0,
2026,89,89,0.18,9.50,1.56,0.00,-0.01,0.00,-49.27,9.57,29.32,0,0,0,
2032,89,89,0.18,9.50,1.56,0.00,-0.01,0.00,-49.06,8.39,27.36,0,0,0,
2039,88,88,0.19,9.57,1.61,-0.01,-0.02,0.00,-48.89,8.23,28.02,0,0,0,
2044,90,90,0.19,9.41,1.55,-0.00,-0.02,-0.00,-48.67,9.41,29.33,0,0,0,
2050,90,90,0.19,9.41,1.55,-0.00,-0.02,-0.00,-48.80,9.34,27.14,0,0,0,
2056,88,88,0.18,9.57,1.61,-0.01,-0.02,0.00,-45.05,6.68,26.12,0,0,0,
2063,89,89,0.20,9.48,1.59,-0.01,-0.02,0.00,-48.98,9.15,27.76,0,0,0,
2074,89,89,0.19,9.46,1.56,-0.01,-0.02,-0.00,-48.93,7.69,22.84,0,0,0,
2081,88,88,0.20,9.59,1.63,-0.02,-0.02,0.00,-49.56,8.51,27.78,0,0,0,
2087,88,88,0.20,9.59,1.63,-0.02,-0.02,0.00,-49.91,9.25,28.03,0,0,0,
2093,89,90,0.19,9.43,1.56,-0.02,-0.02,-0.00,-49.18,8.16,25.52,0,0,0,
2100,88,88,0.18,9.59,1.57,-0.02,-0.02,-0.00,-49.04,7.79,28.15,0,0,0,
2112,89,89,0.21,9.46,1.67,-0.05,-0.02,-0.00,-48.99,8.11,27.42,0,0,0,
2118,89,89,0.18,9.46,1.57,-0.02,-0.02,0.00,-48.66,8.14,27.92,0,0,0,
2130,88,88,0.19,9.58,1.62,-0.04,-0.02,-0.00,-49.20,8.36,27.78,0,0,0,
2137,89,90,0.22,9.46,1.54,-0.04,-0.02,0.00,-48.11,7.13,27.04,0,0,0,
2144,89,89,0.14,9.47,1.67,-0.04,-0.02,-0.31,-49.56,8.71,29.04,0,0,0,
2150,89,89,0.14,9.47,1.67,-0.05,-0.03,-0.00,-49.47,8.43,27.11,0,0,0,
2156,88,89,0.20,9.54,1.63,-0.01,-0.03,0.00,-48.83,7.16,25.48,0,0,0,
2163,89,89,0.20,9.44,1.55,-0.03,-0.02,0.00,-49.27,8.62,27.95,0,0,0,
2169,89,89,0.20,9.44,1.55,-0.03,-0.02,0.00,-49.12,8.10,27.11,0,0,0,
2180,88,88,0.20,9.59,1.64,-0.07,-0.02,-0.00,-49.46,8.23,27.43,0,0,0,
2186,88,91,0.32,9.40,1.21,-0.07,0.00,0.00,-50.12,9.51,29.32,0,0,0,
2193,84,87,0.33,9.84,0.80,0.03,0.32,0.06,-49.28,8.21,27.19,0,0,0,
2199,92,89,-0.03,9.31,2.62,0.03,0.32,0.06,-49.21,7.86,26.91,0,0,0,
2205,92,89,-0.03,9.31,2.62,-0.23,0.26,0.05,-49.78,8.62,29.10,0,0,0,
2211,91,92,0.26,9.19,1.72,-0.04,0.08,0.02,-49.43,7.66,26.41,0,0,0,
2218,87,87,0.16,9.68,1.70,-0.04,0.16,0.03,-48.45,7.63,26.81,0,0,0,
2224,87,87,0.16,9.68,1.70,0.06,0.16,0.03,-49.24,8.77,28.85,0,0,0,
2235,90,89,0.14,9.43,1.87,-0.06,0.07,0.01,-49.12,6.50,25.72,0,0,0,
2242,89,88,0.12,9.55,1.52,-0.09,0.02,0.00,-49.65,7.64,27.02,0,0,0,
2248,85,88,0.33,9.78,1.32,-0.26,0.02,0.00,-50.09,8.77,27.39,0,0,0,
2255,94,92,0.07,9.02,2.32,-0.26,0.02,0.01,-49.43,7.70,25.65,0,0,0,
2261,94,92,0.07,9.02,2.32,-0.17,0.04,0.01,-49.71,7.78,26.85,0,0,0,
2273,90,89,0.15,9.45,1.72,0.01,0.02,0.00,-49.23,7.79,26.10,0,0,0,
2280,90,89,0.15,9.45,1.72,-0.02,0.02,0.00,-49.36,8.02,27.40,0,0,0,
2287,90,89,0.11,9.43,1.67,0.01,0.01,0.00,-49.88,9.41,27.01,0,0,0,
2299,89,88,0.12,9.49,1.49,0.02,0.01,0.01,-48.42,7.89,26.86,0,0,0,
2305,90,91,0.28,9.32,1.93,0.14,0.04,0.01,-49.53,8.99,29.04,0,0,0,
2311,89,87,0.06,9.56,1.51,0.25,0.09,0.02,-49.43,8.11,25.86,0,0,0,
2318,89,87,0.06,9.56,1.51,0.25,0.09,0.02,-49.68,7.73,26.88,0,0,0,
2324,87,88,0.27,9.63,1.76,0.13,0.04,0.02,-49.59,8.70,28.30,0,0,0,
2330,89,90,0.26,9.39,1.68,0.02,-0.01,0.00,-49.68,8.48,26.83,0,0,0,
2336,89,90,0.26,9.39,1.68,0.02,-0.01,0.00,-48.44,7.07,25.84,0,0,0,
2348,89,90,0.20,9.42,1.59,0.05,0.02,0.01,-50.53,9.25,27.93,0,0,0,
2355,89,90,0.20,9.42,1.59,0.05,0.02,0.01,-49.01,7.76,25.14,0,0,0,
2361,89,88,0.10,9.54,1.64,0.04,0.02,0.01,-49.31,8.33,27.23,0,0,0,
2367,88,89,0.21,9.52,1.69,-0.00,-0.01,0.00,-50.22,9.63,29.03,0,0,0,
2373,88,89,0.21,9.52,1.69,-0.00,-0.01,0.00,-49.49,8.17,26.66,0,0,0,
2380,90,90,0.18,9.39,1.63,0.02,-0.00,0.00,-49.77,8.35,26.66,0,0,0,
2386,88,88,0.17,9.58,1.66,0.02,-0.01,0.00,-49.85,9.75,28.37,0,0,0,
2392,88,88,0.17,9.58,1.66,0.02,-0.01,0.00,-49.23,8.13,27.57,0,0,0,
2403,89,89,0.18,9.46,1.67,0.01,-0.00,0.00,-49.75,8.73,28.44,0,0,0,
2478,88,88,0.18,9.56,1.66,0.01,-0.01,0.00,-49.50,8.42,27.05,0,0,0,
2606,89,90,0.20,9.41,1.62,0.01,-0.01,0.00,-49.58,9.97,29.67,0,0,0,
2613,89,90,0.20,9.41,1.62,0.00,-0.01,0.00,-49.25,8.54,26.94,0,0,0,
2619,89,89,0.17,9.50,1.65,0.01,-0.01,0.00,-49.34,8.33,28.59,0,0,0,
2625,88,89,0.20,9.54,1.67,0.00,-0.01,0.00,-49.36,9.60,30.11,0,0,0,
2632,88,89,0.20,9.54,1.67,0.00,-0.01,0.00,-49.50,8.40,26.79,0,0,0,
2643,88,88,0.17,9.59,1.68,0.01,-0.01,0.00,-49.39,8.59,28.19,0,0,0,
2649,88,88,0.17,9.59,1.68,0.00,-0.01,0.00,-49.17,8.32,26.40,0,0,0,
2655,90,90,0.19,9.41,1.64,0.00,-0.01,0.00,-49.12,6.71,25.55,0,0,0,
2662,89,89,0.17,9.50,1.64,0.01,-0.01,0.00,-49.40,7.76,28.25,0,0,0,
2668,89,89,0.17,9.50,1.64,0.01,-0.01,0.00,-50.20,9.09,28.63,0,0,0,
2674,88,88,0.19,9.56,1.66,0.00,-0.01,0.00,-49.56,7.48,26.44,0,0,0,
2680,88,88,0.19,9.56,1.63,0.00,-0.01,0.00,-49.09,8.49,27.68,0,0,0,
2686,90,90,0.20,9.38,1.63,0.01,-0.01,0.00,-50.48,9.21,29.67,0,0,0,
2698,88,88,0.17,9.58,1.69,0.01,-0.01,0.00,-48.85,6.72,27.46,0,0,0,
2704,89,89,0.20,9.44,1.65,0.00,-0.01,0.00,-49.74,8.20,29.14,0,0,0,
2710,89,89,0.19,9.48,1.63,0.01,-0.01,0.00,-49.97,7.92,27.35,0,0,0,
2717,88,88,0.19,9.58,1.67,0.01,-0.01,0.00,-49.30,6.80,26.66,0,0,0,
2723,88,88,0.17,9.58,1.67,-0.00,-0.01,0.00,-49.21,8.13,27.46,0,0,0,
2729,90,90,0.19,9.37,1.64,0.00,-0.01,0.00,-50.47,8.05,27.70,0,0,0,
2735,90,90,0.19,9.37,1.64,0.00,-0.01,0.00,-49.71,8.40,25.78,0,0,0,
2754,89,90,0.20,9.43,1.62,0.00,-0.01,0.00,-49.91,7.88,26.22,0,0,0,
2761,89,90,0.20,9.43,1.62,0.01,-0.01,0.00,-49.56,8.01,26.59,0,0,0,
2767,88,88,0.18,9.59,1.68,0.00,-0.01,0.00,-50.42,8.99,27.70,0,0,0,
2773,90,90,0.21,9.36,1.64,0.00,-0.01,0.00,-49.46,8.40,26.79,0,0,0,
2779,90,90,0.21,9.36,1.64,0.00,-0.01,0.00,-49.23,8.20,27.89,0,0,0,
2786,89,88,0.17,9.54,1.67,0.01,-0.01,0.00,-49.81,10.16,28.73,0,0,0,
2792,89,89,0.19,9.52,1.65,0.01,-0.01,0.00,-49.50,8.18,26.35,0,0,0,
2798,89,89,0.19,9.52,1.65,0.01,-0.01,0.00,-49.24,7.92,26.56,0,0,0,
2810,88,88,0.18,9.60,1.68,0.01,-0.01,0.00,-49.65,8.52,27.26,0,0,0,
2817,88,88,0.18,9.60,1.68,0.00,-0.01,0.00,-48.55,6.93,26.72,0,0,0,
2823,90,90,0.20,9.38,1.64,0.00,-0.01,0.00,-49.27,8.73,28.44,0,0,0,
2829,89,89,0.17,9.52,1.66,0.01,-0.01,0.00,-50.38,9.03,27.40,0,0,0,
2835,89,89,0.17,9.52,1.66,0.01,-0.01,0.00,-49.53,7.42,25.74,0,0,0,
2841,88,89,0.20,9.53,1.66,0.00,-0.01,0.00,-49.96,8.14,28.08,0,0,0,
2848,90,90,0.20,9.40,1.63,0.01,-0.01,0.00,-50.61,9.05,28.71,0,0,0,
2859,88,88,0.18,9.59,1.69,0.00,-0.01,0.00,-49.25,8.51,27.49,0,0,0,
2865,89,90,0.19,9.43,1.65,0.01,-0.01,0.00,-50.13,9.49,29.95,0,0,0,
2871,89,90,0.19,9.43,1.65,0.01,-0.01,0.00,-48.68,7.88,27.64,0,0,0,
2878,89,89,0.17,9.48,1.63,0.01,-0.01,0.00,-48.89,7.73,28.03,0,0,0,
2884,88,88,0.20,9.56,1.68,0.00,-0.01,0.00,-50.19,9.19,29.85,0,0,0,
2896,90,90,0.20,9.38,1.64,0.01,-0.01,0.00,-48.73,6.81,26.00,0,0,0,
2903,88,88,0.17,9.57,1.68,0.01,-0.01,0.00,-49.46,8.56,28.41,0,0,0,
2910,88,88,0.17,9.57,1.68,0.01,-0.01,0.00,-49.33,8.71,27.24,0,0,0,
2922,89,89,0.17,9.46,1.65,0.01,-0.01,0.00,-48.92,8.18,27.73,0,0,0,
2928,89,89,0.17,9.46,1.65,0.01,-0.01,0.00,-49.99,9.41,27.36,0,0,0,
2934,88,88,0.19,9.57,1.68,0.00,-0.01,0.00,-49.36,8.05,26.59,0,0,0,
2940,90,90,0.19,9.39,1.63,0.01,-0.01,0.00,-49.81,8.17,27.42,0,0,0,
2947,90,90,0.19,9.39,1.63,0.01,-0.01,0.00,-50.04,9.37,28.28,0,0,0,
2953,88,88,0.17,9.56,1.67,0.01,-0.01,0.00,-49.75,8.23,25.49,0,0,0,
2959,89,89,0.19,9.45,1.65,0.00,-0.01,0.00,-49.42,7.42,26.43,0,0,0,
2970,89,89,0.19,9.45,1.64,0.01,-0.01,0.00,-50.41,7.73,27.11,0,0,0,
2977,88,88,0.18,9.57,1.67,0.01,-0.01,0.00,-48.61,6.59,26.64,0,0,0,
2984,88,88,0.18,9.57,1.67,0.01,-0.01,0.00,-49.82,8.65,28.43,0,0,0,
2990,90,90,0.20,9.39,1.63,0.01,-0.01,0.00,-49.82,7.89,26.34,0,0,0,
2995,89,88,0.17,9.55,1.67,0.01,-0.01,0.00,-49.14,6.78,25.31,0,0,0,
3002,89,88,0.17,9.55,1.67,0.01,-0.01,0.00,-49.88,8.05,28.40,0,0,0,
3008,89,89,0.20,9.48,1.67,0.00,-0.01,0.00,-49.46,8.08,26.83,0,0,0,
3014,89,89,0.19,9.43,1.63,0.01,-0.01,0.00,-49.43,7.47,25.90,0,0,0,
3026,88,88,0.17,9.57,1.67,0.01,-0.01,0.00,-49.94,9.51,28.35,0,0,0,
3032,90,90,0.20,9.40,1.64,0.00,-0.01,0.00,-49.40,8.16,27.19,0,0,0,
3039,90,90,0.20,9.40,1.64,0.00,-0.01,0.00,-49.33,7.50,27.38,0,0,0,
3045,89,89,0.18,9.53,1.66,0.01,-0.01,0.00,-49.44,8.27,28.05,0,0,0,
3051,89,89,0.18,9.51,1.67,0.00,-0.01,0.00,-49.53,7.91,27.35,0,0,0,
3065,90,90,0.19,9.41,1.62,0.01,-0.01,0.00,-49.69,8.33,32.56,0,0,0,
3071,88,88,0.18,9.60,1.68,0.01,-0.01,0.00,-49.74,8.05,27.84,0,0,0,
3082,89,90,0.21,9.42,1.65,0.00,-0.01,0.00,-49.42,8.35,28.65,0,0,0,
3089,89,89,0.17,9.48,1.67,0.01,-0.01,0.00,-50.38,8.30,27.10,0,0,0,
3094,89,89,0.17,9.48,1.67,0.01,-0.01,0.00,-49.50,8.04,25.43,0,0,0,
3101,88,88,0.19,9.55,1.67,0.01,-0.01,0.00,-50.09,8.52,28.22,0,0,0,
3107,90,90,0.20,9.39,1.61,0.01,-0.01,0.00,-50.20,9.53,27.93,0,0,0,
3113,90,90,0.20,9.39,1.61,0.01,-0.01,0.00,-48.99,8.68,26.56,0,0,0,
3119,88,88,0.17,9.58,1.68,0.00,-0.01,0.00,-48.58,8.45,26.76,0,0,0,
3126,89,90,0.20,9.43,1.66,0.00,-0.01,0.00,-49.69,9.25,28.49,0,0,0,
3137,89,89,0.18,9.47,1.65,0.01,-0.01,0.00,-48.68,7.97,26.73,0,0,0,
3143,88,88,0.18,9.57,1.67,0.00,-0.01,0.00,-48.76,8.13,28.24,0,0,0,
3149,88,88,0.18,9.57,1.67,0.00,-0.01,0.00,-49.59,8.14,28.22,0,0,0,
3156,90,90,0.20,9.40,1.62,0.01,-0.01,0.00,-48.16,6.87,25.37,0,0,0,
3162,88,88,0.17,9.56,1.68,0.01,-0.01,0.00,-49.52,8.24,27.24,0,0,0,
3169,88,88,0.17,9.56,1.68,0.01,-0.01,0.00,-50.03,9.12,27.27,0,0,0,
3174,89,89,0.19,9.45,1.66,0.00,-0.01,-0.00,-49.36,8.26,25.83,0,0,0,
3186,89,89,0.17,9.44,1.63,0.01,-0.01,0.00,-50.57,10.06,29.17,0,0,0,
3193,88,88,0.17,9.59,1.67,0.00,-0.01,0.00,-50.06,8.30,26.18,0,0,0,
3199,89,90,0.21,9.40,1.63,0.01,-0.01,0.00,-49.12,8.10,27.26,0,0,0,
3205,89,90,0.21,9.40,1.63,0.01,-0.01,0.00,-50.09,9.28,29.57,0,0,0,
3211,89,88,0.18,9.54,1.67,0.01,-0.01,0.00,-50.23,8.74,26.95,0,0,0,
3218,89,89,0.18,9.48,1.67,0.00,-0.01,0.00,-49.11,7.67,26.98,0,0,0,
3232,90,90,0.18,9.42,1.63,0.01,-0.01,0.00,-50.01,8.55,26.88,0,0,0,
3238,88,88,0.18,9.59,1.67,0.01,-0.01,0.00,-48.74,7.67,27.33,0,0,0,
3249,89,90,0.21,9.40,1.64,0.00,-0.01,0.00,-49.40,8.10,26.70,0,0,0,
3257,89,89,0.18,9.51,1.66,0.01,-0.01,0.00,-48.82,7.12,24.63,0,0,0,
3263,89,89,0.19,9.52,1.66,0.01,-0.01,0.00,-49.36,8.55,26.88,0,0,0,
3269,89,89,0.19,9.52,1.66,0.00,-0.01,0.00,-50.04,8.86,26.47,0,0,0,
3275,90,90,0.19,9.40,1.62,0.01,-0.01,0.00,-49.82,8.54,24.83,0,0,0,
3281,88,88,0.18,9.57,1.67,0.01,-0.01,0.00,-49.36,8.58,27.54,0,0,0,
3288,88,88,0.18,9.57,1.67,0.00,-0.01,0.00,-49.90,9.27,26.76,0,0,0,
3294,89,90,0.21,9.44,1.64,0.00,-0.01,0.00,-49.82,8.43,25.88,0,0,0,
3304,89,89,0.17,9.49,1.63,0.01,-0.01,0.00,-49.82,8.77,26.94,0,0,0,
3310,88,88,0.18,9.55,1.66,0.00,-0.01,0.00,-49.87,8.37,27.07,0,0,0,
3317,88,88,0.18,9.55,1.66,0.00,-0.01,0.00,-48.76,6.87,24.55,0,0,0,
3323,90,90,0.20,9.38,1.62,0.01,-0.01,0.00,-49.59,9.11,26.79,0,0,0,
3329,88,88,0.18,9.57,1.67,0.01,-0.01,0.00,-49.99,8.26,26.75,0,0,0,
3335,88,88,0.18,9.57,1.67,0.01,-0.01,0.00,-49.72,8.14,25.65,0,0,0,
3342,89,89,0.21,9.46,1.64,0.01,-0.01,0.00,-49.58,8.55,27.17,0,0,0,
3354,89,89,0.19,9.45,1.62,0.01,-0.01,0.00,-49.36,8.24,26.18,0,0,0,
3360,88,88,0.19,9.57,1.69,0.00,-0.01,0.00,-49.46,8.29,26.66,0,0,0,
3366,90,90,0.21,9.38,1.63,0.01,-0.01,0.00,-49.63,9.73,28.98,0,0,0,
3372,90,90,0.21,9.38,1.63,0.01,-0.01,0.00,-49.44,8.59,26.83,0,0,0,
3379,88,88,0.17,9.57,1.66,0.01,-0.01,0.00,-48.83,8.36,27.54,0,0,0,
3385,89,89,0.19,9.47,1.65,0.00,-0.01,0.00,-49.81,9.19,29.61,0,0,0,
3398,89,89,0.18,9.44,1.62,0.01,-0.01,0.00,-49.63,8.52,26.83,0,0,0,
3404,88,88,0.18,9.58,1.69,0.00,-0.01,0.00,-49.11,8.65,28.54,0,0,0,
3416,90,90,0.20,9.38,1.62,0.01,-0.01,0.00,-49.12,8.04,25.30,0,0,0,
3423,88,88,0.18,9.55,1.65,0.01,-0.01,0.00,-48.73,9.21,28.33,0,0,0,
3429,89,89,0.20,9.50,1.66,0.01,-0.01,0.00,-49.74,8.83,26.57,0,0,0,
3435,89,89,0.20,9.50,1.66,0.00,-0.01,0.00,-48.85,7.60,24.96,0,0,0,
3442,90,90,0.19,9.41,1.64,0.01,-0.01,0.00,-49.23,9.60,27.48,0,0,0,
3449,88,88,0.17,9.59,1.68,0.01,-0.01,0.00,-49.84,8.64,27.19,0,0,0,
3455,88,88,0.17,9.59,1.68,0.01,-0.01,0.00,-49.18,8.32,26.45,0,0,0,
3466,89,90,0.20,9.41,1.62,0.01,-0.01,0.00,-49.66,10.06,30.18,0,0,0,
3472,89,89,0.17,9.51,1.64,0.01,-0.01,0.00,-49.52,9.05,26.18,0,0,0,
3479,88,89,0.20,9.54,1.69,0.00,-0.01,0.00,-49.20,8.16,27.76,0,0,0,
3484,90,90,0.20,9.37,1.62,0.00,-0.01,0.00,-49.55,8.94,28.41,0,0,0,
3490,90,90,0.20,9.37,1.62,0.01,-0.01,0.00,-49.78,8.70,27.67,0,0,0,
3496,88,88,0.17,9.61,1.67,0.01,-0.01,0.00,-49.08,7.54,25.37,0,0,0,
3503,89,90,0.21,9.43,1.63,0.01,-0.01,0.00,-49.40,9.02,27.40,0,0,0,
3509,89,90,0.21,9.43,1.63,0.00,-0.01,0.00,-49.81,9.18,27.24,0,0,0,
3520,89,89,0.19,9.48,1.64,0.01,-0.01,0.00,-48.83,8.61,27.17,0,0,0,
3527,88,88,0.18,9.55,1.70,-0.00,-0.01,0.00,-49.80,10.01,26.89,0,0,0,
3533,90,90,0.19,9.37,1.61,0.01,-0.01,0.00,-48.93,9.11,25.46,0,0,0,
3540,90,90,0.19,9.37,1.61,0.01,-0.01,0.00,-49.90,8.27,27.45,0,0,0,
3545,88,88,0.17,9.61,1.65,0.01,-0.01,0.00,-49.30,9.24,28.49,0,0,0,
3551,89,90,0.21,9.42,1.65,-0.00,-0.01,0.00,-49.33,8.83,26.70,0,0,0,
3565,89,89,0.19,9.44,1.65,0.01,-0.01,0.00,-49.93,8.56,28.28,0,0,0,
3576,88,88,0.18,9.57,1.67,0.00,-0.01,0.00,-49.33,7.15,25.97,0,0,0,
3582,90,90,0.21,9.39,1.61,0.01,-0.01,0.00,-49.37,8.20,27.08,0,0,0,
3588,88,88,0.17,9.58,1.65,0.01,-0.01,0.00,-49.28,8.61,27.30,0,0,0,
3594,88,88,0.17,9.58,1.65,0.01,-0.01,0.00,-49.02,7.75,26.06,0,0,0,
3602,89,89,0.20,9.46,1.66,0.00,-0.01,0.00,-49.08,8.30,27.43,0,0,0,
3608,89,90,0.19,9.42,1.63,0.01,-0.01,0.00,-50.28,9.76,28.22,0,0,0,
3614,89,90,0.19,9.42,1.68,0.01,-0.01,0.00,-49.68,4.75,25.24,0,0,0,
3620,88,88,0.19,9.58,1.68,0.00,-0.01,0.00,-49.50,8.42,26.32,0,0,0,
3631,90,90,0.20,9.40,1.63,0.01,-0.01,0.00,-49.56,8.67,26.75,0,0,0,
3638,88,88,0.18,9.54,1.66,0.01,-0.01,0.00,-49.27,7.51,26.00,0,0,0,
3644,89,89,0.21,9.50,1.67,0.00,-0.01,0.00,-50.25,8.55,28.53,0,0,0,
3650,89,89,0.21,9.50,1.67,0.00,-0.01,0.00,-49.34,8.62,26.63,0,0,0,
3657,90,90,0.19,9.40,1.64,0.01,-0.01,0.00,-49.20,7.34,26.91,0,0,0,
3663,88,88,0.17,9.57,1.68,0.01,-0.01,0.00,-49.63,8.36,27.71,0,0,0,
3669,91,91,0.17,9.27,1.63,0.01,-0.01,0.00,-49.72,8.40,26.70,0,0,0,
3681,89,89,0.17,9.52,1.66,0.01,-0.01,0.00,-49.49,8.36,27.83,0,0,0,
3687,89,89,0.17,9.52,1.66,0.01,-0.01,0.00,-50.18,9.82,28.75,0,0,0,
3694,89,89,0.19,9.52,1.66,0.00,-0.01,0.00,-49.56,8.42,26.06,0,0,0,
3700,90,90,0.17,9.40,1.62,0.01,-0.01,0.00,-49.53,8.67,28.02,0,0,0,
3706,90,90,0.17,9.40,1.62,0.01,-0.01,0.00,-50.44,10.46,28.75,0,0,0,
3712,88,88,0.17,9.57,1.67,0.01,-0.01,0.00,-49.47,8.90,27.65,0,0,0,
3726,89,89,0.19,9.49,1.64,0.01,-0.01,0.00,-49.81,9.40,28.54,0,0,0,
3732,89,89,0.19,9.49,1.64,0.01,-0.01,0.00,-49.12,8.54,26.73,0,0,0,
3744,90,90,0.20,9.40,1.63,0.00,-0.01,0.00,-49.78,9.09,28.06,0,0,0,
3750,90,90,0.20,9.40,1.63,0.01,-0.01,0.00,-49.82,8.81,27.89,0,0,0,
3757,88,88,0.17,9.57,1.67,0.01,-0.01,0.00,-49.36,7.97,26.97,0,0,0,
3763,89,89,0.20,9.44,1.64,0.00,-0.01,0.00,-49.69,8.90,28.02,0,0,0,
3769,89,89,0.20,9.44,1.64,0.00,-0.01,0.00,-49.77,8.99,27.36,0,0,0,
3775,89,89,0.19,9.47,1.64,0.01,-0.01,0.00,-49.53,7.69,26.25,0,0,0,
3782,88,88,0.18,9.56,1.68,0.00,-0.01,0.00,-49.39,8.48,28.53,0,0,0,
3793,90,90,0.20,9.40,1.62,0.01,-0.01,0.00,-49.78,8.33,27.76,0,0,0,
3800,88,88,0.17,9.56,1.67,0.01,-0.01,0.00,-49.17,8.46,27.71,0,0,0,
3806,88,88,0.17,9.56,1.67,0.01,-0.01,0.00,-49.43,9.51,29.49,0,0,0,
3812,89,89,0.21,9.47,1.65,0.00,-0.01,0.00,-49.85,8.18,27.19,0,0,0,
3819,89,89,0.19,9.45,1.62,0.01,-0.01,0.00,-49.53,8.23,27.13,0,0,0,
3825,89,89,0.19,9.45,1.62,0.01,-0.01,0.00,-49.82,9.34,29.17,0,0,0,
3831,88,88,0.18,9.58,1.69,0.00,-0.01,0.00,-49.97,8.01,26.92,0,0,0,
3837,90,90,0.20,9.39,1.63,0.01,-0.01,0.00,-48.63,7.23,26.50,0,0,0,
3848,89,88,0.17,9.55,1.65,0.01,-0.01,0.00,-50.13,8.87,27.80,0,0,0,
3855,89,89,0.20,9.50,1.66,0.00,-0.01,0.00,-49.12,7.12,24.88,0,0,0,
3861,89,89,0.20,9.50,1.66,0.00,-0.01,0.00,-49.40,8.35,27.04,0,0,0,
3867,89,89,0.19,9.43,1.62,0.01,-0.01,0.00,-50.12,9.53,27.92,0,0,0,
3874,88,88,0.17,9.58,1.68,0.00,-0.01,0.00,-49.53,7.80,26.88,0,0,0,
3880,88,88,0.17,9.58,1.68,0.00,-0.01,0.00,-50.34,8.52,28.14,0,0,0,
3894,89,89,0.18,9.52,1.64,0.01,-0.01,0.00,-49.24,8.10,26.47,0,0,0,
3905,89,89,0.19,9.52,1.67,0.00,-0.01,0.00,-50.06,9.51,29.22,0,0,0,
3911,90,90,0.20,9.40,1.63,0.01,-0.01,0.00,-49.47,8.24,26.59,0,0,0,
3918,90,90,0.20,9.40,1.63,0.01,-0.01,0.00,-49.62,8.04,26.72,0,0,0,
3924,88,88,0.17,9.59,1.68,0.00,-0.01,0.00,-49.52,8.80,27.61,0,0,0,
3930,89,90,0.21,9.42,1.64,0.00,-0.01,0.00,-49.47,7.86,27.32,0,0,0,
3936,89,90,0.21,9.42,1.64,0.00,-0.01,0.00,-49.20,7.51,24.69,0,0,0,
3943,89,89,0.17,9.48,1.64,0.01,-0.01,0.00,-49.87,8.49,27.55,0,0,0,
3949,88,89,0.19,9.54,1.67,0.00,-0.01,0.00,-49.36,8.13,26.88,0,0,0,
3960,90,90,0.20,9.39,1.62,0.01,-0.01,0.00,-48.93,7.75,27.77,0,0,0,
3966,88,88,0.17,9.59,1.68,0.01,-0.01,0.00,-50.04,9.41,28.66,0,0,0,
3973,88,88,0.17,9.59,1.68,0.01,-0.01,0.00,-49.56,8.54,27.24,0,0,0,
3979,89,90,0.20,9.43,1.65,0.00,-0.01,0.00,-49.18,8.02,27.04,0,0,0,
3985,89,89,0.19,9.47,1.62,0.01,-0.01,0.00,-49.39,8.96,29.73,0,0,0,
3991,89,89,0.19,9.47,1.62,0.01,-0.01,0.00,-49.37,8.49,26.54,0,0,0,
3998,88,88,0.19,9.57,1.67,0.00,-0.01,0.00,-48.79,7.31,26.70,0,0,0,
4009,90,90,0.20,9.39,1.63,0.01,-0.01,0.00,-49.46,8.26,27.87,0,0,0,
4015,88,88,0.18,9.54,1.66,0.01,-0.01,0.00,-49.81,7.57,26.37,0,0,0,
4021,89,89,0.20,9.47,1.65,0.01,-0.01,0.00,-49.50,8.54,27.42,0,0,0,
4027,89,89,0.20,9.47,1.65,0.00,-0.01,0.00,-50.31,8.84,28.03,0,0,0,
4034,89,89,0.18,9.44,1.62,0.01,-0.01,0.00,-49.34,8.17,26.75,0,0,0,
4040,88,88,0.19,9.56,1.68,0.00,-0.01,0.00,-49.55,8.71,27.84,0,0,0,
4046,88,88,0.19,9.56,1.68,0.00,-0.01,0.00,-49.97,10.26,29.77,0,0,0,
4059,89,89,0.18,9.52,1.66,0.01,-0.01,0.00,-49.75,8.71,28.30,0,0,0,
4071,89,89,0.20,9.51,1.65,0.00,-0.01,0.00,-49.87,8.27,27.04,0,0,0,
4078,89,90,0.20,9.43,1.61,0.01,-0.01,0.00,-49.36,7.57,26.43,0,0,0,
4084,89,90,0.20,9.43,1.61,0.01,-0.01,0.00,-49.36,8.87,28.65,0,0,0,
4090,88,88,0.18,9.57,1.67,-0.00,-0.01,0.00,-49.99,8.45,27.01,0,0,0,
4097,90,90,0.20,9.39,1.65,0.00,-0.01,0.00,-48.99,6.83,26.41,0,0,0,
4103,90,90,0.20,9.39,1.65,0.00,-0.01,0.00,-49.25,8.26,26.95,0,0,0,
4109,89,89,0.17,9.50,1.65,0.01,-0.01,0.00,-49.43,9.09,27.24,0,0,0,
4120,88,89,0.20,9.53,1.66,0.00,-0.01,0.00,-50.03,8.55,26.91,0,0,0,
4127,90,90,0.19,9.40,1.63,0.01,-0.01,0.00,-50.50,10.08,28.78,0,0,0,
4134,88,88,0.18,9.57,1.68,0.00,-0.01,0.00,-49.69,7.63,26.63,0,0,0,
4140,88,88,0.18,9.57,1.68,0.00,-0.01,0.00,-49.97,7.64,26.59,0,0,0,
4146,89,90,0.20,9.43,1.64,0.00,-0.01,0.00,-50.35,9.40,29.10,0,0,0,
4152,89,89,0.18,9.48,1.64,0.01,-0.01,0.00,-49.91,7.85,26.76,0,0,0,
4159,89,89,0.18,9.48,1.64,0.01,-0.01,0.00,-49.18,7.85,26.45,0,0,0,
4165,88,89,0.20,9.54,1.67,0.00,-0.01,0.00,-49.85,8.56,29.29,0,0,0,
4176,90,90,0.20,9.40,1.63,0.01,-0.01,0.00,-48.29,6.78,24.95,0,0,0,
4182,88,88,0.18,9.57,1.67,0.00,-0.00,0.00,-49.36,8.56,27.46,0,0,0,
4189,89,89,0.20,9.45,1.65,0.00,-0.01,0.00,-49.93,8.83,26.86,0,0,0,
4195,89,89,0.20,9.45,1.65,0.00,-0.01,0.00,-49.33,7.63,25.72,0,0,0,
4201,89,89,0.17,9.43,1.63,0.02,-0.01,0.00,-49.17,8.70,27.68,0,0,0,
4207,88,88,0.19,9.56,1.68,0.03,-0.02,0.00,-49.88,10.38,28.75,0,0,0,
4221,89,90,0.24,9.42,1.65,0.02,-0.01,0.00,-49.27,8.61,27.21,0,0,0,
4233,88,88,0.20,9.61,1.78,-0.01,0.00,0.00,-49.63,8.16,26.62,0,0,0,
4240,90,89,0.15,9.41,1.56,-0.14,-0.10,-0.02,-48.80,8.24,27.80,0,0,0,
4246,89,89,0.18,9.43,1.61,-0.01,-0.01,-0.00,-49.18,9.08,28.68,0,0,0,
4252,89,89,0.18,9.43,1.61,-0.01,-0.01,-0.00,-48.86,8.61,26.21,0,0,0,
4259,88,88,0.16,9.56,1.67,-0.01,-0.02,0.00,-48.66,7.86,26.37,0,0,0,
4265,90,90,0.20,9.40,1.64,0.00,-0.02,0.00,-49.61,9.22,29.55,0,0,0,
4271,88,88,0.18,9.54,1.67,0.00,-0.02,0.00,-48.99,8.39,26.83,0,0,0,
4277,88,88,0.18,9.54,1.67,0.01,-0.01,0.00,-48.20,7.15,25.59,0,0,0,
4288,89,89,0.20,9.48,1.70,-0.01,-0.01,0.00,-49.37,8.54,27.01,0,0,0,
4295,90,90,0.19,9.40,1.63,0.01,-0.00,0.00,-48.85,7.92,24.92,0,0,0,
4301,88,88,0.17,9.57,1.70,0.00,-0.01,0.00,-49.15,9.00,27.05,0,0,0,
4307,88,88,0.17,9.57,1.70,0.00,-0.01,0.00,-50.04,10.08,28.81,0,0,0,
4314,90,90,0.20,9.39,1.64,0.00,-0.01,0.00,-48.93,8.23,26.47,0,0,0,
4320,89,89,0.17,9.50,1.68,0.01,-0.01,0.00,-49.12,8.58,27.39,0,0,0,
4326,89,89,0.19,9.51,1.68,0.01,-0.01,0.00,-49.34,9.69,28.54,0,0,0,
4338,90,90,0.19,9.40,1.64,0.01,-0.01,0.00,-48.09,7.56,25.99,0,0,0,
4344,90,90,0.19,9.40,1.64,0.01,-0.01,0.00,-49.42,9.12,27.64,0,0,0,
4351,88,88,0.18,9.58,1.69,0.00,-0.01,0.00,-49.53,8.26,27.24,0,0,0,
4357,89,90,0.20,9.42,1.67,0.00,-0.01,0.00,-48.73,7.19,26.12,0,0,0,
4363,89,90,0.20,9.42,1.67,0.00,-0.01,0.00,-49.46,8.81,27.90,0,0,0,
4369,89,89,0.18,9.49,1.66,0.01,-0.01,0.00,-49.52,9.13,27.38,0,0,0,
4375,88,89,0.19,9.54,1.69,0.00,-0.01,0.00,-48.57,7.09,25.83,0,0,0,
4388,90,90,0.20,9.40,1.65,0.01,-0.01,0.00,-49.71,9.30,27.80,0,0,0,
4400,89,89,0.17,9.45,1.65,0.01,-0.01,0.00,-49.05,8.56,27.42,0,0,0,
4406,89,89,0.20,9.45,1.65,0.00,-0.01,0.00,-49.34,9.65,29.10,0,0,0,
4413,89,89,0.19,9.46,1.65,0.01,-0.01,0.00,-49.15,8.73,26.60,0,0,0,
4419,88,88,0.17,9.55,1.70,0.01,-0.01,0.00,-48.99,8.33,26.63,0,0,0,
4425,88,88,0.17,9.55,1.70,0.00,-0.01,0.00,-49.12,8.89,29.11,0,0,0,
4431,90,90,0.19,9.41,1.64,0.01,-0.01,0.00,-49.06,8.61,27.01,0,0,0,
4438,88,88,0.17,9.57,1.68,0.01,-0.01,0.00,-48.64,7.53,25.74,0,0,0,
4449,90,90,0.20,9.40,1.68,-0.00,-0.01,0.00,-49.49,8.54,26.98,0,0,0,
4455,90,90,0.20,9.40,1.67,-0.00,-0.01,0.00,-48.80,7.61,24.73,0,0,0,
4461,89,89,0.18,9.53,1.67,0.02,-0.01,0.00,-49.33,8.84,23.00,0,0,0,
4467,89,89,0.19,9.51,1.67,0.00,-0.01,0.00,-49.74,9.50,27.52,0,0,0,
4474,89,90,0.19,9.43,1.66,0.00,-0.01,0.00,-49.12,8.45,26.19,0,0,0,
4480,89,90,0.19,9.43,1.66,0.01,-0.01,0.00,-48.98,8.51,27.01,0,0,0,
4486,89,89,0.18,9.52,1.67,0.01,-0.01,0.00,-49.14,9.53,28.24,0,0,0,
4492,89,89,0.18,9.52,1.67,0.01,-0.01,0.00,-49.08,8.13,25.59,0,0,0,
4503,89,89,0.17,9.45,1.67,0.01,-0.01,0.00,-49.37,8.58,28.35,0,0,0,
4511,89,89,0.17,9.45,1.67,0.01,-0.01,0.00,-49.44,8.52,26.64,0,0,0,
4517,88,89,0.19,9.53,1.68,0.01,-0.01,0.00,-45.48,8.07,26.88,0,0,0,
4523,89,90,0.21,9.43,1.67,0.00,-0.01,0.00,-49.69,8.97,27.20,0,0,0,
4530,89,89,0.18,9.48,1.67,0.00,-0.01,0.00,-49.23,8.86,27.07,0,0,0,
4536,89,89,0.18,9.48,1.67,0.01,-0.01,0.00,-48.68,7.18,23.97,0,0,0,
4542,89,89,0.18,9.51,1.69,0.00,-0.01,0.00,-49.44,8.65,27.62,0,0,0,
4561,88,88,0.17,9.55,1.68,0.00,-0.01,0.00,-49.09,8.80,26.28,0,0,0,
4567,89,89,0.20,9.45,1.68,0.00,-0.01,0.00,-49.78,9.43,26.88,0,0,0,
4574,89,89,0.20,9.45,1.68,0.00,-0.01,0.00,-49.42,7.91,25.96,0,0,0,
4580,89,89,0.18,9.46,1.66,0.01,-0.01,0.00,-49.14,7.88,26.91,0,0,0,
4586,88,88,0.20,9.55,1.68,0.00,-0.01,0.00,-49.46,9.78,29.19,0,0,0,
4592,88,88,0.20,9.55,1.68,0.00,-0.01,0.00,-49.68,8.56,26.97,0,0,0,
4599,89,90,0.21,9.41,1.65,0.01,-0.01,0.00,-49.31,8.35,28.03,0,0,0,
4605,88,88,0.17,9.55,1.69,0.01,-0.01,0.00,-49.21,8.67,28.46,0,0,0,
4616,89,89,0.20,9.47,1.67,0.00,-0.01,0.00,-48.80,7.25,25.34,0,0,0,
4623,89,89,0.18,9.44,1.66,0.00,-0.01,0.00,-49.46,8.62,26.37,0,0,0,
4629,89,89,0.18,9.44,1.66,0.01,-0.01,0.00,-48.63,8.52,27.26,0,0,0,
4636,88,88,0.18,9.57,1.71,0.00,-0.01,0.00,-48.45,7.64,23.68,0,0,0,
4642,90,90,0.20,9.39,1.65,0.01,-0.01,0.00,-48.89,8.52,26.28,0,0,0,
4648,90,90,0.20,9.39,1.65,0.01,-0.01,0.00,-49.75,9.78,26.98,0,0,0,
4654,89,88,0.17,9.53,1.69,0.01,-0.01,0.00,-48.77,8.30,25.36,0,0,0,
4666,89,89,0.21,9.47,1.67,0.00,-0.01,0.00,-49.90,9.88,28.85,0,0,0,
4672,89,90,0.19,9.42,1.64,0.01,-0.01,0.00,-49.99,8.97,27.20,0,0,0,
4678,88,88,0.18,9.58,1.71,0.01,-0.01,0.00,-48.80,7.67,26.64,0,0,0,
4684,88,88,0.18,9.58,1.71,0.00,-0.01,0.00,-48.93,8.96,28.52,0,0,0,
4691,90,90,0.20,9.38,1.64,0.01,-0.01,0.00,-48.99,9.44,28.03,0,0,0,
4697,89,89,0.19,9.53,1.67,0.01,-0.01,0.00,-48.89,10.76,27.11,0,0,0,
4703,89,89,0.19,9.53,1.67,0.01,-0.01,0.00,-49.36,8.55,28.47,0,0,0,
4716,90,90,0.19,9.42,1.65,0.01,-0.01,0.00,-48.42,7.37,24.69,0,0,0,
4729,88,88,0.16,9.58,1.70,0.00,-0.01,0.00,-49.56,9.40,27.59,0,0,0,
4736,90,90,0.20,9.39,1.65,0.00,-0.01,0.00,-48.73,7.10,25.30,0,0,0,
4742,90,90,0.20,9.39,1.65,0.00,-0.01,0.00,-49.18,8.01,27.77,0,0,0,
4748,89,89,0.18,9.51,1.67,0.01,-0.01,0.00,-49.84,9.44,27.33,0,0,0,
4755,88,89,0.19,9.53,1.70,0.00,-0.01,0.00,-49.04,7.73,26.00,0,0,0,
4761,90,90,0.19,9.38,1.65,0.00,-0.01,0.00,-49.69,8.30,27.39,0,0,0,
4767,90,90,0.19,9.38,1.65,0.01,-0.01,0.00,-49.94,9.92,29.00,0,0,0,
4778,88,88,0.17,9.57,1.69,0.01,-0.01,0.00,-48.57,7.32,26.43,0,0,0,
4784,89,90,0.20,9.42,1.66,0.00,-0.01,0.00,-49.40,8.68,28.97,0,0,0,
4791,89,89,0.18,9.47,1.67,0.01,-0.01,0.00,-49.27,8.68,27.40,0,0,0,
4797,89,89,0.18,9.47,1.67,0.01,-0.01,0.00,-48.86,6.78,25.65,0,0,0,
4803,88,88,0.18,9.55,1.71,0.00,-0.01,0.00,-49.05,8.97,26.78,0,0,0,
4809,90,90,0.19,9.38,1.65,0.01,-0.01,0.00,-49.65,8.68,27.38,0,0,0,
4816,90,90,0.19,9.38,1.65,0.01,-0.01,0.00,-48.98,6.99,27.04,0,0,0,
4822,88,88,0.17,9.57,1.67,0.01,-0.01,0.00,-49.06,8.54,27.46,0,0,0,
4833,89,89,0.20,9.45,1.66,0.00,-0.01,0.00,-49.39,8.26,26.82,0,0,0,
4839,89,89,0.19,9.44,1.66,0.01,-0.01,0.00,-49.20,7.35,27.78,0,0,0,
4846,88,88,0.18,9.56,1.70,0.01,-0.01,0.00,-49.52,9.21,28.98,0,0,0,
4852,88,88,0.18,9.56,1.70,0.01,-0.01,0.00,-49.15,7.86,27.43,0,0,0,
4858,90,90,0.20,9.40,1.64,0.01,-0.01,0.00,-48.55,7.72,26.92,0,0,0,
4864,89,88,0.18,9.54,1.69,0.01,-0.01,0.00,-49.88,8.26,27.96,0,0,0,
4870,89,88,0.18,9.54,1.69,0.01,-0.01,0.00,-48.76,8.14,26.41,0,0,0,
4882,89,89,0.18,9.43,1.65,0.01,-0.01,0.00,-49.59,8.80,27.45,0,0,0,
4895,88,88,0.17,9.58,1.70,0.00,-0.01,0.00,-49.52,7.56,25.53,0,0,0,
4901,90,90,0.20,9.39,1.65,0.00,-0.01,0.00,-49.46,8.07,27.89,0,0,0,
4907,90,90,0.20,9.39,1.65,0.00,-0.01,0.00,-50.09,9.34,29.52,0,0,0,
4915,89,88,0.17,9.53,1.69,0.01,-0.01,0.00,-49.47,8.26,25.88,0,0,0,
4921,89,89,0.19,9.49,1.69,0.00,-0.01,0.00,-49.28,8.11,27.61,0,0,0,
4927,89,89,0.19,9.49,1.69,0.00,-0.01,0.00,-50.10,9.62,29.20,0,0,0,
4933,90,90,0.18,9.41,1.65,0.01,-0.01,0.00,-49.66,8.23,27.73,0,0,0,
4944,88,88,0.19,9.57,1.70,0.00,-0.01,0.00,-49.50,8.45,27.87,0,0,0,
4951,90,90,0.20,9.40,1.66,0.00,-0.01,0.00,-49.23,8.58,27.02,0,0,0,
4957,89,89,0.18,9.51,1.67,0.01,-0.01,0.00,-48.92,6.90,26.62,0,0,0,
4963,89,89,0.18,9.51,1.67,0.01,-0.01,0.00,-49.37,8.54,27.58,0,0,0,
4970,89,89,0.19,9.51,1.69,0.00,-0.01,0.00,-50.12,9.13,27.01,0,0,0,
4976,90,90,0.19,9.40,1.64,0.01,-0.01,0.00,-49.42,7.69,25.29,0,0,0,
4982,90,90,0.19,9.40,1.64,0.01,-0.01,0.00,-49.47,8.80,26.34,0,0,0,
4988,88,88,0.18,9.56,1.70,0.00,-0.01,0.00,-50.44,9.69,25.94,0,0,0,
5000,89,90,0.20,9.42,1.67,0.01,-0.01,0.00,-49.14,8.04,26.62,0,0,0,
5007,89,89,0.17,9.48,1.66,0.01,-0.01,0.00,-49.93,9.41,28.38,0,0,0,
5013,89,89,0.19,9.53,1.71,-0.00,-0.01,0.00,-49.30,8.20,27.51,0,0,0,
5019,89,89,0.19,9.53,1.71,-0.00,-0.01,0.00,-49.06,8.01,27.61,0,0,0,
5025,90,90,0.19,9.39,1.65,0.01,-0.01,0.00,-49.24,8.54,29.23,0,0,0,
5032,89,88,0.17,9.55,1.69,0.00,-0.01,0.00,-49.81,8.58,26.79,0,0,0,
5038,89,88,0.17,9.55,1.69,0.00,-0.01,0.00,-48.44,6.88,26.24,0,0,0,
5057,88,88,0.17,9.55,1.69,0.01,-0.01,0.00,-49.24,7.18,26.62,0,0,0,
5063,88,88,0.18,9.55,1.69,0.00,-0.01,0.00,-49.17,8.86,27.23,0,0,0,
5070,90,90,0.20,9.40,1.65,0.01,-0.01,0.00,-49.43,9.32,28.35,0,0,0,
5076,89,88,0.17,9.54,1.70,0.01,-0.01,0.00,-48.73,8.26,25.61,0,0,0,
5082,89,88,0.17,9.54,1.70,0.01,-0.01,0.00,-48.87,9.12,27.17,0,0,0,
5088,89,89,0.19,9.46,1.70,0.00,-0.01,0.00,-49.94,10.10,27.80,0,0,0,
5095,89,89,0.17,9.45,1.65,0.01,-0.01,0.00,-49.25,7.89,24.03,0,0,0,
5101,89,89,0.17,9.45,1.65,0.01,-0.01,0.00,-49.33,8.83,26.76,0,0,0,
5113,90,90,0.20,9.39,1.66,0.00,-0.01,0.00,-49.68,8.46,26.31,0,0,0,
5119,90,90,0.20,9.39,1.66,0.00,-0.01,0.00,-49.63,8.55,27.48,0,0,0,
5125,89,89,0.17,9.51,1.69,0.01,-0.01,0.00,-49.30,8.62,28.46,0,0,0,
5132,89,89,0.19,9.49,1.70,0.00,-0.01,0.00,-49.27,8.59,27.38,0,0,0,
5138,89,89,0.19,9.49,1.70,0.00,-0.01,0.00,-48.99,7.69,26.31,0,0,0,
5144,89,90,0.20,9.42,1.65,0.01,-0.01,0.00,-49.12,8.83,28.95,0,0,0,
5150,88,88,0.18,9.57,1.70,0.01,-0.01,0.00,-49.59,8.75,26.78,0,0,0,
5161,90,90,0.20,9.39,1.68,0.00,-0.01,0.00,-49.43,9.00,27.39,0,0,0,
5168,89,89,0.16,9.50,1.67,0.00,-0.01,0.00,-50.35,10.30,27.59,0,0,0,
5174,89,89,0.16,9.50,1.67,0.01,-0.01,0.00,-49.53,8.58,26.31,0,0,0,
5181,88,88,0.18,9.53,1.70,0.00,-0.01,0.00,-49.77,8.73,27.73,0,0,0,
5187,90,90,0.21,9.39,1.65,0.01,-0.01,0.00,-49.94,9.79,27.38,0,0,0,
5194,90,90,0.21,9.39,1.65,0.01,-0.01,0.00,-49.62,8.93,25.86,0,0,0,
5200,88,88,0.17,9.58,1.70,0.01,-0.01,0.00,-49.55,8.67,27.67,0,0,0,
5212,89,90,0.19,9.42,1.67,0.00,-0.01,0.00,-49.49,8.49,26.53,0,0,0,
5224,88,88,0.19,9.55,1.69,0.00,-0.01,0.00,-50.03,8.75,28.03,0,0,0,
5231,88,88,0.19,9.55,1.69,0.00,-0.01,0.00,-49.68,8.55,26.92,0,0,0,
5237,90,90,0.20,9.37,1.66,0.00,-0.01,0.00,-49.31,10.77,26.28,0,0,0,
5243,88,88,0.17,9.58,1.72,0.01,-0.01,0.00,-49.74,8.42,27.80,0,0,0,
5249,88,88,0.17,9.58,1.72,0.01,-0.01,0.00,-49.84,8.55,27.92,0,0,0,
5256,89,89,0.19,9.46,1.66,0.01,-0.01,0.00,-48.32,7.02,24.96,0,0,0,
5262,89,89,0.18,9.44,1.66,0.01,-0.01,0.00,-49.58,8.39,27.32,0,0,0,
5273,88,88,0.19,9.57,1.72,0.00,-0.01,0.00,-49.47,8.24,27.90,0,0,0,
5279,90,90,0.20,9.37,1.67,0.01,-0.01,0.00,-48.99,8.42,28.44,0,0,0,
5286,90,90,0.20,9.37,1.67,0.01,-0.01,0.00,-50.15,9.85,29.36,0,0,0,
5292,88,88,0.17,9.57,1.70,0.01,-0.01,0.00,-49.58,8.64,27.55,0,0,0,
5298,89,89,0.20,9.46,1.67,0.00,-0.01,0.00,-48.76,8.07,26.73,0,0,0,
5304,89,89,0.20,9.46,1.67,0.00,-0.01,0.00,-49.66,8.81,27.40,0,0,0,
5311,89,89,0.18,9.43,1.65,0.01,-0.01,0.00,-49.99,9.09,26.59,0,0,0,
5317,88,88,0.18,9.57,1.72,0.00,-0.01,0.00,-48.76,7.28,25.78,0,0,0,
5328,90,90,0.19,9.38,1.65,0.01,-0.01,0.00,-50.16,8.78,27.70,0,0,0,
5334,90,90,0.19,9.38,1.69,0.01,-0.01,0.00,-49.15,8.01,26.25,0,0,0,
5340,88,88,0.17,9.55,1.69,0.01,-0.01,0.00,-49.39,7.92,27.32,0,0,0,
5347,89,89,0.20,9.49,1.69,0.00,-0.01,0.00,-50.44,10.46,28.63,0,0,0,
5353,89,90,0.19,9.42,1.65,0.00,-0.01,0.00,-49.01,8.52,26.15,0,0,0,
5359,89,90,0.19,9.42,1.65,0.01,-0.01,0.00,-49.50,8.40,26.75,0,0,0,
5365,88,88,0.17,9.57,1.71,0.00,-0.01,0.00,-49.85,9.78,28.63,0,0,0,
5384,89,89,0.17,9.52,1.68,0.01,-0.01,0.00,-49.12,8.86,28.34,0,0,0,
5391,89,89,0.19,9.50,1.70,-0.00,-0.01,0.00,-49.52,8.39,27.24,0,0,0,
5397,89,89,0.19,9.50,1.70,-0.00,-0.01,0.00,-49.06,6.78,25.20,0,0,0,
5403,90,90,0.18,9.40,1.65,0.01,-0.01,0.00,-49.43,8.37,28.33,0,0,0,
5410,88,88,0.17,9.57,1.70,0.00,-0.01,0.00,-49.81,8.08,27.17,0,0,0,
5416,88,88,0.17,9.57,1.70,0.00,-0.01,0.00,-49.40,7.12,25.78,0,0,0,
5422,90,90,0.20,9.40,1.67,0.00,-0.01,0.00,-49.68,8.94,27.32,0,0,0,
5428,89,89,0.18,9.48,1.67,0.01,-0.01,0.00,-49.82,8.58,27.68,0,0,0,
5440,88,89,0.18,9.53,1.71,0.00,-0.01,0.00,-48.32,8.27,27.54,0,0,0,
5447,90,90,0.20,9.39,1.65,0.01,-0.01,0.00,-49.93,9.46,28.40,0,0,0,
5453,90,90,0.20,9.39,1.65,0.01,-0.01,0.00,-49.82,8.54,26.50,0,0,0,
5459,88,88,0.17,9.58,1.70,0.00,-0.01,0.00,-49.30,8.45,26.47,0,0,0,
5465,89,90,0.20,9.43,1.70,-0.00,-0.01,0.00,-49.06,9.21,28.03,0,0,0,
5472,89,90,0.20,9.43,1.70,-0.00,-0.01,0.00,-49.09,8.16,27.35,0,0,0,
5478,89,89,0.17,9.46,1.66,0.01,-0.01,0.00,-49.05,7.76,27.14,0,0,0,
5489,88,88,0.18,9.55,1.71,-0.00,-0.01,0.00,-49.65,8.11,27.24,0,0,0,
5496,90,90,0.19,9.39,1.66,0.00,-0.01,0.00,-48.61,7.78,24.80,0,0,0,
5502,88,88,0.17,9.55,1.71,0.01,-0.01,0.00,-49.31,8.62,28.12,0,0,0,
5509,88,88,0.17,9.55,1.71,0.01,-0.01,0.00,-49.56,8.52,27.80,0,0,0,
5515,89,89,0.19,9.45,1.70,0.00,-0.01,0.00,-49.85,8.33,26.43,0,0,0,
5521,90,90,0.18,9.42,1.65,0.01,-0.01,0.00,-49.17,8.94,27.01,0,0,0,
5527,90,90,0.18,9.42,1.65,0.01,-0.01,0.00,-50.13,9.51,28.50,0,0,0,
5534,88,88,0.18,9.58,1.70,0.00,-0.01,0.00,-49.44,7.64,25.84,0,0,0,
5560,89,89,0.19,9.49,1.69,0.00,-0.01,0.00,-48.95,8.35,26.88,0,0,0,
5566,90,90,0.19,9.41,1.65,0.00,-0.01,0.00,-49.49,9.03,29.57,0,0,0,
5572,90,90,0.19,9.41,1.65,0.01,-0.01,0.00,-49.17,7.86,27.14,0,0,0,
5579,88,88,0.18,9.58,1.73,0.00,-0.01,0.00,-48.82,8.35,26.13,0,0,0,
5585,90,90,0.20,9.41,1.68,0.01,-0.01,0.00,-49.49,9.18,29.47,0,0,0,
5591,90,90,0.20,9.41,1.68,0.01,-0.01,0.00,-49.39,8.35,27.13,0,0,0,
5597,89,89,0.17,9.49,1.67,0.01,-0.01,0.00,-48.95,6.83,27.04,0,0,0,
5608,89,89,0.19,9.53,1.69,0.00,-0.01,0.00,-50.32,9.32,28.43,0,0,0,
5615,90,90,0.20,9.39,1.66,0.01,-0.01,0.00,-49.21,6.78,25.26,0,0,0,
5621,88,88,0.18,9.56,1.72,0.01,-0.01,0.00,-49.23,8.33,28.11,0,0,0,
5627,88,88,0.18,9.56,1.72,0.00,-0.01,0.00,-49.71,9.21,27.95,0,0,0,
5634,89,90,0.20,9.43,1.66,0.01,-0.01,0.00,-49.88,7.80,26.21,0,0,0,
5640,89,89,0.17,9.48,1.67,0.01,-0.01,0.00,-49.52,8.54,27.40,0,0,0,
5646,89,89,0.17,9.48,1.67,0.01,-0.01,0.00,-49.87,9.03,28.66,0,0,0,
5652,88,89,0.19,9.54,1.71,-0.00,-0.01,0.00,-50.07,8.39,27.30,0,0,0,
5663,90,90,0.20,9.39,1.66,0.01,-0.01,0.00,-49.27,7.97,27.39,0,0,0,
5671,88,88,0.18,9.57,1.70,0.01,-0.01,0.00,-50.23,8.26,26.35,0,0,0,
5676,91,91,0.18,9.27,1.68,0.01,-0.01,0.00,-49.93,7.04,25.80,0,0,0,
5682,89,89,0.20,9.44,1.68,0.00,-0.01,0.00,-49.99,8.64,27.45,0,0,0,
5688,89,89,0.19,9.45,1.66,0.01,-0.01,0.00,-50.19,9.34,28.24,0,0,0,
5695,88,88,0.19,9.55,1.72,0.01,-0.01,0.00,-49.30,7.78,26.07,0,0,0,
5701,88,88,0.18,9.55,1.72,0.00,-0.01,0.00,-49.11,8.61,26.47,0,0,0,
5719,89,88,0.17,9.54,1.69,0.01,-0.01,0.00,-49.31,8.54,26.60,0,0,0,
5725,89,89,0.20,9.46,1.69,0.00,-0.01,0.00,-49.81,9.11,27.68,0,0,0,
5732,89,90,0.20,9.44,1.67,0.00,-0.01,0.00,-49.39,8.27,26.81,0,0,0,
5738,89,90,0.20,9.44,1.67,0.01,-0.01,0.00,-48.96,8.04,26.89,0,0,0,
5744,88,88,0.18,9.57,1.72,0.00,-0.01,0.00,-49.53,8.42,28.34,0,0,0,
5750,88,88,0.18,9.57,1.72,0.00,-0.01,0.00,-49.81,8.20,27.05,0,0,0,
5757,90,90,0.19,9.40,1.66,0.01,-0.01,0.00,-48.95,6.85,24.96,0,0,0,
5763,89,89,0.18,9.52,1.69,0.01,-0.01,0.00,-49.80,8.92,27.51,0,0,0,
5774,89,89,0.19,9.50,1.71,0.00,-0.01,0.00,-49.94,8.40,26.69,0,0,0,
5780,89,90,0.20,9.43,1.65,0.01,-0.01,0.00,-49.27,8.32,27.73,0,0,0,
5786,89,90,0.20,9.43,1.65,0.01,-0.01,0.00,-49.82,9.73,28.62,0,0,0,
5793,88,88,0.18,9.58,1.71,0.00,-0.01,0.00,-49.59,8.92,25.94,0,0,0,
5799,90,90,0.20,9.40,1.66,0.01,-0.01,0.00,-49.28,8.27,27.57,0,0,0,
5805,90,90,0.20,9.40,1.66,0.01,-0.01,0.00,-50.22,9.02,27.86,0,0,0,
5811,89,89,0.17,9.50,1.68,0.01,-0.01,0.00,-50.42,8.99,26.76,0,0,0,
5822,89,89,0.20,9.51,1.71,0.00,-0.01,0.00,-50.29,8.62,26.32,0,0,0,
5830,90,90,0.19,9.39,1.66,0.01,-0.01,0.00,-50.99,8.73,27.13,0,0,0,
5836,88,88,0.17,9.57,1.70,0.00,-0.01,0.00,-49.96,8.26,24.96,0,0,0,
5841,88,88,0.17,9.57,1.70,0.00,-0.01,0.00,-50.03,8.54,27.10,0,0,0,
5848,89,90,0.21,9.42,1.67,0.00,-0.01,0.00,-50.04,9.15,27.05,0,0,0,
5854,89,89,0.18,9.47,1.67,0.01,-0.01,0.00,-49.94,8.36,26.56,0,0,0,
5860,89,89,0.18,9.47,1.67,0.01,-0.01,0.00,-49.24,8.42,27.61,0,0,0,
5873,90,90,0.19,9.39,1.67,0.01,-0.01,0.00,-49.62,8.33,26.70,0,0,0,
5885,88,88,0.17,9.57,1.69,0.01,-0.01,0.00,-50.26,9.62,28.47,0,0,0,
5892,89,90,0.21,9.44,1.69,0.00,-0.01,0.00,-49.78,8.49,26.62,0,0,0,
5898,89,90,0.21,9.44,1.69,0.00,-0.01,0.00,-49.04,7.54,28.00,0,0,0,
5904,89,89,0.19,9.45,1.67,0.01,-0.01,0.00,-49.61,8.51,28.21,0,0,0,
5910,88,88,0.17,9.57,1.71,0.00,-0.01,0.00,-49.99,8.32,27.17,0,0,0,
5917,90,90,0.17,9.39,1.65,0.00,-0.01,0.00,-48.26,6.84,26.54,0,0,0,
5923,90,90,0.20,9.39,1.65,0.01,-0.01,0.00,-49.81,8.77,28.31,0,0,0,
5934,88,88,0.18,9.55,1.69,0.01,-0.01,0.00,-49.94,8.11,26.43,0,0,0,
5940,89,89,0.20,9.47,1.69,0.00,-0.01,0.00,-49.37,8.32,27.40,0,0,0,
5947,89,89,0.18,9.43,1.66,0.01,-0.01,0.00,-50.28,9.70,27.89,0,0,0,
5953,89,89,0.18,9.43,1.66,0.01,-0.01,0.00,-49.34,8.42,26.60,0,0,0,
5959,88,88,0.18,9.57,1.71,0.00,-0.01,0.00,-49.09,7.86,27.10,0,0,0,
5965,90,90,0.20,9.38,1.66,0.01,-0.01,0.00,-49.09,9.21,28.91,0,0,0,
5972,90,90,0.20,9.38,1.66,0.01,-0.01,0.00,-49.72,8.32,26.54,0,0,0,
5978,88,89,0.19,9.53,1.69,0.01,-0.01,0.00,-48.77,7.09,26.67,0,0,0,
5989,89,89,0.20,9.50,1.70,0.00,-0.01,0.00,-49.59,8.71,27.07,0,0,0,
5996,89,90,0.20,9.42,1.66,0.01,-0.01,0.00,-48.67,7.56,24.74,0,0,0,
6002,88,88,0.18,9.58,1.72,0.00,-0.01,0.00,-49.37,7.92,26.85,0,0,0,
6009,88,88,0.18,9.58,1.72,0.00,-0.01,0.00,-49.14,8.87,27.36,0,0,0,
6015,89,90,0.20,9.41,1.68,0.01,-0.01,0.00,-49.65,8.01,23.08,0,0,0,
6021,89,89,0.18,9.50,1.68,0.01,-0.01,0.00,-49.36,8.48,27.40,0,0,0,
6034,89,89,0.18,9.52,1.71,0.00,-0.01,0.00,-49.25,8.10,25.59,0,0,0,
6046,88,88,0.19,9.57,1.71,0.01,-0.01,0.00,-50.07,9.66,29.71,0,0,0,
6054,88,88,0.18,9.57,1.71,0.00,-0.01,0.00,-49.18,8.77,25.48,0,0,0,
6060,89,90,0.20,9.42,1.68,0.00,-0.01,0.00,-49.37,8.16,26.67,0,0,0,
6066,89,89,0.18,9.48,1.68,0.01,-0.01,0.00,-49.36,9.02,28.35,0,0,0,
6072,89,89,0.18,9.48,1.68,0.01,-0.01,0.00,-49.23,8.68,26.88,0,0,0,
6079,88,88,0.19,9.55,1.70,0.00,-0.01,0.00,-49.06,7.69,27.27,0,0,0,
6085,90,90,0.21,9.39,1.64,0.01,-0.01,0.00,-49.82,8.46,28.33,0,0,0,
6091,90,90,0.21,9.39,1.64,0.01,-0.01,0.00,-49.49,8.61,26.56,0,0,0,
6102,89,89,0.18,9.44,1.70,0.00,-0.01,0.00,-49.15,8.23,28.30,0,0,0,
6109,89,89,0.20,9.44,1.70,0.01,-0.01,0.00,-49.71,8.27,27.86,0,0,0,
6115,89,89,0.18,9.46,1.67,0.01,-0.01,0.00,-49.40,8.05,26.31,0,0,0,
6121,88,88,0.19,9.57,1.70,0.01,-0.01,0.00,-49.34,8.42,27.74,0,0,0,
6127,88,88,0.19,9.57,1.70,0.00,-0.01,0.00,-50.26,9.47,30.50,0,0,0,
6134,90,90,0.20,9.38,1.65,0.01,-0.01,0.00,-49.30,7.76,27.08,0,0,0,
6139,88,88,0.17,9.54,1.70,0.01,-0.01,0.00,-49.17,7.70,27.00,0,0,0,
6145,88,88,0.17,9.54,1.70,0.01,-0.01,0.00,-49.68,8.74,27.97,0,0,0,
6160,89,89,0.18,9.43,1.65,0.01,-0.01,0.00,-49.77,8.20,27.97,0,0,0,
6166,89,89,0.18,9.43,1.65,0.01,-0.01,0.00,-50.28,9.91,29.35,0,0,0,
6172,88,88,0.18,9.59,1.71,0.00,-0.01,0.00,-49.08,7.79,26.94,0,0,0,
6179,90,90,0.19,9.38,1.67,0.01,-0.01,0.00,-48.17,7.70,26.86,0,0,0,
6185,90,90,0.19,9.38,1.67,0.01,-0.01,0.00,-49.18,9.02,28.78,0,0,0,
6198,89,89,0.20,9.49,1.69,0.00,-0.01,0.00,-48.98,7.47,26.91,0,0,0,
6204,90,90,0.19,9.41,1.65,0.00,-0.01,0.00,-48.82,8.51,28.85,0,0,0,
6216,88,88,0.17,9.58,1.72,0.00,-0.01,0.00,-48.74,6.56,25.90,0,0,0,
6223,90,90,0.20,9.39,1.67,0.01,-0.01,0.00,-49.02,8.45,28.00,0,0,0,
6229,90,90,0.20,9.39,1.67,0.01,-0.01,0.00,-49.85,8.86,27.24,0,0,0,
6235,89,89,0.18,9.52,1.67,0.01,-0.01,0.00,-48.80,7.15,25.84,0,0,0,
6241,89,89,0.18,9.52,1.71,0.01,-0.01,0.00,-48.57,8.21,28.16,0,0,0,
6248,89,89,0.18,9.52,1.71,-0.00,-0.01,0.00,-49.75,9.53,27.73,0,0,0,
6254,90,90,0.18,9.37,1.65,0.01,-0.01,0.00,-49.21,8.14,27.17,0,0,0,
6260,88,88,0.17,9.59,1.70,0.01,-0.01,0.00,-49.06,8.01,27.65,0,0,0,
6271,89,90,0.20,9.41,1.68,0.00,-0.01,0.00,-49.58,7.64,28.05,0,0,0,
6279,89,89,0.18,9.49,1.68,0.01,-0.01,0.00,-49.68,7.66,27.13,0,0,0,
6285,89,89,0.18,9.49,1.68,0.01,-0.01,0.00,-49.52,8.62,29.04,0,0,0,
6291,88,88,0.18,9.54,1.72,0.00,-0.01,0.00,-49.52,8.27,27.80,0,0,0,
6297,90,90,0.20,9.37,1.66,0.00,-0.01,0.00,-49.04,7.25,26.41,0,0,0,
6304,90,90,0.20,9.37,1.66,0.01,-0.01,0.00,-49.39,7.83,27.95,0,0,0,
6310,88,88,0.18,9.57,1.71,0.01,-0.01,0.00,-49.77,7.99,27.19,0,0,0,
6321,89,90,0.20,9.43,1.70,0.00,-0.01,0.00,-49.47,7.89,28.22,0,0,0,
6327,89,89,0.18,9.45,1.67,0.01,-0.01,0.00,-49.75,9.50,28.33,0,0,0,
6333,88,88,0.18,9.56,1.71,0.01,-0.01,0.00,-49.56,7.75,27.73,0,0,0,
6340,88,88,0.18,9.56,1.71,0.00,-0.01,0.00,-48.93,8.04,28.18,0,0,0,
6346,90,90,0.20,9.37,1.65,0.01,-0.01,0.00,-49.52,8.96,29.25,0,0,0,
6352,88,88,0.18,9.57,1.70,0.01,-0.01,0.00,-49.17,7.63,28.57,0,0,0,
6365,89,89,0.19,9.46,1.70,-0.00,-0.01,0.00,-49.58,8.61,29.95,0,0,0,
6372,90,89,0.18,9.42,1.66,0.01,-0.01,0.00,-49.52,8.49,27.55,0,0,0,
6384,88,88,0.18,9.58,1.71,0.00,-0.01,0.00,-49.17,9.03,28.34,0,0,0,
6390,90,90,0.20,9.39,1.67,0.00,-0.01,0.00,-49.15,8.58,27.81,0,0,0,
6396,90,90,0.20,9.39,1.67,0.00,-0.01,0.00,-48.99,7.80,26.53,0,0,0,
6403,89,88,0.16,9.52,1.71,0.01,-0.01,0.00,-49.80,8.56,28.33,0,0,0,
6409,89,89,0.19,9.50,1.69,0.00,-0.01,0.00,-49.58,8.96,27.73,0,0,0,
6415,89,89,0.19,9.50,1.69,0.00,-0.01,0.00,-49.59,7.38,25.39,0,0,0,
6421,90,90,0.18,9.42,1.65,0.01,-0.01,0.00,-49.42,8.21,28.68,0,0,0,
6432,88,88,0.18,9.55,1.71,0.00,-0.01,0.00,-49.18,8.29,26.86,0,0,0,
6439,90,90,0.19,9.39,1.69,0.00,-0.01,0.00,-48.85,7.92,27.26,0,0,0,
6445,89,89,0.17,9.50,1.69,0.01,-0.01,0.00,-49.39,8.97,29.30,0,0,0,
6451,89,89,0.17,9.50,1.69,0.01,-0.01,0.00,-49.21,8.18,26.95,0,0,0,
6457,88,89,0.20,9.52,1.70,0.00,-0.01,0.00,-48.54,6.55,25.23,0,0,0,
6465,90,90,0.20,9.40,1.66,0.01,-0.01,0.00,-49.68,8.94,28.41,0,0,0,
6471,90,90,0.20,9.40,1.66,0.01,-0.01,0.00,-49.42,8.35,27.35,0,0,0,
6477,88,88,0.18,9.56,1.73,0.00,-0.01,0.00,-49.21,7.19,26.24,0,0,0,
6488,90,90,0.19,9.41,1.68,0.01,-0.01,0.00,-49.56,9.65,28.57,0,0,0,
6495,89,89,0.18,9.49,1.67,0.01,-0.01,0.00,-49.42,7.86,25.58,0,0,0,
6501,88,88,0.18,9.54,1.71,-0.00,-0.01,0.00,-49.55,8.78,26.73,0,0,0,
6507,88,88,0.18,9.54,1.71,-0.00,-0.01,0.00,-49.50,9.63,28.12,0,0,0,
6513,90,90,0.20,9.39,1.67,0.01,-0.01,0.00,-49.87,8.58,26.41,0,0,0,
6527,88,88,0.16,9.57,1.71,0.01,-0.01,0.00,-49.36,8.94,27.78,0,0,0,
6534,89,89,0.20,9.45,1.68,0.01,-0.01,0.00,-49.78,8.70,26.75,0,0,0,
6545,89,89,0.18,9.46,1.67,0.01,-0.01,0.00,-49.71,9.46,28.97,0,0,0,
6552,88,88,0.18,9.55,1.73,-0.00,-0.01,0.00,-49.65,8.67,26.98,0,0,0,
6557,90,90,0.20,9.38,1.67,0.01,-0.01,0.00,-49.02,7.66,26.00,0,0,0,
6564,88,88,0.20,9.56,1.70,0.01,-0.01,0.00,-49.52,8.86,28.05,0,0,0,
6570,88,88,0.17,9.56,1.70,0.01,-0.01,0.00,-49.69,8.26,27.11,0,0,0,
6576,89,89,0.20,9.46,1.69,0.00,-0.01,0.00,-49.11,6.47,24.89,0,0,0,
6582,89,89,0.20,9.46,1.69,0.00,-0.01,0.00,-49.90,8.58,26.78,0,0,0,
6589,90,89,0.17,9.43,1.68,0.01,-0.01,0.00,-49.39,8.26,27.30,0,0,0,
6600,88,88,0.18,9.56,1.72,0.00,-0.01,0.00,-49.14,8.11,26.60,0,0,0,
6606,90,90,0.21,9.38,1.66,0.01,-0.01,0.00,-50.03,9.21,28.38,0,0,0,
6612,88,88,0.17,9.55,1.68,0.01,-0.01,0.00,-50.00,8.75,26.21,0,0,0,
6619,88,88,0.17,9.55,1.68,0.01,-0.01,0.00,-48.89,8.37,27.77,0,0,0,
6625,89,89,0.20,9.50,1.71,-0.00,-0.01,0.00,-49.59,9.16,27.97,0,0,0,
6631,90,90,0.19,9.39,1.67,0.01,-0.01,0.00,-49.04,8.05,25.99,0,0,0,
6637,90,90,0.19,9.39,1.67,0.01,-0.01,0.00,-49.06,7.22,24.90,0,0,0,
6648,90,90,0.20,9.40,1.67,0.01,-0.01,0.00,-50.07,9.57,27.42,0,0,0,
6655,90,90,0.20,9.40,1.67,0.01,-0.01,0.00,-49.24,8.11,24.66,0,0,0,
6661,89,89,0.18,9.52,1.69,0.01,-0.01,0.00,-49.01,8.59,26.72,0,0,0,
6667,89,89,0.19,9.51,1.71,0.00,-0.01,0.00,-50.15,9.50,27.32,0,0,0,
6673,89,89,0.19,9.51,1.71,0.00,-0.01,0.00,-49.31,8.56,26.70,0,0,0,
6680,90,90,0.20,9.38,1.66,0.01,-0.01,0.00,-49.65,7.59,26.94,0,0,0,
6692,88,88,0.17,9.58,1.70,0.01,-0.01,0.00,-49.82,8.24,26.81,0,0,0,
6699,89,90,0.20,9.41,1.68,0.00,-0.01,0.00,-49.39,8.27,26.50,0,0,0,
6711,89,89,0.18,9.48,1.68,0.01,-0.01,0.00,-49.44,8.62,26.41,0,0,0,
6718,88,88,0.19,9.56,1.71,0.00,-0.01,0.00,-49.05,8.16,25.80,0,0,0,
6724,90,90,0.20,9.39,1.66,0.01,-0.01,0.00,-48.39,8.81,28.05,0,0,0,
6730,90,90,0.20,9.39,1.66,0.01,-0.01,0.00,-49.21,8.46,26.12,0,0,0,
6736,88,88,0.17,9.56,1.71,0.01,-0.01,0.00,-48.63,6.87,25.39,0,0,0,
6743,89,89,0.20,9.44,1.69,0.00,-0.01,0.00,-49.40,8.64,27.92,0,0,0,
6749,89,89,0.20,9.44,1.67,0.00,-0.01,0.00,-50.15,8.49,27.33,0,0,0,
6761,88,88,0.19,9.57,1.72,0.00,-0.01,0.00,-49.28,7.91,27.02,0,0,0,
6767,88,88,0.19,9.57,1.72,0.00,-0.01,0.00,-49.74,9.63,28.76,0,0,0,
6773,90,90,0.20,9.38,1.65,0.01,-0.01,0.00,-49.37,8.07,25.84,0,0,0,
6780,88,88,0.17,9.55,1.71,0.01,-0.01,0.00,-49.71,8.14,26.56,0,0,0,
6786,88,88,0.17,9.55,1.71,0.01,-0.01,0.00,-49.99,8.35,27.84,0,0,0,
6792,89,89,0.20,9.47,1.69,0.00,-0.01,0.00,-49.94,8.26,27.70,0,0,0,
6798,89,90,0.21,9.42,1.66,0.01,-0.01,0.00,-48.82,10.39,26.89,0,0,0,
6805,89,90,0.21,9.42,1.72,0.01,-0.01,0.00,-50.13,9.03,29.77,0,0,0,
6816,90,90,0.20,9.40,1.68,0.01,-0.01,0.00,-49.59,7.35,24.77,0,0,0,
6822,90,90,0.20,9.40,1.68,0.01,-0.01,0.00,-48.89,8.39,27.05,0,0,0,
6828,89,88,0.17,9.53,1.69,0.01,-0.01,0.00,-50.13,8.96,27.23,0,0,0,
6835,89,89,0.19,9.48,1.70,0.00,-0.01,0.00,-49.61,7.63,25.77,0,0,0,
6842,89,89,0.19,9.48,1.70,0.00,-0.01,0.00,-48.73,7.92,27.74,0,0,0,
6847,90,90,0.19,9.41,1.66,0.01,-0.01,0.00,-49.46,9.87,28.00,0,0,0,
6861,90,90,0.19,9.39,1.68,0.01,-0.01,0.00,-48.57,7.66,26.97,0,0,0,
6873,89,89,0.17,9.51,1.67,0.01,-0.01,0.00,-49.72,8.04,27.33,0,0,0,
6880,89,89,0.19,9.51,1.70,0.00,-0.01,0.00,-49.30,8.13,27.13,0,0,0,
6886,89,89,0.19,9.51,1.70,0.00,-0.01,0.00,-50.06,9.21,29.00,0,0,0,
6892,90,90,0.20,9.40,1.67,0.01,-0.01,0.00,-49.27,8.29,27.42,0,0,0,
6898,88,88,0.17,9.59,1.72,0.01,-0.01,0.00,-48.33,6.72,25.55,0,0,0,
6905,88,88,0.17,9.59,1.72,0.00,-0.01,0.00,-49.69,9.05,29.20,0,0,0,
6911,89,90,0.20,9.42,1.67,0.01,-0.01,0.00,-49.65,8.40,26.72,0,0,0,
6917,89,89,0.17,9.48,1.67,0.01,-0.01,0.00,-48.49,6.78,24.66,0,0,0,
6928,89,89,0.19,9.53,1.72,0.00,-0.01,0.00,-49.37,8.29,27.10,0,0,0,
6936,90,90,0.20,9.38,1.66,0.01,-0.01,0.00,-49.56,7.82,25.64,0,0,0,
6942,90,90,0.20,9.38,1.66,0.01,-0.01,0.00,-49.15,8.40,27.13,0,0,0,
6948,88,88,0.17,9.57,1.70,0.01,-0.01,0.00,-50.00,9.50,27.87,0,0,0,
6954,89,89,0.20,9.44,1.68,0.00,-0.01,0.00,-49.02,8.16,26.09,0,0,0,
6961,89,89,0.20,9.44,1.68,0.00,-0.01,0.00,-48.83,8.64,26.97,0,0,0,
6967,89,89,0.19,9.45,1.67,0.01,-0.01,0.00,-49.53,10.41,27.62,0,0,0,
6978,88,88,0.18,9.55,1.73,0.00,-0.01,0.00,-48.10,7.25,25.04,0,0,0,
6984,90,90,0.20,9.39,1.66,0.01,-0.01,0.00,-49.21,9.05,27.93,0,0,0,
6990,88,88,0.20,9.56,1.70,0.01,-0.01,0.00,-49.55,8.99,27.02,0,0,0,
6997,88,88,0.18,9.56,1.70,0.01,-0.01,0.00,-45.29,7.40,26.02,0,0,0,
7003,89,89,0.20,9.45,1.71,0.00,-0.01,0.00,-49.40,8.90,27.27,0,0,0,
7009,90,90,0.19,9.42,1.66,0.00,-0.01,0.00,-49.50,8.75,27.19,0,0,0,
7021,88,88,0.17,9.58,1.71,0.00,-0.01,0.00,-49.06,8.27,27.74,0,0,0,
7029,90,90,0.20,9.38,1.67,0.00,-0.01,0.00,-49.12,8.68,26.03,0,0,0,
7041,89,88,0.17,9.52,1.70,0.01,-0.01,0.00,-49.25,8.30,27.05,0,0,0,
7047,89,89,0.19,9.49,1.70,0.00,-0.01,0.00,-49.63,9.84,29.29,0,0,0,
7053,89,89,0.19,9.49,1.70,0.00,-0.01,0.00,-49.12,8.56,27.02,0,0,0,
7059,90,90,0.19,9.41,1.67,0.01,-0.01,0.00,-48.71,8.65,25.90,0,0,0,
7065,88,88,0.16,9.58,1.72,0.01,-0.01,0.00,-49.37,8.86,29.39,0,0,0,
7071,88,88,0.16,9.58,1.72,0.01,-0.01,0.00,-49.46,8.43,26.07,0,0,0,
7077,90,90,0.20,9.39,1.68,0.00,-0.01,0.00,-48.55,7.35,25.77,0,0,0,
7088,89,89,0.18,9.50,1.69,0.01,-0.01,0.00,-50.19,9.78,28.69,0,0,0,
7096,89,89,0.18,9.51,1.71,0.00,-0.01,0.00,-49.42,7.13,25.17,0,0,0,
7102,90,90,0.20,9.39,1.65,0.01,-0.01,0.00,-49.11,8.33,27.20,0,0,0,
7108,90,90,0.20,9.39,1.65,0.01,-0.01,0.00,-49.44,9.32,27.26,0,0,0,
7114,88,88,0.18,9.59,1.72,0.01,-0.01,0.00,-49.50,8.20,27.46,0,0,0,
7121,90,90,0.20,9.41,1.69,0.00,-0.01,0.00,-49.62,8.30,27.43,0,0,0,
7127,90,90,0.20,9.41,1.69,0.00,-0.01,0.00,-49.55,9.51,29.76,0,0,0,
7133,89,89,0.18,9.47,1.68,0.01,-0.01,0.00,-48.73,8.10,27.05,0,0,0,
7144,88,88,0.18,9.56,1.71,0.00,-0.01,0.00,-49.04,8.64,28.63,0,0,0,
7151,90,90,0.20,9.39,1.66,0.01,-0.01,0.00,-49.31,8.54,26.48,0,0,0,
7157,88,88,0.18,9.56,1.72,0.00,-0.01,0.00,-49.06,6.62,26.75,0,0,0,
7163,88,88,0.18,9.56,1.72,0.00,-0.01,0.00,-49.06,8.13,27.36,0,0,0,
7169,89,90,0.20,9.44,1.69,0.00,-0.01,0.00,-50.35,8.23,26.34,0,0,0,
7176,89,89,0.18,9.45,1.67,0.01,-0.01,0.00,-48.87,7.56,24.70,0,0,0,
7188,88,88,0.18,9.57,1.72,0.00,-0.01,0.00,-49.59,9.05,27.27,0,0,0,
7201,90,90,0.20,9.37,1.66,0.01,-0.01,0.00,-49.09,8.74,27.17,0,0,0,
7207,89,88,0.17,9.54,1.70,0.01,-0.01,0.00,-49.49,9.89,28.19,0,0,0,
7213,89,89,0.20,9.46,1.70,0.00,-0.01,0.00,-48.79,8.48,25.94,0,0,0,
7220,89,89,0.20,9.46,1.70,0.00,-0.01,0.00,-49.06,8.23,27.07,0,0,0,
7226,90,90,0.18,9.42,1.67,0.01,-0.01,0.00,-49.47,9.91,29.48,0,0,0,
7232,88,88,0.17,9.58,1.72,0.00,-0.01,0.00,-49.23,8.58,27.10,0,0,0,
7238,88,88,0.17,9.58,1.72,0.00,-0.01,0.00,-48.68,7.89,26.73,0,0,0,
7245,90,90,0.20,9.39,1.67,0.00,-0.01,0.00,-49.15,8.75,28.37,0,0,0,
7257,89,88,0.17,9.53,1.70,0.01,-0.01,0.00,-48.51,7.32,25.04,0,0,0,
7263,89,89,0.19,9.50,1.70,0.00,-0.01,0.00,-49.50,9.28,27.46,0,0,0,
7269,90,90,0.19,9.40,1.66,0.01,-0.01,0.00,-49.28,9.25,27.35,0,0,0,
7276,90,90,0.19,9.40,1.66,0.01,-0.01,0.00,-48.82,8.26,25.37,0,0,0,
7282,88,88,0.18,9.59,1.73,0.00,-0.01,0.00,-49.05,9.37,28.02,0,0,0,
7288,90,90,0.20,9.40,1.68,0.00,-0.01,0.00,-49.85,10.17,27.14,0,0,0,
7294,90,90,0.20,9.40,1.68,0.00,-0.01,0.00,-49.20,8.75,25.86,0,0,0,
7301,89,89,0.17,9.50,1.69,0.01,-0.01,0.00,-48.87,7.94,26.82,0,0,0,
7312,89,89,0.19,9.52,1.72,-0.00,-0.01,0.00,-49.12,8.48,26.75,0,0,0,
7319,90,90,0.19,9.39,1.65,0.01,-0.01,0.00,-48.76,8.05,26.64,0,0,0,
7325,88,88,0.18,9.57,1.72,0.00,-0.01,0.00,-49.04,9.41,28.97,0,0,0,
7331,88,88,0.18,9.57,1.72,0.00,-0.01,0.00,-49.12,8.52,26.51,0,0,0,
7338,90,90,0.20,9.41,1.68,0.01,-0.01,0.00,-48.44,7.32,25.96,0,0,0,
7344,89,89,0.18,9.48,1.67,0.01,-0.01,0.00,-48.66,9.44,27.83,0,0,0,
7357,88,88,0.18,9.55,1.73,0.00,-0.01,0.00,-48.54,7.16,26.48,0,0,0,
7369,90,90,0.19,9.36,1.67,0.01,-0.01,0.00,-48.85,9.32,27.04,0,0,0,
7376,88,88,0.16,9.58,1.69,0.01,-0.01,0.00,-48.68,7.37,26.43,0,0,0,
7382,89,90,0.20,9.43,1.71,-0.00,-0.01,0.00,-49.55,8.73,28.16,0,0,0,
7388,89,89,0.18,9.44,1.68,0.31,-0.01,0.00,-50.09,10.29,27.02,0,0,0,
7394,89,89,0.18,9.44,1.68,0.01,-0.01,0.00,-49.49,8.17,26.16,0,0,0,
7401,88,88,0.18,9.58,1.72,0.00,-0.01,0.00,-49.20,8.29,26.63,0,0,0,
7407,90,90,0.20,9.37,1.64,0.01,-0.01,0.00,-50.04,9.94,27.95,0,0,0,
7413,90,90,0.20,9.37,1.64,0.01,-0.01,0.00,-49.01,7.95,26.19,0,0,0,
7424,88,88,0.17,9.57,1.71,0.01,-0.01,0.00,-49.34,8.71,28.25,0,0,0,
7430,89,90,0.20,9.43,1.71,0.00,-0.01,0.00,-49.33,9.19,27.04,0,0,0,
7437,89,89,0.17,9.46,1.67,0.02,-0.01,0.00,-48.30,7.31,25.65,0,0,0,
7443,88,88,0.17,9.57,1.70,0.02,-0.01,0.00,-49.43,8.64,27.67,0,0,0,
7449,88,88,0.18,9.57,1.70,0.00,-0.01,0.00,-49.65,9.12,26.13,0,0,0,
7455,90,90,0.20,9.38,1.68,0.00,-0.01,0.00,-48.85,8.21,25.97,0,0,0,
7462,89,88,0.17,9.54,1.70,0.00,-0.01,0.00,-49.30,8.16,27.11,0,0,0,
7473,89,89,0.19,9.47,1.71,0.00,-0.01,0.00,-49.12,8.21,22.79,0,0,0,
7479,89,89,0.19,9.47,1.71,0.00,-0.01,0.00,-49.14,8.23,26.86,0,0,0,
7485,89,90,0.19,9.42,1.66,0.01,-0.01,0.00,-49.53,9.12,28.27,0,0,0,
7492,88,88,0.18,9.57,1.71,0.00,-0.01,0.00,-49.62,8.52,26.18,0,0,0,
7498,88,88,0.18,9.57,1.71,0.00,-0.01,0.00,-48.47,7.42,26.24,0,0,0,
7504,89,90,0.20,9.40,1.67,0.00,-0.01,0.00,-48.90,9.08,27.67,0,0,0,
7510,89,89,0.18,9.50,1.69,0.01,-0.01,0.00,-49.50,8.96,27.35,0,0,0,
7523,89,89,0.19,9.51,1.72,0.00,-0.01,0.00,-49.46,8.84,26.88,0,0,0,
7535,90,90,0.20,9.40,1.66,0.01,-0.01,0.00,-49.05,8.07,25.36,0,0,0,
7541,88,88,0.17,9.57,1.72,0.00,-0.01,0.00,-48.76,8.71,27.19,0,0,0,
7547,89,90,0.21,9.43,1.69,0.00,-0.01,0.00,-49.11,9.95,26.91,0,0,0,
7553,89,90,0.21,9.43,1.69,0.00,-0.01,0.00,-48.73,7.73,25.84,0,0,0,
7560,89,89,0.18,9.48,1.68,0.01,-0.01,0.00,-49.75,7.95,27.40,0,0,0,
7566,89,89,0.19,9.51,1.72,0.00,-0.01,0.00,-49.72,9.70,28.22,0,0,0,
7572,89,89,0.19,9.51,1.67,0.00,-0.01,0.00,-49.47,7.82,26.16,0,0,0,
7584,88,88,0.18,9.57,1.70,0.01,-0.01,0.00,-48.73,8.78,27.46,0,0,0,
7591,89,89,0.18,9.46,1.70,0.01,-0.01,0.00,-49.01,8.71,26.02,0,0,0,
7597,89,89,0.20,9.46,1.70,0.00,-0.01,0.00,-49.27,10.63,25.78,0,0,0,
7603,89,89,0.19,9.44,1.68,0.01,-0.01,0.00,-49.99,8.80,27.90,0,0,0,
7609,89,89,0.19,9.44,1.68,0.01,-0.01,0.00,-49.97,8.75,26.81,0,0,0,
7616,88,88,0.17,9.56,1.72,0.00,-0.01,0.00,-49.05,7.29,24.95,0,0,0,
7622,90,90,0.19,9.38,1.67,0.01,-0.01,0.00,-49.96,9.02,26.79,0,0,0,
7628,88,88,0.19,9.54,1.70,0.01,-0.01,0.00,-50.10,9.43,27.86,0,0,0,
7639,89,89,0.20,9.48,1.69,0.00,-0.01,0.00,-49.61,9.00,26.79,0,0,0,
7646,89,89,0.20,9.48,1.69,0.00,-0.01,0.00,-48.64,9.13,29.01,0,0,0,
7653,90,90,0.18,9.42,1.66,0.01,-0.01,0.00,-48.82,8.71,25.88,0,0,0,
7659,88,88,0.18,9.57,1.72,0.00,-0.01,0.00,-48.35,7.98,25.78,0,0,0,
7665,91,91,0.18,9.26,1.68,0.00,-0.01,0.00,-49.21,9.24,27.86,0,0,0,
7671,90,90,0.20,9.39,1.68,0.01,-0.01,0.00,-49.25,8.67,26.37,0,0,0,
7685,89,89,0.19,9.50,1.70,0.00,-0.01,0.00,-49.25,9.56,27.40,0,0,0,
7697,90,90,0.19,9.40,1.66,0.01,-0.01,0.00,-48.30,7.04,25.24,0,0,0,
7704,88,88,0.17,9.57,1.73,0.00,-0.01,0.00,-49.47,9.12,28.11,0,0,0,
7710,88,88,0.17,9.57,1.73,0.00,-0.01,0.00,-50.26,8.97,27.42,0,0,0,
7716,90,90,0.20,9.40,1.68,0.01,-0.01,0.00,-52.13,7.23,25.91,0,0,0,
7722,89,89,0.18,9.51,1.67,0.01,-0.01,0.00,-48.83,8.75,26.94,0,0,0,
7728,89,89,0.18,9.51,1.67,0.01,-0.01,0.00,-50.06,9.03,27.20,0,0,0,
7734,88,89,0.19,9.53,1.72,0.00,-0.01,0.00,-48.89,8.74,25.05,0,0,0,
7741,90,90,0.19,9.39,1.68,0.01,-0.01,0.00,-49.61,8.62,26.85,0,0,0,
7753,88,88,0.17,9.57,1.72,0.01,-0.01,0.00,-49.69,8.94,22.98,0,0,0,
7759,89,90,0.19,9.43,1.68,0.01,-0.01,0.00,-48.45,7.76,26.53,0,0,0,
7765,89,90,0.19,9.43,1.68,0.01,-0.01,0.00,-49.27,9.08,29.29,0,0,0,
7771,89,89,0.18,9.47,1.68,0.01,-0.01,0.00,-49.52,8.16,26.92,0,0,0,
7779,88,88,0.18,9.54,1.73,0.00,-0.01,0.00,-48.85,7.73,26.85,0,0,0,
7785,88,88,0.18,9.54,1.73,0.00,-0.01,0.00,-49.53,8.74,28.18,0,0,0,
7791,90,90,0.20,9.37,1.65,0.01,-0.01,0.00,-49.61,8.70,27.08,0,0,0,
7802,88,88,0.17,9.57,1.71,0.01,-0.01,0.00,-49.14,9.03,27.16,0,0,0,
7809,89,90,0.20,9.43,1.70,0.00,-0.01,0.00,-49.62,9.46,26.75,0,0,0,
7815,89,89,0.17,9.45,1.68,0.01,-0.01,0.00,-49.33,8.35,25.80,0,0,0,
7821,89,89,0.17,9.45,1.68,0.01,-0.01,0.00,-49.21,9.27,26.37,0,0,0,
7827,88,88,0.18,9.57,1.73,0.00,-0.01,0.00,-50.18,10.16,27.62,0,0,0,
7834,90,90,0.19,9.38,1.66,0.01,-0.01,0.00,-49.34,8.68,25.01,0,0,0,
7840,90,90,0.19,9.38,1.66,0.01,-0.01,0.00,-52.32,8.58,27.49,0,0,0,
7853,89,89,0.20,9.46,1.70,0.00,-0.01,0.00,-49.46,8.23,26.25,0,0,0,
7865,90,89,0.17,9.42,1.67,0.01,-0.01,0.00,-49.68,8.93,28.03,0,0,0,
7871,88,88,0.18,9.58,1.72,0.00,-0.01,0.00,-49.06,8.65,25.86,0,0,0,
7878,90,90,0.20,9.40,1.66,0.00,-0.01,0.00,-48.17,6.93,25.02,0,0,0,
7884,90,90,0.20,9.40,1.66,0.00,-0.01,0.00,-49.24,8.75,27.78,0,0,0,
7890,89,89,0.18,9.52,1.71,0.00,-0.01,0.00,-49.78,8.83,26.40,0,0,0,
7896,89,89,0.18,9.52,1.71,0.00,-0.01,0.00,-49.15,7.64,24.09,0,0,0,
7902,89,89,0.19,9.49,1.72,0.00,-0.01,0.00,-50.04,9.47,25.86,0,0,0,
7914,90,90,0.20,9.40,1.66,0.02,-0.01,0.00,-49.91,8.51,26.00,0,0,0,
7920,88,88,0.18,9.60,1.71,0.00,-0.01,0.00,-49.27,8.62,26.70,0,0,0,
7926,90,90,0.20,9.40,1.69,0.00,-0.01,0.00,-50.01,10.14,28.27,0,0,0,
7932,90,90,0.20,9.40,1.69,0.00,-0.01,0.00,-49.55,8.64,26.29,0,0,0,
7939,89,89,0.17,9.49,1.70,0.01,-0.01,0.00,-48.68,7.83,26.79,0,0,0,
7945,88,89,0.19,9.53,1.71,0.00,-0.01,0.00,-49.68,9.16,27.21,0,0,0,
7950,88,89,0.19,9.53,1.71,0.00,-0.01,0.00,-49.68,8.56,26.47,0,0,0,
7957,90,90,0.20,9.39,1.66,0.01,-0.01,0.00,-49.24,7.31,24.77,0,0,0,
7968,88,88,0.18,9.58,1.73,0.00,-0.01,0.00,-50.12,9.87,27.99,0,0,0,
7975,89,90,0.20,9.43,1.68,0.01,-0.01,0.00,-50.07,8.64,25.56,0,0,0,
7981,89,89,0.18,9.47,1.68,0.01,-0.01,0.00,-50.00,8.75,26.16,0,0,0,
7987,89,89,0.18,9.47,1.68,0.01,-0.01,0.00,-50.09,9.63,28.87,0,0,0,
7994,88,88,0.19,9.55,1.73,-0.00,-0.01,0.00,-49.59,8.68,25.68,0,0,0,
8000,90,90,0.20,9.37,1.68,0.01,-0.01,0.00,-49.25,8.49,26.35,0,0,0,
8006,90,90,0.20,9.37,1.68,0.01,-0.01,0.00,-49.71,10.01,29.28,0,0,0,
8025,89,89,0.19,9.46,1.70,0.01,-0.01,0.00,-49.30,9.40,28.05,0,0,0,
8032,89,89,0.19,9.46,1.67,0.01,-0.01,0.00,-49.55,8.55,26.15,0,0,0,
8038,88,88,0.19,9.55,1.73,0.00,-0.01,0.00,-48.83,7.47,26.50,0,0,0,
8044,88,88,0.19,9.55,1.68,0.00,-0.01,0.00,-50.18,8.92,27.68,0,0,0,
8050,90,90,0.19,9.37,1.68,0.01,-0.01,0.00,-49.39,8.61,26.07,0,0,0,
8057,88,88,0.17,9.55,1.70,0.01,-0.01,0.00,-48.90,7.25,25.10,0,0,0,
8063,89,89,0.20,9.47,1.68,0.01,-0.01,0.00,-50.41,8.67,27.68,0,0,0,
8069,89,89,0.20,9.47,1.68,0.00,-0.01,0.00,-50.19,9.34,26.15,0,0,0,
8080,89,89,0.19,9.43,1.67,0.01,-0.01,0.00,-49.27,8.77,27.30,0,0,0,
8087,88,88,0.18,9.55,1.75,0.00,-0.01,0.00,-49.94,10.22,28.91,0,0,0,
8094,90,90,0.20,9.39,1.67,0.01,-0.01,0.00,-49.37,7.66,26.54,0,0,0,
8100,90,90,0.20,9.39,1.67,0.01,-0.01,0.00,-49.52,8.74,26.48,0,0,0,
8106,89,88,0.17,9.54,1.69,0.01,-0.01,0.00,-49.58,9.11,28.14,0,0,0,
8112,89,89,0.19,9.49,1.72,0.00,-0.01,0.00,-49.42,8.65,26.82,0,0,0,
8119,90,90,0.19,9.40,1.66,0.00,-0.01,0.00,-48.66,7.88,26.54,0,0,0,
8130,88,88,0.17,9.58,1.72,0.00,-0.01,0.00,-49.55,8.55,26.81,0,0,0,
8136,88,88,0.17,9.58,1.72,0.00,-0.01,0.00,-48.57,7.47,25.72,0,0,0,
8142,90,90,0.20,9.39,1.68,0.01,-0.01,0.00,-49.40,8.89,28.11,0,0,0,
8149,89,89,0.17,9.50,1.68,0.01,-0.01,0.00,-49.99,9.30,27.77,0,0,0,
8155,89,89,0.19,9.53,1.73,0.01,-0.01,0.00,-49.23,7.98,25.53,0,0,0,
8161,89,89,0.19,9.53,1.73,-0.00,-0.01,0.00,-49.50,8.59,27.08,0,0,0,
8167,90,90,0.19,9.39,1.67,0.01,-0.01,0.00,-50.15,10.68,28.98,0,0,0,
8181,88,88,0.17,9.59,1.72,0.01,-0.01,0.00,-49.52,8.26,27.70,0,0,0,
8193,89,89,0.18,9.50,1.71,0.01,-0.01,0.00,-49.77,8.45,26.45,0,0,0,
8200,89,89,0.18,9.50,1.71,0.01,-0.01,0.00,-48.96,7.92,26.98,0,0,0,
8206,89,88,0.18,9.53,1.72,0.00,-0.01,0.00,-49.93,9.34,27.77,0,0,0,
8212,90,90,0.20,9.38,1.65,0.01,-0.01,0.00,-49.11,8.11,25.65,0,0,0,
8219,90,90,0.20,9.38,1.65,0.01,-0.01,0.00,-48.85,7.61,25.90,0,0,0,
8225,88,88,0.17,9.58,1.71,0.01,-0.01,0.00,-49.75,9.15,28.76,0,0,0,
8231,89,90,0.20,9.43,1.70,0.00,-0.01,0.00,-49.43,8.71,26.53,0,0,0,
8242,89,89,0.19,9.44,1.68,0.01,-0.01,0.00,-49.62,7.64,27.16,0,0,0,
8249,88,88,0.17,9.57,1.73,0.00,-0.01,0.00,-49.43,8.29,26.86,0,0,0,
8256,88,88,0.17,9.57,1.73,0.00,-0.01,0.00,-49.52,6.69,24.67,0,0,0,
8262,90,90,0.21,9.37,1.66,0.01,-0.01,0.00,-49.31,8.21,26.59,0,0,0,
8268,88,88,0.18,9.56,1.71,0.01,-0.01,0.00,-49.78,9.57,28.71,0,0,0,
8274,88,88,0.18,9.56,1.71,0.01,-0.01,0.00,-49.49,7.94,26.97,0,0,0,
8281,89,89,0.20,9.46,1.71,0.00,-0.01,0.00,-49.47,8.24,26.98,0,0,0,
8287,90,89,0.18,9.43,1.67,0.01,-0.01,0.00,-49.82,8.97,29.17,0,0,0,
8298,88,88,0.18,9.58,1.72,0.00,-0.01,0.00,-48.25,7.07,25.21,0,0,0,
8304,90,90,0.19,9.37,1.67,0.01,-0.01,0.00,-49.36,8.16,27.14,0,0,0,
8311,90,90,0.19,9.37,1.67,0.01,-0.01,0.00,-49.27,8.93,26.07,0,0,0,
8317,89,88,0.18,9.54,1.72,0.01,-0.01,0.00,-49.02,7.07,25.30,0,0,0,
8323,89,89,0.20,9.50,1.71,0.00,-0.01,0.00,-49.82,8.73,26.95,0,0,0,
8329,89,89,0.20,9.50,1.71,0.00,-0.01,0.00,-49.58,8.43,26.47,0,0,0,
8336,90,90,0.19,9.40,1.66,0.01,-0.01,0.00,-49.31,7.07,24.61,0,0,0,
8355,90,90,0.20,9.39,1.69,0.00,-0.01,0.00,-48.95,8.29,26.38,0,0,0,
8361,89,89,0.17,9.50,1.69,0.01,-0.01,0.00,-49.39,8.46,27.61,0,0,0,
8367,89,89,0.17,9.50,1.69,0.01,-0.01,0.00,-49.94,9.92,29.11,0,0,0,
8373,89,89,0.19,9.52,1.70,0.00,-0.01,0.00,-49.88,8.23,26.22,0,0,0,
8379,90,90,0.19,9.39,1.66,0.01,-0.01,0.00,-49.04,8.32,26.98,0,0,0,
8385,90,90,0.19,9.39,1.66,0.01,-0.01,0.00,-49.20,8.13,28.91,0,0,0,
8391,88,88,0.18,9.59,1.72,0.01,-0.01,0.00,-49.78,8.32,26.51,0,0,0,
8398,90,90,0.20,9.40,1.68,0.01,-0.01,0.00,-48.80,7.29,26.10,0,0,0,
8409,89,89,0.17,9.45,1.68,0.01,-0.01,0.00,-50.37,8.58,27.52,0,0,0,
8416,88,88,0.19,9.58,1.73,0.00,-0.01,0.00,-48.83,6.80,25.53,0,0,0,
8422,88,88,0.19,9.58,1.73,0.00,-0.01,0.00,-49.34,8.14,27.59,0,0,0,
8428,90,90,0.20,9.37,1.64,0.01,-0.01,0.00,-50.12,9.15,28.56,0,0,0,
8435,88,88,0.18,9.56,1.73,0.00,-0.01,0.00,-49.52,7.51,25.96,0,0,0,
8441,88,88,0.18,9.56,1.73,0.00,-0.01,0.00,-49.87,8.17,27.62,0,0,0,
8447,89,89,0.20,9.45,1.70,0.00,-0.01,0.00,-50.67,9.50,29.36,0,0,0,
8458,90,89,0.17,9.42,1.69,0.01,-0.01,0.00,-49.27,7.32,26.83,0,0,0,
8465,88,88,0.18,9.60,1.73,0.00,-0.01,0.00,-50.28,8.43,27.87,0,0,0,
8471,90,90,0.20,9.35,1.66,0.01,-0.01,0.00,-49.87,8.43,27.45,0,0,0,
8477,90,90,0.20,9.35,1.66,0.01,-0.01,0.00,-50.03,7.40,27.04,0,0,0,
8483,88,88,0.17,9.56,1.71,0.01,-0.01,0.00,-49.61,8.65,27.87,0,0,0,
8490,89,89,0.19,9.46,1.70,0.00,-0.01,0.00,-49.71,8.29,27.07,0,0,0,
8504,90,90,0.18,9.41,1.67,0.01,-0.01,0.00,-49.53,8.48,27.58,0,0,0,
8626,89,89,0.18,9.50,1.69,0.01,-0.01,0.00,-49.66,8.87,28.47,0,0,0,
8697,88,88,0.17,9.56,1.71,0.01,-0.01,0.00,-49.25,6.55,27.16,0,0,0,
8704,89,89,0.20,9.47,1.70,0.00,-0.01,0.00,-49.15,8.48,27.36,0,0,0,
8710,89,90,0.19,9.43,1.68,0.00,-0.01,0.00,-49.59,8.45,26.89,0,0,0,
8716,89,90,0.19,9.43,1.68,0.01,-0.01,0.00,-49.31,7.42,25.88,0,0,0,
8722,88,88,0.18,9.57,1.73,0.00,-0.01,0.00,-50.15,8.71,27.48,0,0,0,
8728,88,88,0.18,9.57,1.73,0.00,-0.01,0.00,-50.58,8.86,27.59,0,0,0,
8735,90,90,0.20,9.38,1.68,0.01,-0.01,0.00,-49.28,7.45,25.04,0,0,0,
8741,88,88,0.18,9.54,1.69,0.01,-0.01,0.00,-49.59,8.30,26.72,0,0,0,
8753,89,89,0.19,9.49,1.71,0.00,-0.01,0.00,-49.84,8.37,27.29,0,0,0,
8759,90,90,0.19,9.40,1.68,0.01,-0.01,0.00,-49.55,7.85,27.13,0,0,0,
8766,90,90,0.19,9.40,1.73,0.01,-0.01,0.00,-50.25,8.94,28.75,0,0,0,
8772,88,88,0.17,9.57,1.73,0.00,-0.01,0.00,-49.46,8.67,27.13,0,0,0,
8778,90,90,0.20,9.39,1.68,0.01,-0.01,0.00,-48.74,7.07,25.61,0,0,0,
8784,90,90,0.20,9.39,1.68,0.01,-0.01,0.00,-48.89,8.86,27.29,0,0,0,
8790,89,89,0.19,9.50,1.70,0.01,-0.01,0.00,-49.08,8.17,26.86,0,0,0,
8802,89,89,0.19,9.52,1.71,0.00,-0.01,0.00,-49.49,7.89,27.24,0,0,0,
8808,90,90,0.19,9.39,1.67,0.01,-0.01,0.00,-49.99,9.34,27.67,0,0,0,
8814,88,88,0.17,9.56,1.73,0.00,-0.01,0.00,-49.09,8.04,26.31,0,0,0,
8820,88,88,0.17,9.56,1.73,0.00,-0.01,0.00,-49.23,8.14,26.82,0,0,0,
8834,89,89,0.18,9.48,1.69,0.01,-0.01,0.00,-49.88,7.47,25.46,0,0,0,
8841,88,89,0.19,9.54,1.71,0.00,-0.01,0.00,-49.62,8.37,27.39,0,0,0,
8847,88,89,0.19,9.54,1.71,0.00,-0.01,0.00,-49.68,9.60,29.30,0,0,0,
8853,90,90,0.20,9.39,1.66,0.01,-0.01,0.00,-49.31,7.69,26.38,0,0,0,
8864,88,88,0.17,9.56,1.72,0.00,-0.01,0.00,-50.06,9.08,27.13,0,0,0,
8872,89,90,0.20,9.43,1.70,0.00,-0.01,0.00,-49.85,8.26,25.91,0,0,0,
8878,89,89,0.19,9.45,1.68,0.01,-0.01,0.00,-48.49,7.25,26.50,0,0,0,
8884,89,89,0.19,9.45,1.68,0.01,-0.01,0.00,-49.63,8.04,27.61,0,0,0,
8890,88,88,0.19,9.55,1.73,0.00,-0.01,0.00,-49.85,8.37,26.79,0,0,0,
8897,90,90,0.20,9.39,1.66,0.01,-0.01,0.00,-48.73,6.94,24.54,0,0,0,
8903,90,90,0.20,9.39,1.66,0.01,-0.01,0.00,-49.80,7.99,27.54,0,0,0,
8914,89,89,0.17,9.46,1.69,0.00,-0.01,0.00,-50.32,8.04,22.52,0,0,0,
8920,89,89,0.19,9.46,1.69,0.00,-0.01,0.00,-49.63,8.14,27.04,0,0,0,
8927,90,89,0.18,9.42,1.66,0.01,-0.01,0.00,-49.61,9.43,28.82,0,0,0,
8933,88,88,0.17,9.57,1.73,0.01,-0.01,0.00,-49.08,8.10,26.51,0,0,0,
8939,88,88,0.17,9.57,1.73,-0.00,-0.01,0.00,-48.92,6.83,26.03,0,0,0,
8944,90,90,0.20,9.37,1.68,0.01,-0.01,0.00,-49.43,8.35,29.06,0,0,0,
8951,88,88,0.16,9.56,1.68,0.01,-0.01,0.00,-49.28,7.86,26.69,0,0,0,
8957,88,88,0.16,9.56,1.68,0.01,-0.01,0.00,-48.47,6.72,29.42,0,0,0,
8969,89,89,0.19,9.47,1.70,-0.00,-0.01,0.00,-50.16,8.32,27.65,0,0,0,
8975,90,90,0.18,9.40,1.67,0.01,-0.01,0.00,-49.53,7.47,27.02,0,0,0,
8988,90,90,0.20,9.39,1.69,0.00,-0.01,0.00,-49.87,8.92,27.84,0,0,0,
8994,90,90,0.20,9.39,1.69,0.01,-0.01,0.00,-48.83,7.83,23.38,0,0,0,
9000,89,89,0.18,9.53,1.70,0.01,-0.01,0.00,-48.92,8.30,27.05,0,0,0,
9006,89,89,0.18,9.53,1.70,0.01,-0.01,0.00,-49.28,8.42,29.01,0,0,0,
9012,89,89,0.19,9.50,1.70,-0.00,-0.01,0.00,-49.55,8.46,27.77,0,0,0,
9024,90,90,0.19,9.39,1.68,0.01,-0.01,0.00,-49.47,8.59,28.33,0,0,0,
9030,88,88,0.18,9.58,1.72,0.00,-0.01,0.00,-49.31,8.71,28.71,0,0,0,
9037,89,90,0.21,9.41,1.68,0.00,-0.01,0.00,-48.51,7.63,26.57,0,0,0,
9043,89,90,0.21,9.41,1.68,0.00,-0.01,0.00,-49.53,8.56,28.12,0,0,0,
9050,89,89,0.18,9.48,1.69,0.01,-0.01,0.00,-49.46,8.37,27.97,0,0,0,
9056,89,89,0.19,9.53,1.74,0.00,-0.01,0.00,-50.20,7.44,25.86,0,0,0,
9062,89,89,0.19,9.53,1.66,0.00,-0.01,0.00,-49.12,8.36,28.14,0,0,0,
9068,90,90,0.19,9.39,1.66,0.01,-0.01,0.00,-49.97,10.03,30.49,0,0,0,
9079,88,88,0.17,9.58,1.71,0.00,-0.01,0.00,-49.05,7.48,28.62,0,0,0,
9086,89,90,0.20,9.42,1.70,-0.01,-0.01,0.00,-50.26,9.08,29.63,0,0,0,
9092,89,89,0.19,9.46,1.70,0.00,-0.02,0.00,-49.49,7.98,27.57,0,0,0,
9098,89,89,0.19,9.46,1.70,0.00,-0.02,0.00,-48.98,6.36,27.10,0,0,0,
9105,88,88,0.17,9.57,1.73,-0.01,-0.02,0.00,-49.27,8.74,28.90,0,0,0,
9111,90,90,0.19,9.37,1.67,-0.01,-0.02,0.00,-49.34,7.97,27.84,0,0,0,
9117,90,90,0.19,9.37,1.71,-0.01,-0.02,0.00,-48.45,6.68,26.89,0,0,0,
9129,89,89,0.20,9.46,1.72,-0.01,-0.02,0.00,-49.63,8.55,28.30,0,0,0,
9135,89,89,0.20,9.46,1.72,-0.01,-0.02,0.00,-49.39,8.10,23.22,0,0,0,
9149,88,88,0.18,9.57,1.72,0.00,-0.01,0.00,-49.62,8.45,28.73,0,0,0,
9156,90,90,0.21,9.39,1.67,0.00,-0.01,0.00,-49.04,7.18,25.39,0,0,0,
9162,90,90,0.21,9.39,1.67,0.00,-0.01,0.00,-49.61,8.33,28.02,0,0,0,
9168,89,89,0.17,9.52,1.73,0.00,-0.01,0.00,-50.10,9.66,27.45,0,0,0,
9175,89,89,0.19,9.47,1.73,0.00,-0.01,0.00,-50.13,7.41,25.10,0,0,0,
9181,89,89,0.19,9.47,1.73,0.00,-0.01,0.00,-49.62,8.23,27.80,0,0,0,
9193,88,88,0.18,9.58,1.73,0.00,-0.01,0.00,-49.50,8.04,26.76,0,0,0,
9199,88,88,0.18,9.58,1.73,0.00,-0.01,0.00,-48.79,7.89,27.65,0,0,0,
9206,90,90,0.21,9.39,1.69,0.00,-0.01,0.00,-50.28,9.70,28.52,0,0,0,
9212,89,89,0.15,9.49,1.71,0.01,-0.01,0.00,-49.23,7.72,26.78,0,0,0,
9218,89,89,0.15,9.49,1.71,0.01,-0.01,0.00,-49.71,7.72,26.50,0,0,0,
9224,89,89,0.19,9.50,1.72,0.00,-0.01,0.00,-49.93,8.17,28.28,0,0,0,
9231,90,90,0.20,9.40,1.67,0.01,-0.01,0.00,-49.39,8.21,26.60,0,0,0,
9242,88,88,0.18,9.58,1.74,0.00,-0.01,0.00,-49.56,7.78,27.21,0,0,0,
9249,90,90,0.20,9.41,1.71,0.00,-0.01,0.00,-50.34,9.05,26.59,0,0,0,
9255,90,90,0.20,9.41,1.71,0.00,-0.01,0.00,-49.58,7.64,25.43,0,0,0,
9261,89,89,0.17,9.48,1.69,0.01,-0.01,0.00,-49.42,7.86,27.92,0,0,0,
9268,88,89,0.19,9.53,1.72,0.00,-0.01,0.00,-49.90,9.27,27.36,0,0,0,
9274,88,89,0.19,9.53,1.72,0.00,-0.01,0.00,-49.87,7.76,26.03,0,0,0,
9280,90,90,0.20,9.37,1.68,0.01,-0.01,0.00,-49.47,7.78,26.72,0,0,0,
9285,88,88,0.17,9.57,1.74,0.00,-0.01,0.00,-49.56,9.19,29.54,0,0,0,
9297,89,90,0.19,9.42,1.70,0.00,-0.01,0.00,-48.57,6.62,25.02,0,0,0,
9304,89,89,0.18,9.46,1.67,0.01,-0.01,0.00,-49.66,8.16,28.27,0,0,0,
9318,88,88,0.18,9.56,1.74,-0.00,-0.01,0.00,-48.66,6.64,26.29,0,0,0,
9324,90,90,0.21,9.38,1.70,0.01,-0.01,0.00,-49.80,8.70,27.29,0,0,0,
9330,88,88,0.17,9.54,1.72,0.01,-0.01,0.00,-50.09,8.02,27.57,0,0,0,
9337,88,88,0.17,9.54,1.72,0.01,-0.01,0.00,-49.09,6.53,24.58,0,0,0,
9343,89,89,0.20,9.46,1.71,0.00,-0.01,0.00,-49.40,8.21,27.11,0,0,0,
9354,89,90,0.19,9.43,1.67,0.01,-0.01,0.00,-48.80,7.47,26.35,0,0,0,
9360,88,88,0.17,9.57,1.74,0.00,-0.01,0.00,-49.47,8.33,27.43,0,0,0,
9367,90,90,0.17,9.37,1.69,0.00,-0.01,0.00,-49.68,9.22,29.13,0,0,0,
9373,90,90,0.21,9.37,1.69,0.01,-0.01,0.00,-49.37,8.30,26.51,0,0,0,
9379,89,89,0.18,9.53,1.71,0.01,-0.01,0.00,-48.64,7.50,26.66,0,0,0,
9385,89,89,0.18,9.53,1.71,0.01,-0.01,0.00,-49.85,8.74,28.68,0,0,0,
9392,89,89,0.19,9.49,1.73,-0.00,-0.01,0.00,-49.56,7.94,27.10,0,0,0,
9397,90,90,0.18,9.40,1.69,0.01,-0.01,0.00,-48.74,6.45,26.92,0,0,0,
9409,88,88,0.17,9.58,1.73,0.01,-0.01,0.00,-49.68,8.99,27.36,0,0,0,
9415,90,90,0.21,9.39,1.68,0.01,-0.01,0.00,-49.20,7.32,25.40,0,0,0,
9422,90,90,0.21,9.39,1.68,0.01,-0.01,0.00,-49.42,9.06,27.08,0,0,0,
9428,89,89,0.18,9.49,1.70,0.01,-0.01,0.00,-49.52,8.87,27.32,0,0,0,
9434,89,89,0.18,9.52,1.74,0.00,-0.01,0.00,-49.30,8.08,26.51,0,0,0,
9440,89,89,0.18,9.52,1.74,0.00,-0.01,0.00,-49.27,8.77,27.30,0,0,0,
9446,90,90,0.19,9.39,1.69,0.01,-0.01,0.00,-49.84,9.03,27.95,0,0,0,
9457,88,88,0.18,9.57,1.72,0.01,-0.01,0.00,-49.02,7.13,25.33,0,0,0,
9464,89,90,0.20,9.42,1.70,0.00,-0.01,0.00,-49.80,8.48,27.43,0,0,0,
9470,89,89,0.18,9.45,1.71,0.01,-0.01,0.00,-49.33,8.30,26.73,0,0,0,
9483,89,88,0.18,9.53,1.74,0.00,-0.01,0.00,-48.95,7.85,27.21,0,0,0,
9490,90,90,0.19,9.39,1.66,0.01,-0.01,0.00,-49.59,8.35,26.82,0,0,0,
9496,90,90,0.19,9.39,1.66,0.01,-0.01,0.00,-49.12,7.56,25.93,0,0,0,
9502,88,88,0.18,9.56,1.73,0.00,-0.01,0.00,-49.31,8.55,26.28,0,0,0,
9508,89,90,0.21,9.42,1.72,0.00,-0.01,0.00,-50.26,10.23,27.13,0,0,0,
9520,89,89,0.18,9.44,1.71,0.01,-0.01,0.00,-49.04,8.08,27.19,0,0,0,
9527,88,88,0.18,9.57,1.74,0.00,-0.01,0.00,-50.66,9.37,28.31,0,0,0,
9533,88,88,0.18,9.57,1.74,0.00,-0.01,0.00,-49.01,8.20,26.76,0,0,0,
9539,90,90,0.21,9.38,1.65,0.00,-0.01,0.00,-48.68,8.35,27.35,0,0,0,
9546,88,88,0.18,9.55,1.73,0.00,-0.01,0.00,-49.90,8.89,28.78,0,0,0,
9552,89,89,0.18,9.43,1.73,0.00,-0.01,0.00,-49.63,8.27,27.65,0,0,0,
9558,89,90,0.20,9.43,1.73,0.00,-0.01,0.00,-48.36,7.19,29.35,0,0,0,
9569,90,90,0.18,9.42,1.68,0.01,-0.01,0.00,-49.63,9.16,27.00,0,0,0,
9576,88,88,0.18,9.57,1.73,0.00,-0.01,0.00,-49.31,7.48,24.77,0,0,0,
9583,90,90,0.20,9.39,1.69,0.00,-0.01,0.00,-49.52,8.42,27.71,0,0,0,
9589,90,90,0.20,9.39,1.69,0.00,-0.01,0.00,-49.66,8.43,27.36,0,0,0,
9595,89,89,0.17,9.52,1.72,0.01,-0.01,0.00,-49.31,7.97,26.64,0,0,0,
9601,89,89,0.18,9.48,1.73,0.00,-0.01,0.00,-49.05,8.56,26.83,0,0,0,
9608,90,90,0.20,9.40,1.68,0.00,-0.01,0.00,-49.85,9.78,28.43,0,0,0,
