Start of File
686,89,90,0.24,9.61,0.64,0.02,-0.01,0.00,-57.59,15.20,21.89,0,0,0,
692,89,90,0.24,9.61,0.77,0.02,-0.01,0.00,-58.49,16.25,23.53,0,0,0,
699,90,90,0.19,9.59,0.77,-0.01,-0.01,0.00,-58.24,15.42,22.60,0,0,0,
705,89,89,0.21,9.68,0.73,0.00,-0.01,0.00,-57.32,14.16,22.38,0,0,0,
711,90,90,0.22,9.54,0.71,0.00,-0.01,0.00,-58.04,15.77,22.80,0,0,0,
717,90,90,0.22,9.54,0.71,-0.01,-0.01,0.00,-58.52,16.95,22.00,0,0,0,
723,89,89,0.18,9.65,0.79,0.00,-0.01,0.00,-57.97,15.19,20.91,0,0,0,
730,89,90,0.22,9.59,0.71,0.00,-0.01,0.00,-58.70,16.15,22.26,0,0,0,
741,89,89,0.19,9.60,0.73,0.01,-0.01,0.00,-58.35,15.54,21.54,0,0,0,
747,89,89,0.19,9.60,0.73,0.01,-0.01,0.00,-57.80,15.16,23.11,0,0,0,
753,88,89,0.20,9.69,0.73,-0.00,-0.01,0.00,-58.83,16.57,22.62,0,0,0,
767,89,89,0.17,9.64,0.80,-0.01,-0.01,0.00,-57.57,15.90,23.09,0,0,0,
773,89,89,0.17,9.64,0.80,-0.00,-0.01,0.00,-58.93,17.28,24.39,0,0,0,
779,89,90,0.22,9.60,0.70,0.01,-0.01,0.00,-57.73,15.64,22.46,0,0,0,
785,90,90,0.19,9.59,0.72,0.01,-0.01,0.00,-57.31,14.91,22.23,0,0,0,
797,89,89,0.21,9.67,0.78,0.01,-0.01,0.00,-58.26,16.68,23.36,0,0,0,
804,89,90,0.23,9.57,0.71,0.01,-0.01,0.00,-58.17,13.93,21.31,0,0,0,
810,89,90,0.23,9.57,0.71,0.01,-0.01,0.00,-58.46,16.14,22.80,0,0,0,
816,89,89,0.17,9.64,0.79,0.00,-0.01,0.00,-58.71,16.71,22.38,0,0,0,
823,89,90,0.22,9.62,0.71,0.00,-0.01,0.00,-57.89,15.49,21.84,0,0,0,
829,89,90,0.22,9.62,0.71,0.00,-0.01,0.00,-58.30,15.68,23.24,0,0,0,
835,90,90,0.21,9.57,0.74,-0.00,-0.01,0.00,-59.50,17.35,22.95,0,0,0,
841,89,89,0.20,9.67,0.77,0.02,-0.01,0.00,-58.29,15.90,21.76,0,0,0,
852,89,90,0.22,9.60,0.68,0.01,-0.01,0.00,-58.46,16.19,23.34,0,0,0,
859,89,89,0.18,9.62,0.77,0.01,-0.01,0.00,-58.17,16.08,22.92,0,0,0,
865,89,89,0.18,9.62,0.77,-0.01,-0.01,0.00,-57.07,14.73,21.37,0,0,0,
870,89,89,0.22,9.63,0.73,0.01,-0.01,0.00,-57.82,16.54,22.89,0,0,0,
876,89,89,0.22,9.63,0.73,0.01,-0.01,0.00,-58.20,16.46,22.95,0,0,0,
883,89,90,0.21,9.59,0.70,0.00,-0.01,0.00,-57.70,15.14,21.41,0,0,0,
889,89,89,0.18,9.66,0.80,0.00,-0.01,0.00,-58.39,16.14,23.15,0,0,0,
900,89,90,0.22,9.57,0.71,0.02,-0.01,0.00,-57.88,15.78,22.96,0,0,0,
906,89,89,0.17,9.66,0.73,0.00,-0.01,0.00,-57.86,16.27,23.24,0,0,0,
913,89,89,0.17,9.66,0.73,0.00,-0.01,0.00,-58.94,17.07,23.60,0,0,0,
919,89,90,0.22,9.62,0.75,0.00,-0.01,0.00,-58.40,15.58,22.64,0,0,0,
931,90,90,0.20,9.57,0.72,0.01,-0.01,0.00,-58.17,16.11,22.93,0,0,0,
937,89,89,0.20,9.67,0.77,0.01,-0.01,0.00,-58.80,15.93,22.65,0,0,0,
944,89,90,0.24,9.59,0.68,0.01,-0.01,0.00,-57.44,14.09,21.70,0,0,0,
950,89,90,0.24,9.59,0.68,0.01,-0.01,0.00,-58.14,15.90,22.77,0,0,0,
961,89,89,0.21,9.63,0.76,0.01,-0.01,0.00,-58.45,15.86,21.81,0,0,0,
967,89,89,0.21,9.63,0.76,0.01,-0.01,0.00,-58.65,15.16,22.43,0,0,0,
973,89,90,0.21,9.58,0.69,0.01,-0.01,0.00,-58.84,17.11,23.49,0,0,0,
980,89,89,0.17,9.66,0.78,0.00,-0.01,0.00,-58.71,15.77,22.60,0,0,0,
986,89,89,0.17,9.66,0.78,0.00,-0.01,0.00,-57.37,18.42,23.06,0,0,0,
992,89,90,0.22,9.61,0.70,0.01,-0.01,0.00,-58.30,16.52,22.84,0,0,0,
998,90,89,0.17,9.60,0.77,-0.01,-0.01,0.00,-58.21,15.57,21.81,0,0,0,
1010,89,89,0.20,9.64,0.76,0.01,-0.01,0.00,-58.26,15.43,22.58,0,0,0,
1017,89,90,0.22,9.58,0.68,0.01,-0.01,0.00,-58.30,15.78,22.30,0,0,0,
1023,89,90,0.22,9.58,0.68,0.01,-0.01,0.00,-57.64,15.59,21.75,0,0,0,
1028,89,89,0.18,9.65,0.79,0.00,-0.01,0.00,-58.52,15.36,23.05,0,0,0,
1035,89,90,0.21,9.60,0.71,0.01,-0.01,0.00,-59.28,16.60,22.99,0,0,0,
1041,89,90,0.21,9.60,0.71,0.01,-0.01,0.00,-57.82,15.89,23.02,0,0,0,
1047,89,89,0.18,9.60,0.73,0.00,-0.01,0.00,-58.37,15.84,22.86,0,0,0,
1053,89,89,0.20,9.66,0.77,0.00,-0.01,0.00,-58.58,16.71,23.95,0,0,0,
1064,89,90,0.22,9.58,0.66,0.01,-0.01,0.00,-57.78,14.25,22.08,0,0,0,
1071,89,89,0.22,9.64,0.81,0.01,-0.01,0.00,-59.27,16.11,23.28,0,0,0,
1077,89,89,0.17,9.64,0.81,-0.01,-0.01,0.00,-58.36,15.83,21.94,0,0,0,
1091,89,90,0.20,9.60,0.73,0.00,-0.01,0.00,-58.27,16.33,24.04,0,0,0,
1097,89,90,0.20,9.60,0.73,0.00,-0.01,0.00,-59.06,16.85,22.48,0,0,0,
1104,89,89,0.21,9.67,0.76,0.01,-0.01,0.00,-58.04,14.86,23.18,0,0,0,
1110,89,90,0.22,9.57,0.70,0.00,-0.01,0.00,-58.80,16.08,23.74,0,0,0,
1121,89,89,0.18,9.63,0.84,-0.01,-0.01,0.00,-58.71,15.71,22.26,0,0,0,
1127,89,90,0.23,9.63,0.74,-0.01,-0.01,0.00,-58.61,15.93,22.33,0,0,0,
1134,89,90,0.23,9.63,0.74,0.02,-0.01,0.00,-59.31,17.54,22.64,0,0,0,
1140,89,90,0.21,9.59,0.75,0.00,-0.01,0.00,-57.91,15.90,23.17,0,0,0,
1146,89,89,0.18,9.67,0.83,0.00,-0.01,0.00,-57.47,15.73,22.43,0,0,0,
1151,89,89,0.18,9.67,0.83,0.01,-0.01,0.00,-58.89,15.73,22.67,0,0,0,
1158,89,90,0.22,9.58,0.73,0.01,-0.01,0.00,-58.62,15.61,23.17,0,0,0,
1164,89,89,0.18,9.62,0.85,0.00,-0.01,0.00,-57.95,14.51,21.51,0,0,0,
1176,89,89,0.22,9.65,0.75,0.03,-0.01,0.00,-58.68,16.16,22.03,0,0,0,
1182,89,89,0.22,9.65,0.75,0.03,-0.01,0.00,-58.48,15.04,21.59,0,0,0,
1188,90,90,0.20,9.58,0.73,0.00,-0.01,0.00,-58.17,15.81,22.77,0,0,0,
1195,89,89,0.18,9.65,0.83,0.00,-0.01,0.00,-58.94,17.13,23.47,0,0,0,
1201,89,89,0.18,9.60,0.72,0.00,-0.01,0.00,-58.33,15.99,22.33,0,0,0,
1207,89,90,0.23,9.60,0.72,0.01,-0.01,0.00,-57.22,16.22,22.55,0,0,0,
1212,89,89,0.19,9.61,0.82,-0.00,-0.01,0.00,-58.36,16.47,24.17,0,0,0,
1224,89,89,0.21,9.66,0.78,0.02,-0.01,0.00,-57.32,15.02,25.74,0,0,0,
1231,90,90,0.21,9.57,0.75,-0.00,-0.01,0.00,-58.32,15.81,23.14,0,0,0,
1237,90,90,0.21,9.57,0.75,-0.00,-0.01,0.00,-58.30,15.89,23.17,0,0,0,
1250,89,90,0.23,9.61,0.72,0.02,-0.01,0.00,-58.89,15.81,22.45,0,0,0,
1257,90,90,0.18,9.60,0.82,0.02,-0.01,0.00,-58.86,16.41,21.97,0,0,0,
1263,90,90,0.18,9.60,0.82,-0.00,-0.01,0.00,-58.24,14.32,21.09,0,0,0,
1269,89,89,0.21,9.64,0.80,0.02,-0.01,0.00,-58.93,15.95,22.68,0,0,0,
1280,89,90,0.21,9.58,0.73,0.01,-0.01,0.00,-58.46,15.80,22.84,0,0,0,
1286,89,89,0.19,9.66,0.83,0.01,-0.01,0.00,-58.04,15.59,23.22,0,0,0,
1293,89,89,0.19,9.63,0.71,0.01,-0.01,0.00,-59.50,16.50,23.84,0,0,0,
1299,89,90,0.22,9.63,0.71,0.00,-0.01,0.00,-58.46,15.73,22.67,0,0,0,
1305,90,90,0.18,9.58,0.83,-0.02,-0.01,0.00,-57.75,14.53,22.71,0,0,0,
1310,90,90,0.18,9.58,0.83,-0.02,-0.01,0.00,-58.29,16.12,23.08,0,0,0,
1317,89,89,0.20,9.66,0.80,0.01,-0.01,0.00,-58.56,16.11,22.05,0,0,0,
1323,89,90,0.22,9.57,0.73,0.00,-0.01,0.00,-57.64,14.54,21.18,0,0,0,
1334,89,89,0.18,9.66,0.84,-0.00,-0.01,0.00,-59.22,17.32,23.59,0,0,0,
1340,89,90,0.23,9.63,0.75,0.31,-0.01,0.00,-58.32,15.74,23.22,0,0,0,
1347,89,90,0.23,9.63,0.75,0.01,-0.01,0.00,-58.04,15.81,22.87,0,0,0,
1353,90,90,0.19,9.57,0.80,-0.00,-0.01,0.00,-58.75,16.59,23.78,0,0,0,
1359,89,89,0.20,9.67,0.81,0.01,-0.01,0.00,-58.27,15.54,22.70,0,0,0,
1364,89,89,0.20,9.67,0.81,0.01,-0.01,0.00,-57.98,15.33,22.62,0,0,0,
1371,89,90,0.22,9.57,0.73,0.01,-0.01,0.00,-58.33,16.50,23.72,0,0,0,
1382,89,89,0.17,9.65,0.83,0.01,-0.01,0.00,-57.97,15.40,22.32,0,0,0,
1388,89,90,0.23,9.63,0.75,0.02,-0.01,0.00,-58.13,16.40,22.22,0,0,0,
1394,89,90,0.23,9.63,0.75,0.02,-0.01,0.00,-58.86,17.38,22.65,0,0,0,
1406,89,89,0.19,9.68,0.82,0.01,-0.01,0.00,-56.99,16.18,22.62,0,0,0,
1414,89,90,0.23,9.57,0.73,0.01,-0.01,0.00,-58.77,17.28,23.15,0,0,0,
1420,89,90,0.23,9.57,0.73,0.01,-0.01,0.00,-57.72,15.78,23.17,0,0,0,
1426,89,89,0.18,9.64,0.83,0.01,-0.01,0.00,-56.97,15.04,22.76,0,0,0,
1432,89,89,0.18,9.64,0.83,0.01,-0.01,0.00,-58.62,16.57,23.97,0,0,0,
1443,89,90,0.21,9.59,0.72,-0.01,-0.01,0.00,-57.18,14.37,21.86,0,0,0,
1451,89,89,0.18,9.66,0.83,-0.01,-0.01,0.00,-58.23,16.14,22.81,0,0,0,
1457,89,89,0.18,9.66,0.83,-0.02,-0.01,0.00,-57.54,15.59,23.12,0,0,0,
1463,90,90,0.23,9.53,0.79,0.01,-0.01,0.00,-57.31,14.98,22.43,0,0,0,
1469,89,89,0.18,9.64,0.78,0.01,-0.01,0.00,-58.40,15.84,22.45,0,0,0,
1475,89,89,0.18,9.64,0.78,0.03,-0.01,0.00,-58.48,16.76,22.05,0,0,0,
1481,89,89,0.22,9.66,0.75,0.03,-0.01,0.00,-57.92,15.67,20.91,0,0,0,
1492,90,90,0.20,9.58,0.72,0.02,-0.01,0.00,-58.93,16.43,23.71,0,0,0,
1499,89,89,0.18,9.70,0.78,-0.01,-0.01,0.00,-57.76,15.97,22.79,0,0,0,
1505,89,89,0.18,9.70,0.78,-0.01,-0.01,0.00,-57.31,14.54,22.93,0,0,0,
1511,89,90,0.24,9.55,0.77,-0.00,-0.01,0.00,-58.17,16.08,24.03,0,0,0,
1517,89,89,0.19,9.62,0.79,0.01,-0.01,0.00,-58.45,16.02,22.41,0,0,0,
1523,89,89,0.19,9.62,0.79,0.01,-0.01,0.00,-57.76,11.37,21.47,0,0,0,
1530,89,89,0.20,9.65,0.81,0.02,-0.01,0.00,-57.92,16.09,22.32,0,0,0,
1542,90,90,0.20,9.56,0.75,0.03,-0.01,0.00,-57.91,15.51,21.13,0,0,0,
1548,89,88,0.18,9.70,0.77,0.02,-0.01,0.00,-58.36,15.46,23.49,0,0,0,
1554,89,90,0.23,9.58,0.72,0.01,-0.01,0.00,-59.49,17.11,22.93,0,0,0,
1567,89,89,0.19,9.63,0.77,-0.01,-0.01,0.00,-58.40,16.06,22.54,0,0,0,
1574,89,89,0.21,9.65,0.78,-0.02,-0.01,0.00,-59.19,17.03,23.74,0,0,0,
1580,90,90,0.21,9.55,0.77,-0.02,-0.01,0.00,-58.11,15.65,23.34,0,0,0,
1586,90,90,0.21,9.55,0.77,0.00,-0.01,0.00,-58.14,15.51,24.07,0,0,0,
1592,89,89,0.18,9.66,0.81,0.02,-0.01,0.00,-58.56,16.35,23.71,0,0,0,
1604,89,90,0.22,9.56,0.78,0.03,-0.01,0.00,-57.25,14.03,21.57,0,0,0,
1610,89,89,0.20,9.61,0.76,0.04,-0.01,0.00,-58.68,15.83,23.12,0,0,0,
1616,89,89,0.20,9.61,0.76,0.04,-0.01,0.00,-58.67,15.89,22.77,0,0,0,
1622,88,89,0.20,9.70,0.75,0.02,-0.01,0.00,-57.91,15.05,21.41,0,0,0,
1629,89,90,0.23,9.59,0.71,-0.01,-0.01,0.00,-58.39,15.76,23.90,0,0,0,
1635,89,90,0.23,9.59,0.71,-0.01,-0.01,0.00,-59.24,16.81,20.20,0,0,0,
1641,89,89,0.18,9.66,0.80,-0.02,-0.01,0.00,-57.69,15.45,22.48,0,0,0,
1652,89,90,0.23,9.58,0.79,-0.01,-0.01,0.00,-58.49,16.98,23.31,0,0,0,
1659,90,90,0.20,9.57,0.79,-0.00,-0.01,0.00,-57.91,15.68,22.52,0,0,0,
1665,89,89,0.20,9.67,0.80,0.01,-0.01,0.00,-56.68,15.42,23.19,0,0,0,
1671,89,89,0.20,9.67,0.80,0.01,-0.01,0.00,-58.33,15.71,23.84,0,0,0,
1677,89,90,0.22,9.59,0.71,0.01,-0.01,0.00,-58.30,15.86,22.99,0,0,0,
1684,89,89,0.18,9.64,0.82,-0.01,-0.01,0.00,-58.10,14.91,23.46,0,0,0,
1690,89,89,0.18,9.64,0.82,-0.01,-0.01,0.00,-58.17,16.18,22.64,0,0,0,
1701,89,90,0.20,9.59,0.75,0.00,-0.01,0.00,-57.34,15.52,22.87,0,0,0,
1707,89,90,0.20,9.59,0.75,0.00,-0.01,0.00,-57.61,16.05,24.10,0,0,0,
1713,89,89,0.20,9.67,0.81,0.01,-0.01,0.00,-58.54,16.85,23.34,0,0,0,
1726,89,90,0.22,9.56,0.74,0.02,-0.01,0.00,-57.80,15.73,22.80,0,0,0,
1733,89,89,0.17,9.65,0.79,0.01,-0.01,0.00,-59.18,17.09,23.59,0,0,0,
1739,88,89,0.23,9.66,0.73,0.02,-0.01,0.00,-58.45,15.57,22.70,0,0,0,
1745,88,89,0.23,9.66,0.73,0.02,-0.01,0.00,-57.13,14.38,23.59,0,0,0,
1751,89,90,0.20,9.59,0.74,-0.01,-0.01,0.00,-58.17,15.92,23.87,0,0,0,
1763,89,89,0.19,9.66,0.81,-0.01,-0.01,0.00,-56.91,14.51,22.55,0,0,0,
1769,89,90,0.23,9.56,0.74,0.00,-0.01,0.00,-58.45,16.28,23.30,0,0,0,
1775,89,89,0.18,9.62,0.81,0.00,-0.01,0.00,-58.80,16.65,23.40,0,0,0,
1781,89,89,0.18,9.62,0.81,0.00,-0.01,0.00,-57.73,15.58,22.62,0,0,0,
1787,89,89,0.21,9.66,0.76,0.02,-0.01,0.00,-57.56,15.67,24.06,0,0,0,
1793,89,90,0.21,9.58,0.70,0.02,-0.01,0.00,-58.92,16.85,23.75,0,0,0,
1799,89,90,0.21,9.58,0.70,0.01,-0.01,0.00,-58.17,15.57,23.36,0,0,0,
1810,89,89,0.19,9.65,0.82,-0.00,-0.01,0.00,-58.13,15.71,23.69,0,0,0,
1817,89,90,0.23,9.58,0.73,0.01,-0.01,0.00,-58.01,15.13,23.71,0,0,0,
1823,89,89,0.19,9.62,0.78,0.01,-0.01,0.00,-57.83,13.81,22.98,0,0,0,
1829,89,89,0.19,9.62,0.78,0.01,-0.01,0.00,-58.54,15.70,23.05,0,0,0,
1835,89,89,0.20,9.66,0.78,0.02,-0.01,0.00,-58.75,16.63,23.18,0,0,0,
1842,89,90,0.21,9.59,0.71,0.02,-0.01,0.00,-57.70,14.76,22.80,0,0,0,
1848,89,90,0.21,9.59,0.77,0.02,-0.01,0.00,-57.88,15.84,22.77,0,0,0,
1854,89,89,0.19,9.69,0.77,-0.01,-0.01,0.00,-58.56,17.07,24.73,0,0,0,
1865,89,90,0.22,9.58,0.75,-0.01,-0.01,0.00,-57.47,14.72,22.98,0,0,0,
1872,89,89,0.19,9.60,0.78,-0.02,-0.01,0.00,-58.96,16.16,24.73,0,0,0,
1878,89,89,0.21,9.63,0.82,-0.01,-0.01,0.00,-58.07,15.20,22.71,0,0,0,
1891,90,90,0.22,9.53,0.80,0.03,-0.01,0.00,-58.24,15.76,24.36,0,0,0,
1897,89,89,0.18,9.67,0.78,0.05,-0.01,0.00,-58.18,15.71,24.09,0,0,0,
1903,89,89,0.18,9.67,0.70,0.05,-0.01,0.00,-57.63,13.93,22.95,0,0,0,
1909,89,89,0.23,9.65,0.70,0.04,-0.01,0.00,-58.33,15.80,24.48,0,0,0,
1921,89,89,0.20,9.62,0.75,0.00,-0.01,0.00,-57.95,14.97,23.85,0,0,0,
1927,89,89,0.20,9.66,0.79,-0.00,-0.01,0.00,-58.45,15.23,24.88,0,0,0,
1933,90,90,0.22,9.55,0.75,0.00,-0.01,0.00,-59.57,17.19,24.63,0,0,0,
1940,90,90,0.22,9.55,0.75,0.00,-0.01,0.00,-57.98,15.84,23.34,0,0,0,
1946,89,89,0.17,9.64,0.81,0.01,-0.01,0.00,-57.85,15.74,24.77,0,0,0,
1952,89,90,0.23,9.63,0.74,0.02,-0.01,0.00,-58.80,16.08,24.71,0,0,0,
1958,89,90,0.23,9.63,0.74,0.02,-0.01,0.00,-58.56,15.59,23.62,0,0,0,
1969,89,89,0.19,9.66,0.81,-0.31,-0.01,0.00,-58.39,15.83,24.29,0,0,0,
1976,89,89,0.19,9.66,0.81,-0.00,-0.01,0.00,-58.86,15.71,24.25,0,0,0,
1982,90,90,0.21,9.54,0.75,0.01,-0.01,0.00,-57.72,15.20,23.74,0,0,0,
1988,89,89,0.18,9.67,0.76,0.01,-0.01,0.00,-58.02,15.84,24.63,0,0,0,
1995,89,89,0.18,9.67,0.76,0.01,-0.01,0.00,-58.90,16.84,23.95,0,0,0,
2001,89,90,0.23,9.63,0.75,0.01,-0.01,0.00,-57.15,15.20,23.91,0,0,0,
2007,89,90,0.21,9.59,0.74,0.00,-0.01,0.00,-57.78,15.95,24.35,0,0,0,
2013,89,90,0.21,9.59,0.74,0.00,-0.01,0.00,-58.68,16.31,25.34,0,0,0,
2024,90,90,0.19,9.55,0.74,-0.01,-0.01,0.00,-57.28,13.97,23.53,0,0,0,
2031,90,90,0.23,9.55,0.74,-0.00,-0.01,0.00,-58.02,16.14,24.60,0,0,0,
2037,89,89,0.18,9.64,0.77,0.00,-0.01,0.00,-58.13,15.49,23.76,0,0,0,
2050,89,89,0.22,9.64,0.77,0.01,-0.01,0.00,-58.67,15.64,24.71,0,0,0,
2056,90,90,0.21,9.57,0.74,0.00,-0.01,0.00,-58.80,15.89,24.22,0,0,0,
2063,89,89,0.18,9.69,0.77,0.00,-0.01,0.00,-57.95,14.78,22.95,0,0,0,
2069,89,89,0.18,9.69,0.77,0.00,-0.01,0.00,-58.36,15.87,23.87,0,0,0,
2081,89,89,0.18,9.63,0.78,0.01,-0.01,0.00,-57.83,15.30,23.82,0,0,0,
2087,89,89,0.18,9.63,0.78,0.01,-0.01,0.00,-58.45,15.81,24.33,0,0,0,
2094,89,89,0.21,9.66,0.75,0.01,-0.01,0.00,-59.43,16.94,24.38,0,0,0,
2100,90,90,0.20,9.55,0.75,0.00,-0.01,0.00,-58.26,16.15,24.19,0,0,0,
2106,90,90,0.20,9.55,0.75,0.00,-0.01,0.00,-57.83,15.57,23.17,0,0,0,
2112,89,89,0.18,9.67,0.80,0.01,-0.01,0.00,-57.94,15.90,24.41,0,0,0,
2118,89,90,0.24,9.62,0.71,0.01,-0.01,0.00,-57.86,15.38,24.10,0,0,0,
2124,89,90,0.24,9.62,0.71,0.01,-0.01,0.00,-57.12,14.63,23.55,0,0,0,
2135,89,89,0.21,9.63,0.80,0.01,-0.01,0.00,-58.55,16.02,24.06,0,0,0,
2141,89,89,0.21,9.63,0.80,0.01,-0.01,0.00,-58.04,15.78,23.27,0,0,0,
2147,89,90,0.22,9.57,0.71,0.01,-0.01,0.00,-58.78,14.82,24.00,0,0,0,
2154,89,89,0.18,9.67,0.82,0.00,-0.01,0.00,-59.00,15.96,24.38,0,0,0,
2160,89,89,0.18,9.67,0.82,0.00,-0.01,0.00,-58.17,15.54,24.28,0,0,0,
2166,89,90,0.23,9.62,0.71,0.01,-0.01,0.00,-58.02,15.57,24.01,0,0,0,
2172,89,90,0.23,9.62,0.78,0.01,-0.01,0.00,-58.16,16.27,24.88,0,0,0,
2183,89,89,0.20,9.66,0.79,0.01,-0.01,0.00,-57.48,14.35,23.22,0,0,0,
2190,89,89,0.20,9.66,0.71,0.01,-0.01,0.00,-58.62,15.57,24.04,0,0,0,
2196,89,90,0.22,9.57,0.71,0.01,-0.01,0.00,-58.87,16.21,22.65,0,0,0,
2207,89,89,0.17,9.66,0.81,-0.00,-0.01,0.00,-58.35,15.49,23.74,0,0,0,
2215,89,90,0.23,9.62,0.74,0.01,-0.01,0.00,-59.06,16.57,24.79,0,0,0,
2221,90,90,0.20,9.57,0.78,0.01,-0.01,0.00,-57.99,15.33,24.39,0,0,0,
2226,90,90,0.20,9.57,0.78,0.01,-0.01,0.00,-58.14,15.55,24.95,0,0,0,
2238,90,90,0.21,9.56,0.74,0.03,-0.01,0.00,-58.07,14.94,24.28,0,0,0,
2244,90,90,0.21,9.56,0.74,0.03,-0.01,0.00,-56.90,14.32,24.45,0,0,0,
2251,89,89,0.17,9.68,0.76,0.02,-0.01,0.00,-58.65,16.16,24.77,0,0,0,
2257,89,90,0.22,9.62,0.75,0.01,-0.01,0.00,-58.37,15.84,23.95,0,0,0,
2263,89,90,0.22,9.62,0.75,0.01,-0.01,0.00,-57.16,14.51,24.01,0,0,0,
2269,89,90,0.21,9.58,0.76,0.00,-0.01,0.00,-58.11,15.80,25.56,0,0,0,
2276,89,89,0.19,9.68,0.79,0.01,-0.01,0.00,-58.96,15.68,23.81,0,0,0,
2282,89,89,0.19,9.68,0.79,0.01,-0.01,0.00,-57.53,14.57,23.31,0,0,0,
2293,89,89,0.18,9.65,0.78,0.01,-0.01,0.00,-58.56,16.44,25.15,0,0,0,
2299,89,89,0.18,9.65,0.78,0.01,-0.01,0.00,-58.37,14.28,24.61,0,0,0,
2306,89,89,0.22,9.64,0.73,0.01,-0.01,0.00,-57.37,14.40,24.69,0,0,0,
2312,90,90,0.20,9.58,0.73,-0.00,-0.01,0.00,-58.27,15.77,25.55,0,0,0,
2318,90,90,0.20,9.58,0.73,-0.00,-0.01,0.00,-57.97,15.51,24.39,0,0,0,
2324,89,89,0.18,9.66,0.81,-0.00,-0.01,0.00,-57.44,14.19,22.71,0,0,0,
2330,89,90,0.23,9.57,0.72,0.01,-0.01,0.00,-58.30,15.20,25.18,0,0,0,
2342,89,89,0.17,9.66,0.74,-0.00,-0.01,0.00,-57.94,14.34,23.62,0,0,0,
2348,89,90,0.21,9.62,0.78,-0.01,-0.01,0.00,-58.74,15.99,24.39,0,0,0,
2354,89,90,0.21,9.62,0.78,-0.01,-0.01,0.00,-59.11,16.54,24.13,0,0,0,
2367,89,89,0.18,9.69,0.77,0.03,-0.01,0.00,-57.72,15.55,23.85,0,0,0,
2375,89,89,0.18,9.69,0.77,0.03,-0.01,0.00,-58.83,15.64,23.98,0,0,0,
2380,89,90,0.22,9.58,0.70,0.02,-0.01,0.00,-57.79,14.51,23.91,0,0,0,
2386,89,89,0.19,9.63,0.77,-0.00,-0.01,0.00,-58.10,15.46,24.86,0,0,0,
2392,89,89,0.19,9.63,0.77,-0.00,-0.01,0.00,-58.78,15.92,24.85,0,0,0,
2404,89,90,0.20,9.61,0.69,0.00,-0.01,0.00,-57.28,14.45,22.51,0,0,0,
2411,89,90,0.20,9.61,0.69,0.00,-0.01,0.00,-58.35,15.76,24.48,0,0,0,
2417,89,89,0.19,9.65,0.83,-0.03,-0.01,0.00,-58.49,15.23,23.06,0,0,0,
2422,89,90,0.23,9.57,0.74,0.00,-0.01,0.00,-58.08,14.79,22.79,0,0,0,
2429,89,90,0.23,9.57,0.74,0.00,-0.01,0.00,-58.11,15.74,24.32,0,0,0,
2435,89,89,0.19,9.60,0.77,0.00,-0.01,0.00,-58.52,15.93,24.52,0,0,0,
2441,89,89,0.22,9.67,0.78,0.02,-0.01,0.00,-58.23,14.75,23.84,0,0,0,
2453,89,90,0.22,9.57,0.70,0.00,-0.01,0.00,-58.70,16.62,25.12,0,0,0,
2459,89,89,0.17,9.63,0.85,0.00,-0.01,0.00,-58.11,15.04,24.07,0,0,0,
2466,89,89,0.17,9.63,0.85,-0.00,-0.01,0.00,-57.69,15.23,24.16,0,0,0,
2472,89,90,0.22,9.62,0.71,0.02,-0.01,0.00,-58.36,16.78,25.62,0,0,0,
2478,89,90,0.19,9.60,0.76,-0.01,-0.01,0.00,-58.71,15.59,23.79,0,0,0,
2483,89,90,0.19,9.60,0.76,-0.01,-0.01,0.00,-56.99,14.48,23.22,0,0,0,
2490,89,89,0.21,9.66,0.80,0.00,-0.01,0.00,-58.29,15.81,24.90,0,0,0,
2502,89,90,0.23,9.56,0.73,0.01,-0.01,0.00,-58.48,14.50,23.47,0,0,0,
2508,89,89,0.17,9.64,0.81,0.00,-0.01,0.00,-58.67,15.93,25.12,0,0,0,
2514,89,89,0.17,9.64,0.81,0.00,-0.01,0.00,-58.84,16.76,24.95,0,0,0,
2527,89,90,0.20,9.58,0.73,0.01,-0.01,0.00,-57.79,15.16,24.86,0,0,0,
2534,89,89,0.20,9.66,0.81,0.00,-0.01,0.00,-59.06,16.59,24.48,0,0,0,
2540,89,89,0.20,9.66,0.81,0.00,-0.01,0.00,-57.51,15.35,24.25,0,0,0,
2546,89,90,0.22,9.58,0.70,0.02,-0.01,0.00,-57.56,15.42,25.37,0,0,0,
2552,89,89,0.17,9.64,0.81,0.00,-0.01,0.00,-58.43,16.40,25.99,0,0,0,
2564,89,89,0.22,9.65,0.72,0.02,-0.01,0.00,-56.91,14.21,23.38,0,0,0,
2570,89,90,0.21,9.60,0.71,-0.29,-0.01,0.00,-58.17,15.05,25.33,0,0,0,
2576,89,90,0.21,9.60,0.71,-0.00,-0.01,0.00,-58.17,15.16,24.29,0,0,0,
2582,89,89,0.19,9.65,0.82,-0.01,-0.01,0.00,-58.36,14.51,23.65,0,0,0,
2588,89,90,0.23,9.57,0.72,-0.01,-0.01,0.00,-58.01,15.20,25.21,0,0,0,
2594,89,90,0.23,9.57,0.72,0.02,-0.01,0.00,-58.43,15.83,24.89,0,0,0,
2600,89,89,0.17,9.65,0.77,0.00,-0.01,0.00,-57.95,14.89,24.42,0,0,0,
2615,89,89,0.23,9.66,0.75,0.01,-0.01,0.00,-59.05,15.61,25.15,0,0,0,
2621,90,90,0.20,9.56,0.74,-0.00,-0.01,0.00,-57.48,15.01,24.50,0,0,0,
2627,89,89,0.18,9.65,0.82,0.00,-0.01,0.00,-57.85,14.63,24.32,0,0,0,
2633,89,89,0.18,9.65,0.82,0.00,-0.01,0.00,-58.26,16.14,24.85,0,0,0,
2639,89,90,0.23,9.58,0.70,0.01,-0.01,0.00,-58.26,15.17,23.95,0,0,0,
2645,89,89,0.18,9.61,0.80,-0.00,-0.01,0.00,-57.53,13.87,24.26,0,0,0,
2651,89,89,0.18,9.61,0.80,-0.00,-0.01,0.00,-58.54,16.16,25.20,0,0,0,
2657,89,89,0.22,9.66,0.76,0.03,-0.01,0.00,-58.05,14.70,24.96,0,0,0,
2668,89,90,0.21,9.59,0.70,0.00,-0.01,0.00,-58.24,15.30,25.39,0,0,0,
2675,89,89,0.19,9.66,0.81,-0.00,-0.01,0.00,-58.92,15.64,25.08,0,0,0,
2687,89,90,0.23,9.60,0.71,0.01,-0.01,0.00,-58.27,15.16,24.32,0,0,0,
2693,89,89,0.19,9.62,0.78,-0.00,-0.01,0.00,-59.63,16.44,25.64,0,0,0,
2700,89,89,0.22,9.65,0.76,0.01,-0.01,0.00,-58.35,14.31,23.84,0,0,0,
2706,89,89,0.22,9.65,0.76,0.01,-0.01,0.00,-58.26,15.46,24.45,0,0,0,
2712,89,90,0.21,9.58,0.71,0.00,-0.01,0.00,-59.05,16.18,25.24,0,0,0,
2724,89,89,0.18,9.63,0.84,0.00,-0.01,0.00,-57.76,14.57,24.06,0,0,0,
2731,89,90,0.22,9.63,0.69,0.03,-0.01,0.00,-58.52,15.68,26.29,0,0,0,
2737,89,89,0.19,9.61,0.76,-0.01,-0.01,0.00,-58.14,15.67,24.90,0,0,0,
2743,89,89,0.19,9.61,0.76,-0.01,-0.01,0.00,-57.13,13.72,24.07,0,0,0,
2749,89,89,0.21,9.65,0.80,0.01,-0.01,0.00,-58.48,15.04,25.86,0,0,0,
2756,89,90,0.22,9.59,0.69,0.01,-0.01,0.00,-58.11,15.21,23.75,0,0,0,
2762,89,90,0.22,9.59,0.69,0.01,-0.01,0.00,-57.67,14.32,23.06,0,0,0,
2773,89,90,0.22,9.58,0.77,-0.02,-0.01,0.00,-59.11,16.90,25.14,0,0,0,
2779,89,90,0.22,9.58,0.77,0.01,-0.01,0.00,-58.14,15.33,24.93,0,0,0,
2785,89,89,0.20,9.61,0.72,0.01,-0.01,0.00,-58.24,15.20,24.90,0,0,0,
2792,89,89,0.20,9.67,0.77,-0.01,-0.01,0.00,-58.77,15.93,25.37,0,0,0,
2798,89,89,0.20,9.67,0.77,-0.01,-0.01,0.00,-58.13,15.45,25.33,0,0,0,
2804,89,90,0.22,9.56,0.74,-0.01,-0.01,0.00,-57.07,14.57,24.44,0,0,0,
2810,89,90,0.22,9.62,0.83,-0.01,-0.01,0.00,-58.18,15.21,25.52,0,0,0,
2817,89,89,0.17,9.62,0.83,-0.01,-0.01,0.00,-58.37,15.45,24.50,0,0,0,
2828,89,90,0.23,9.57,0.76,0.04,-0.01,0.00,-57.66,15.55,23.93,0,0,0,
2834,90,90,0.20,9.57,0.76,0.09,-0.01,0.00,-58.21,15.74,24.99,0,0,0,
2848,89,90,0.23,9.61,0.66,0.05,-0.01,0.00,-58.11,15.51,25.20,0,0,0,
2855,89,90,0.23,9.61,0.66,0.05,-0.01,0.00,-58.24,15.39,25.33,0,0,0,
2861,89,88,0.18,9.70,0.70,-0.00,-0.01,0.00,-57.56,11.24,24.10,0,0,0,
2867,89,90,0.23,9.62,0.73,-0.03,-0.01,0.00,-57.79,15.24,24.79,0,0,0,
2873,89,90,0.23,9.62,0.73,-0.03,-0.01,0.00,-58.42,16.62,25.45,0,0,0,
2884,89,89,0.19,9.65,0.81,-0.03,-0.01,0.00,-56.68,13.34,24.74,0,0,0,
2891,89,89,0.19,9.65,0.81,-0.01,-0.01,0.00,-58.46,15.64,25.96,0,0,0,
2897,90,90,0.22,9.53,0.76,0.03,-0.01,0.00,-57.80,15.02,24.61,0,0,0,
2913,89,89,0.22,9.66,0.71,0.03,-0.01,0.00,-58.40,15.62,24.93,0,0,0,
2919,89,89,0.22,9.66,0.71,0.03,-0.01,0.00,-58.02,14.82,24.22,0,0,0,
2926,89,90,0.21,9.60,0.67,0.01,-0.01,0.00,-57.63,14.73,25.23,0,0,0,
2932,88,89,0.20,9.71,0.73,-0.04,-0.01,0.00,-58.32,16.05,25.61,0,0,0,
2943,89,90,0.23,9.56,0.74,-0.05,-0.01,0.00,-56.71,13.74,24.33,0,0,0,
2949,89,89,0.18,9.61,0.78,-0.05,-0.01,0.00,-57.88,15.00,24.41,0,0,0,
2956,89,89,0.18,9.61,0.78,-0.05,-0.01,0.00,-57.85,15.39,24.03,0,0,0,
2962,89,89,0.20,9.63,0.77,-0.03,-0.01,0.00,-57.29,14.05,23.72,0,0,0,
2968,89,90,0.22,9.58,0.68,-0.03,-0.02,0.00,-58.36,15.29,24.63,0,0,0,
2974,89,90,0.22,9.58,0.68,-0.03,-0.02,0.00,-58.65,16.41,24.83,0,0,0,
2981,88,88,0.20,9.76,0.69,-0.09,-0.02,0.00,-58.27,14.92,24.28,0,0,0,
2987,89,90,0.23,9.63,0.70,-0.17,-0.01,0.00,-58.16,14.95,24.14,0,0,0,
2998,89,89,0.19,9.62,0.79,-0.22,-0.01,0.00,-58.27,15.07,24.74,0,0,0,
3004,89,89,0.19,9.62,0.94,-0.22,-0.01,0.00,-57.54,14.41,23.57,0,0,0,
3015,91,91,0.22,9.43,0.98,-0.09,-0.01,0.00,-58.78,15.11,23.84,0,0,0,
3022,91,91,0.22,9.43,1.03,-0.09,-0.01,0.00,-57.82,14.19,23.22,0,0,0,
3028,90,90,0.18,9.54,1.03,0.03,-0.01,0.00,-58.21,15.05,24.90,0,0,0,
3034,90,91,0.23,9.46,0.98,0.17,-0.01,0.00,-58.87,15.80,23.91,0,0,0,
3040,90,91,0.23,9.46,0.98,0.17,-0.01,0.00,-57.91,15.17,25.27,0,0,0,
3051,88,89,0.21,9.73,0.70,0.31,-0.01,0.00,-58.40,15.89,25.12,0,0,0,
3058,88,89,0.21,9.73,0.70,0.31,-0.01,0.00,-58.59,14.73,24.64,0,0,0,
3064,88,89,0.22,9.73,0.50,0.22,-0.01,0.00,-57.23,14.57,24.31,0,0,0,
3070,87,87,0.18,9.84,0.53,0.02,-0.01,0.00,-58.70,15.64,25.26,0,0,0,
3076,87,87,0.18,9.84,0.53,0.02,-0.01,0.00,-58.33,15.16,24.64,0,0,0,
3082,89,89,0.21,9.66,0.65,-0.14,-0.01,0.00,-57.63,13.01,22.60,0,0,0,
3088,90,90,0.20,9.54,0.83,-0.17,-0.01,0.00,-57.95,14.98,24.47,0,0,0,
3099,90,90,0.20,9.54,0.97,-0.09,-0.01,0.00,-58.39,14.40,24.45,0,0,0,
3106,90,90,0.20,9.54,0.91,-0.09,-0.01,0.00,-58.10,14.79,25.43,0,0,0,
3112,91,91,0.22,9.43,0.91,0.05,-0.01,0.00,-58.90,16.33,25.11,0,0,0,
3118,89,89,0.18,9.63,0.82,0.13,-0.01,0.00,-57.53,15.04,23.63,0,0,0,
3124,89,89,0.18,9.63,0.70,0.13,-0.01,0.00,-57.75,13.83,25.26,0,0,0,
3130,89,89,0.22,9.66,0.70,0.13,-0.01,0.00,-58.10,18.42,24.90,0,0,0,
3137,89,89,0.20,9.65,0.63,0.07,-0.01,0.00,-58.58,15.23,24.85,0,0,0,
3143,88,88,0.20,9.75,0.68,0.07,-0.01,0.00,-57.51,13.39,23.72,0,0,0,
3154,89,90,0.23,9.57,0.71,-0.05,-0.01,0.00,-59.24,15.33,24.23,0,0,0,
3160,89,90,0.23,9.57,0.71,-0.05,-0.01,0.00,-58.39,14.50,23.95,0,0,0,
3173,89,90,0.21,9.58,0.82,-0.04,-0.01,0.00,-58.81,16.79,25.86,0,0,0,
3180,90,90,0.21,9.52,0.79,-0.04,-0.01,0.00,-58.02,14.78,24.54,0,0,0,
3186,90,90,0.21,9.52,0.79,0.01,-0.01,0.00,-58.61,15.19,25.23,0,0,0,
3192,89,89,0.19,9.68,0.80,0.04,-0.01,0.00,-58.21,16.52,26.07,0,0,0,
3199,89,90,0.22,9.57,0.71,0.04,-0.01,0.00,-58.05,15.43,23.59,0,0,0,
3210,89,89,0.17,9.67,0.72,0.01,-0.01,0.00,-58.24,15.38,25.27,0,0,0,
3217,89,89,0.17,9.67,0.75,0.01,-0.01,0.00,-58.32,15.52,25.39,0,0,0,
3223,89,89,0.20,9.64,0.75,-0.02,-0.01,0.00,-57.23,14.00,24.12,0,0,0,
3228,90,90,0.22,9.55,0.75,-0.01,-0.01,0.00,-58.14,14.98,24.93,0,0,0,
3235,89,89,0.22,9.67,0.80,-0.01,-0.01,0.00,-58.40,15.38,24.55,0,0,0,
3241,89,89,0.20,9.67,0.80,-0.01,-0.01,0.00,-57.51,15.19,23.69,0,0,0,
3247,90,90,0.22,9.55,0.77,0.02,-0.01,0.00,-58.10,15.26,25.43,0,0,0,
3253,90,90,0.22,9.55,0.77,0.02,-0.01,0.00,-59.31,16.47,25.81,0,0,0,
3264,88,89,0.21,9.68,0.74,0.00,-0.01,0.00,-57.44,15.11,24.42,0,0,0,
3272,88,89,0.21,9.68,0.74,0.00,-0.01,0.00,-58.70,16.44,25.96,0,0,0,
3277,89,90,0.22,9.57,0.73,-0.02,-0.01,0.00,-57.57,15.13,24.57,0,0,0,
3283,89,89,0.18,9.66,0.79,-0.03,-0.01,0.00,-57.15,14.07,23.34,0,0,0,
3290,89,89,0.18,9.66,0.79,-0.03,-0.01,0.00,-58.71,16.05,24.58,0,0,0,
3296,89,90,0.23,9.57,0.78,-0.01,-0.01,0.00,-57.63,15.61,24.45,0,0,0,
3302,89,89,0.18,9.62,0.77,-0.00,-0.01,0.00,-57.54,14.12,25.08,0,0,0,
3313,89,89,0.20,9.66,0.78,-0.01,-0.01,0.00,-59.27,16.71,25.26,0,0,0,
3319,90,90,0.21,9.56,0.73,-0.01,-0.01,0.00,-58.14,15.11,24.71,0,0,0,
3333,89,89,0.19,9.66,0.81,-0.03,-0.01,0.00,-59.00,16.76,25.26,0,0,0,
3340,89,90,0.22,9.57,0.81,-0.01,-0.01,0.00,-58.04,15.23,24.63,0,0,0,
3346,89,90,0.22,9.57,0.81,-0.01,-0.01,0.00,-57.50,14.86,25.42,0,0,0,
3352,90,90,0.18,9.58,0.80,0.01,-0.01,0.00,-59.11,15.90,26.09,0,0,0,
3359,89,89,0.19,9.66,0.79,0.03,-0.01,0.00,-58.17,14.26,24.39,0,0,0,
3370,89,90,0.23,9.58,0.72,0.02,-0.01,0.00,-58.04,15.42,25.39,0,0,0,
3376,89,89,0.20,9.69,0.75,-0.00,-0.01,0.00,-57.99,15.08,24.60,0,0,0,
3382,89,89,0.20,9.69,0.75,-0.00,-0.01,0.00,-56.85,14.29,25.31,0,0,0,
3389,89,90,0.23,9.63,0.76,-0.02,-0.01,0.00,-58.52,15.71,24.73,0,0,0,
3395,90,90,0.18,9.58,0.76,-0.04,-0.01,0.00,-57.88,15.68,23.12,0,0,0,
3401,90,90,0.18,9.58,0.76,-0.04,-0.01,0.00,-58.13,13.48,23.74,0,0,0,
3407,89,89,0.20,9.66,0.83,-0.05,-0.01,0.00,-57.69,14.73,24.41,0,0,0,
3414,90,91,0.23,9.53,0.81,-0.02,-0.01,0.00,-58.17,15.57,25.02,0,0,0,
3425,89,89,0.19,9.63,0.85,0.00,-0.01,0.00,-58.04,15.43,24.71,0,0,0,
3431,89,90,0.22,9.59,0.81,0.04,-0.00,0.00,-58.02,14.72,25.23,0,0,0,
3437,89,90,0.22,9.59,0.81,0.04,-0.00,0.00,-57.91,14.50,25.14,0,0,0,
3443,90,90,0.20,9.58,0.76,0.05,-0.00,0.00,-58.04,13.39,25.05,0,0,0,
3450,88,89,0.19,9.70,0.77,0.03,-0.00,0.00,-58.29,15.45,25.72,0,0,0,
3455,88,89,0.19,9.70,0.77,0.03,-0.00,0.00,-58.30,15.05,24.71,0,0,0,
3461,89,90,0.23,9.57,0.71,0.02,-0.00,0.00,-57.82,14.66,24.35,0,0,0,
3472,89,89,0.17,9.67,0.75,-0.01,-0.01,0.00,-58.42,16.43,25.02,0,0,0,
3479,89,89,0.22,9.64,0.77,-0.04,-0.01,0.00,-57.99,14.72,24.17,0,0,0,
3485,89,90,0.22,9.57,0.78,-0.04,-0.01,0.00,-57.76,15.02,24.52,0,0,0,
3498,89,89,0.18,9.64,0.87,-0.04,-0.01,0.00,-57.57,15.14,24.19,0,0,0,
3503,89,89,0.18,9.64,0.80,-0.04,-0.01,0.00,-57.21,14.13,24.42,0,0,0,
3510,90,90,0.22,9.53,0.80,-0.00,-0.01,0.00,-57.99,15.52,25.65,0,0,0,
3516,89,89,0.20,9.64,0.80,0.01,-0.01,0.00,-58.17,15.17,24.16,0,0,0,
3528,89,89,0.21,9.66,0.78,0.01,-0.01,0.00,-58.30,15.14,24.17,0,0,0,
3534,90,90,0.20,9.57,0.74,-0.01,-0.01,0.00,-58.78,16.09,25.20,0,0,0,
3540,90,90,0.20,9.57,0.74,-0.01,-0.01,0.00,-57.89,14.83,23.91,0,0,0,
3547,90,89,0.18,9.60,0.92,-0.00,-0.01,0.00,-57.76,15.48,24.03,0,0,0,
3553,89,90,0.25,9.64,0.68,0.05,-0.01,0.00,-58.87,16.15,25.08,0,0,0,
3559,89,90,0.25,9.64,0.68,0.05,-0.01,0.00,-57.67,15.07,24.25,0,0,0,
3565,89,89,0.19,9.66,0.70,-0.03,-0.01,0.00,-57.19,13.71,24.80,0,0,0,
3571,89,89,0.20,9.64,0.82,-0.09,-0.01,0.00,-58.36,15.74,25.45,0,0,0,
3583,90,90,0.21,9.55,0.79,-0.08,-0.01,0.00,-56.75,13.39,24.23,0,0,0,
3589,89,88,0.17,9.72,0.77,-0.10,-0.02,0.00,-58.18,14.91,25.52,0,0,0,
3595,89,88,0.17,9.72,0.77,-0.10,-0.02,0.00,-58.97,15.35,24.48,0,0,0,
3601,89,89,0.22,9.67,0.71,-0.16,-0.02,0.00,-57.75,14.51,23.97,0,0,0,
3607,89,89,0.20,9.69,0.71,-0.26,-0.03,-0.00,-58.23,14.79,25.20,0,0,0,
3613,89,89,0.20,9.69,0.71,-0.26,-0.03,-0.00,-59.09,15.38,24.63,0,0,0,
3619,89,90,0.20,9.60,0.94,-0.33,-0.02,-0.00,-57.85,13.94,24.55,0,0,0,
3631,91,91,0.18,9.43,1.04,-0.26,-0.02,0.00,-58.27,15.46,25.17,0,0,0,
3638,89,90,0.21,9.60,1.00,-0.18,-0.04,-0.00,-57.69,13.93,24.74,0,0,0,
3644,90,90,0.22,9.54,1.00,-0.11,-0.03,-0.00,-57.38,14.32,25.37,0,0,0,
3658,89,90,0.20,9.59,0.91,-0.09,-0.04,-0.00,-57.51,14.66,25.59,0,0,0,
3663,88,88,0.19,9.72,0.88,-0.12,-0.04,0.00,-56.78,13.20,24.17,0,0,0,
3670,89,90,0.23,9.63,0.83,-0.12,-0.04,-0.00,-58.02,15.38,26.16,0,0,0,
3676,89,90,0.23,9.63,0.83,-0.19,-0.03,-0.00,-57.92,14.12,24.95,0,0,0,
3688,88,89,0.19,9.71,0.90,-0.28,-0.03,-0.00,-58.61,14.48,24.23,0,0,0,
3694,89,90,0.27,9.60,1.02,-0.34,-0.01,-0.00,-59.84,14.98,23.34,0,0,0,
3700,91,91,0.19,9.38,1.26,-0.32,-0.01,-0.00,-58.35,14.07,23.65,0,0,0,
3706,91,91,0.19,9.38,1.26,-0.32,-0.01,-0.00,-57.88,14.10,24.73,0,0,0,
3712,92,92,0.19,9.31,1.53,-0.08,-0.01,0.00,-59.19,16.73,24.95,0,0,0,
3718,92,92,0.21,9.32,1.28,0.25,-0.01,0.00,-57.72,14.89,24.36,0,0,0,
3725,92,92,0.21,9.32,0.98,0.25,-0.01,0.00,-57.72,14.50,23.76,0,0,0,
3737,88,88,0.23,9.77,0.77,0.29,-0.01,0.00,-58.42,15.35,24.70,0,0,0,
3743,88,88,0.23,9.77,0.77,0.29,-0.01,0.00,-57.00,13.88,23.66,0,0,0,
3749,88,88,0.21,9.75,0.71,0.10,-0.01,0.00,-58.99,14.69,25.14,0,0,0,
3755,88,88,0.19,9.75,0.87,-0.08,-0.01,0.00,-58.32,15.30,23.82,0,0,0,
3762,88,88,0.19,9.75,0.87,-0.08,-0.01,0.00,-57.64,13.31,23.46,0,0,0,
3767,90,91,0.22,9.49,1.03,-0.13,-0.01,0.00,-58.42,14.85,24.77,0,0,0,
3773,90,90,0.18,9.51,1.15,-0.07,-0.01,0.00,-59.02,16.06,24.92,0,0,0,
3779,90,90,0.18,9.51,1.15,-0.07,-0.01,0.00,-58.23,14.56,24.10,0,0,0,
3790,91,91,0.21,9.43,1.09,0.06,-0.01,0.00,-58.58,15.08,25.08,0,0,0,
3798,91,91,0.21,9.43,1.09,0.21,-0.01,0.00,-57.94,14.66,23.75,0,0,0,
3804,89,89,0.19,9.64,1.02,0.29,-0.01,0.00,-57.41,13.34,23.78,0,0,0,
3817,89,90,0.23,9.61,0.86,0.30,-0.01,0.00,-58.36,14.75,24.09,0,0,0,
3824,88,88,0.18,9.74,0.76,0.21,-0.01,0.00,-57.35,13.91,24.12,0,0,0,
3830,88,89,0.21,9.72,0.78,0.09,-0.01,0.00,-58.26,15.40,24.70,0,0,0,
3836,88,89,0.21,9.72,0.78,0.09,-0.01,0.00,-58.54,15.35,24.31,0,0,0,
3847,89,89,0.18,9.61,0.99,-0.02,-0.00,0.00,-58.67,15.02,24.00,0,0,0,
3853,89,89,0.18,9.61,0.99,-0.02,-0.00,0.00,-58.81,15.65,24.14,0,0,0,
3860,90,91,0.22,9.47,1.01,0.05,-0.00,0.00,-57.34,14.25,23.74,0,0,0,
3866,90,90,0.19,9.56,0.95,0.13,-0.01,0.00,-58.01,14.75,24.61,0,0,0,
3871,90,90,0.19,9.56,0.95,0.13,-0.01,0.00,-58.24,16.56,26.24,0,0,0,
3877,89,89,0.21,9.65,0.90,0.16,-0.01,0.00,-57.73,15.20,24.32,0,0,0,
3884,89,90,0.22,9.58,0.78,0.16,-0.01,0.00,-56.77,13.96,24.03,0,0,0,
3890,89,90,0.22,9.58,0.78,0.16,-0.01,0.00,-58.54,15.20,25.15,0,0,0,
3901,89,89,0.19,9.61,0.80,0.10,-0.01,0.00,-57.92,13.52,24.06,0,0,0,
3907,89,90,0.22,9.61,0.80,0.05,-0.00,0.00,-58.02,14.97,25.55,0,0,0,
3914,89,90,0.20,9.59,0.84,0.02,-0.00,0.00,-58.24,16.05,24.42,0,0,0,
3920,89,89,0.20,9.62,0.95,0.02,-0.00,0.00,-57.57,14.37,24.01,0,0,0,
3926,89,89,0.20,9.62,0.95,0.03,0.00,0.00,-57.72,15.32,24.64,0,0,0,
3932,90,91,0.21,9.50,0.88,0.09,0.00,0.00,-59.05,16.72,25.50,0,0,0,
3938,89,89,0.21,9.67,0.84,0.09,0.00,0.00,-57.76,14.76,24.74,0,0,0,
3949,89,89,0.22,9.65,0.74,0.09,-0.01,0.00,-57.59,15.17,25.24,0,0,0,
3955,89,89,0.22,9.65,0.74,0.09,-0.01,0.00,-57.37,15.38,25.39,0,0,0,
3961,89,89,0.19,9.63,0.76,0.03,-0.01,0.00,-57.23,13.99,24.23,0,0,0,
3973,89,89,0.20,9.69,0.83,-0.01,-0.01,0.00,-58.33,15.71,24.77,0,0,0,
3981,90,91,0.22,9.51,0.86,0.00,-0.01,0.00,-57.51,14.53,24.20,0,0,0,
3987,90,90,0.18,9.58,0.94,0.05,-0.00,0.00,-57.56,15.90,24.76,0,0,0,
3993,90,90,0.18,9.58,0.94,0.05,-0.00,0.00,-58.74,16.84,24.47,0,0,0,
3999,89,90,0.23,9.58,0.85,0.11,-0.01,0.00,-57.95,15.11,24.86,0,0,0,
4011,89,90,0.21,9.61,0.73,0.12,-0.01,0.00,-58.52,15.99,25.17,0,0,0,
4018,88,88,0.20,9.74,0.74,0.06,-0.00,0.00,-57.60,15.01,23.94,0,0,0,
4024,89,90,0.24,9.61,0.72,0.01,-0.00,0.00,-56.94,14.78,24.06,0,0,0,
4030,89,90,0.24,9.61,0.72,0.01,-0.00,0.00,-57.89,15.78,26.03,0,0,0,
4036,89,89,0.18,9.66,0.80,-0.03,-0.01,0.00,-57.73,15.20,24.96,0,0,0,
4042,89,90,0.21,9.60,0.84,-0.03,-0.01,0.00,-56.75,13.88,24.16,0,0,0,
4048,89,90,0.21,9.60,0.84,-0.03,-0.01,0.00,-57.88,15.68,24.52,0,0,0,
4059,89,89,0.19,9.63,0.87,0.02,-0.01,0.00,-57.29,15.16,24.77,0,0,0,
4066,89,89,0.19,9.63,0.87,0.02,-0.01,0.00,-58.18,15.43,25.72,0,0,0,
4073,89,90,0.23,9.60,0.75,0.04,-0.01,0.00,-58.83,16.85,25.64,0,0,0,
4079,89,89,0.19,9.65,0.78,0.01,-0.01,0.00,-57.57,15.17,24.45,0,0,0,
4085,89,89,0.19,9.65,0.78,0.01,-0.01,0.00,-58.01,15.05,24.83,0,0,0,
4090,89,89,0.21,9.63,0.82,-0.00,-0.01,0.00,-58.54,16.27,24.96,0,0,0,
4097,90,90,0.21,9.55,0.79,0.00,-0.01,0.00,-57.48,15.51,24.04,0,0,0,
4109,89,89,0.19,9.66,0.83,0.00,-0.01,0.00,-57.97,15.36,24.47,0,0,0,
4115,89,90,0.23,9.57,0.79,0.02,-0.01,0.00,-58.10,15.84,23.82,0,0,0,
4121,89,90,0.23,9.57,0.79,0.02,-0.01,0.00,-57.64,14.26,22.60,0,0,0,
4134,89,89,0.21,9.65,0.80,0.01,-0.01,0.00,-58.32,15.46,25.31,0,0,0,
4141,89,89,0.21,9.65,0.80,0.01,-0.01,0.00,-57.44,14.16,24.20,0,0,0,
4147,90,90,0.21,9.55,0.78,0.01,-0.01,0.00,-57.89,15.64,24.90,0,0,0,
4152,89,89,0.18,9.68,0.83,0.01,-0.01,0.00,-59.00,16.85,25.24,0,0,0,
4159,89,89,0.18,9.68,0.83,0.01,-0.01,0.00,-57.54,14.91,24.09,0,0,0,
4171,89,89,0.19,9.62,0.80,0.01,-0.01,0.00,-58.64,16.02,26.12,0,0,0,
4177,89,89,0.19,9.62,0.80,0.01,-0.01,0.00,-57.37,14.66,24.79,0,0,0,
4183,89,89,0.20,9.66,0.81,0.01,-0.01,0.00,-56.81,14.29,23.75,0,0,0,
4189,90,90,0.22,9.54,0.78,0.01,-0.01,0.00,-58.26,16.33,25.08,0,0,0,
4196,90,90,0.22,9.54,0.78,0.01,-0.01,0.00,-57.61,15.54,23.36,0,0,0,
4202,89,89,0.19,9.67,0.81,0.01,-0.01,0.00,-57.28,14.15,23.52,0,0,0,
4208,89,90,0.23,9.60,0.78,0.01,-0.01,0.00,-58.21,15.23,23.63,0,0,0,
4219,89,90,0.20,9.59,0.78,-0.01,-0.01,0.00,-58.18,15.55,23.47,0,0,0,
4226,89,89,0.20,9.67,0.82,-0.01,-0.01,0.00,-58.37,15.84,24.71,0,0,0,
4232,89,89,0.20,9.67,0.82,-0.01,-0.01,0.00,-59.09,16.62,24.86,0,0,0,
4238,90,91,0.22,9.52,0.81,0.00,-0.01,0.00,-58.30,15.73,23.97,0,0,0,
4244,89,89,0.18,9.65,0.83,0.00,-0.01,0.00,-57.45,15.00,23.97,0,0,0,
4251,89,89,0.18,9.65,0.83,0.02,-0.01,0.00,-58.73,16.03,25.23,0,0,0,
4257,89,90,0.23,9.61,0.78,0.02,-0.01,0.00,-58.67,15.30,24.52,0,0,0,
4263,89,90,0.20,9.58,0.77,0.01,-0.01,0.00,-57.57,14.66,24.52,0,0,0,
4268,89,90,0.20,9.58,0.77,0.01,-0.01,0.00,-58.04,15.70,24.55,0,0,0,
4278,89,89,0.20,9.68,0.83,-0.00,-0.01,0.00,-58.55,14.83,24.07,0,0,0,
4284,89,90,0.23,9.56,0.78,0.00,-0.01,0.00,-58.29,15.58,23.87,0,0,0,
4298,89,89,0.19,9.63,0.83,0.00,-0.01,0.00,-58.33,15.11,22.92,0,0,0,
4304,89,90,0.22,9.62,0.80,0.01,-0.01,0.00,-57.53,15.05,23.43,0,0,0,
4310,90,90,0.20,9.56,0.79,0.01,-0.01,0.00,-58.87,16.15,24.10,0,0,0,
4316,90,90,0.20,9.56,0.79,0.01,-0.01,0.00,-58.68,18.55,23.46,0,0,0,
4327,89,90,0.22,9.57,0.75,0.01,-0.01,0.00,-58.73,15.19,24.69,0,0,0,
4334,89,90,0.22,9.57,0.75,0.01,-0.01,0.00,-58.90,15.71,24.61,0,0,0,
4340,89,89,0.19,9.64,0.81,-0.01,-0.01,0.00,-58.62,15.21,24.54,0,0,0,
4346,89,89,0.20,9.63,0.82,-0.00,-0.01,0.00,-59.08,15.24,24.93,0,0,0,
4353,89,89,0.20,9.63,0.82,-0.00,-0.01,0.00,-59.12,16.72,24.33,0,0,0,
4359,90,90,0.22,9.56,0.79,0.00,-0.01,0.00,-57.75,14.72,24.17,0,0,0,
4364,89,89,0.19,9.68,0.82,0.01,-0.01,0.00,-57.72,15.00,24.41,0,0,0,
4376,89,90,0.23,9.57,0.76,0.00,-0.01,0.00,-58.87,15.19,24.82,0,0,0,
4382,89,90,0.23,9.57,0.81,0.00,-0.01,0.00,-58.02,13.58,22.77,0,0,0,
4389,89,89,0.19,9.61,0.81,-0.01,-0.01,0.00,-58.93,15.67,23.97,0,0,0,
4395,89,89,0.21,9.64,0.82,-0.00,-0.01,0.00,-58.77,15.19,23.74,0,0,0,
4401,90,90,0.21,9.55,0.80,-0.00,-0.01,0.00,-58.10,14.35,22.76,0,0,0,
4406,90,90,0.22,9.55,0.80,0.00,-0.01,0.00,-58.18,15.71,24.54,0,0,0,
4413,89,89,0.19,9.67,0.84,0.01,-0.01,0.00,-59.46,15.14,24.48,0,0,0,
4419,89,90,0.23,9.59,0.77,0.01,-0.01,0.00,-58.39,15.33,24.44,0,0,0,
4430,89,90,0.19,9.60,0.81,0.00,-0.01,0.00,-58.89,16.31,24.76,0,0,0,
4437,89,90,0.19,9.60,0.81,0.00,-0.01,0.00,-57.79,15.20,24.28,0,0,0,
4443,89,89,0.20,9.66,0.82,0.00,-0.01,0.00,-58.04,14.45,22.87,0,0,0,
4450,89,90,0.22,9.56,0.77,0.01,-0.01,0.00,-58.54,15.51,24.26,0,0,0,
4462,89,89,0.19,9.66,0.84,0.00,-0.01,0.00,-57.09,13.77,24.00,0,0,0,
4468,89,90,0.22,9.59,0.79,0.01,-0.01,0.00,-58.27,15.77,24.96,0,0,0,
4475,89,90,0.19,9.59,0.80,0.01,-0.01,0.00,-58.13,15.65,23.71,0,0,0,
4487,89,89,0.21,9.66,0.84,0.00,-0.01,0.00,-57.89,15.77,24.88,0,0,0,
4493,89,89,0.21,9.66,0.77,0.00,-0.01,0.00,-59.16,16.49,24.28,0,0,0,
4499,90,90,0.22,9.55,0.77,0.01,-0.01,0.00,-58.01,14.86,24.70,0,0,0,
4505,89,89,0.18,9.65,0.85,-0.00,-0.01,0.00,-57.31,15.10,24.99,0,0,0,
4512,90,89,0.18,9.60,0.79,-0.00,-0.01,0.00,-58.29,16.52,25.23,0,0,0,
4517,89,90,0.23,9.60,0.79,0.01,-0.01,0.00,-57.75,15.49,24.96,0,0,0,
4523,89,90,0.20,9.59,0.79,0.00,-0.01,0.00,-57.13,13.91,24.20,0,0,0,
4535,89,89,0.19,9.66,0.84,0.00,-0.01,0.00,-58.18,15.39,24.82,0,0,0,
4542,90,90,0.22,9.55,0.78,0.01,-0.01,0.00,-57.69,14.32,23.85,0,0,0,
4548,90,90,0.22,9.55,0.78,0.01,-0.01,0.00,-58.14,15.52,24.50,0,0,0,
4554,89,89,0.18,9.65,0.84,0.01,-0.01,0.00,-58.49,14.94,24.33,0,0,0,
4560,89,90,0.21,9.61,0.81,0.02,-0.01,0.00,-57.63,14.34,24.00,0,0,0,
4566,89,90,0.21,9.61,0.81,0.02,-0.01,0.00,-58.26,15.19,24.66,0,0,0,
4573,89,90,0.21,9.58,0.77,0.01,-0.01,0.00,-58.86,16.68,25.43,0,0,0,
4578,89,89,0.19,9.67,0.84,-0.00,-0.01,0.00,-57.57,15.36,23.12,0,0,0,
4590,90,90,0.22,9.55,0.78,0.01,-0.01,0.00,-58.55,15.78,24.64,0,0,0,
4596,89,89,0.18,9.63,0.83,0.00,-0.01,0.00,-57.69,14.76,24.63,0,0,0,
4603,89,89,0.18,9.63,0.83,0.00,-0.01,0.00,-57.02,14.69,23.93,0,0,0,
4608,89,90,0.23,9.63,0.81,0.01,-0.01,0.00,-58.17,15.48,25.11,0,0,0,
4622,90,90,0.21,9.56,0.77,0.00,-0.01,0.00,-57.32,14.38,24.23,0,0,0,
4628,89,89,0.18,9.66,0.84,-0.00,-0.01,0.00,-58.05,15.26,24.48,0,0,0,
4635,90,90,0.23,9.54,0.79,0.01,-0.01,0.00,-58.70,15.08,24.92,0,0,0,
4647,89,89,0.18,9.63,0.79,0.00,-0.01,0.00,-58.46,15.64,23.52,0,0,0,
4653,89,90,0.21,9.62,0.85,0.01,-0.01,0.00,-58.89,16.33,24.79,0,0,0,
4659,89,90,0.21,9.62,0.85,0.01,-0.01,0.00,-58.65,14.57,23.37,0,0,0,
4665,90,90,0.22,9.55,0.78,0.02,-0.01,0.00,-58.33,18.39,24.19,0,0,0,
4672,89,89,0.19,9.67,0.82,0.01,-0.01,0.00,-58.89,16.56,24.31,0,0,0,
4678,89,89,0.19,9.67,0.82,0.01,-0.01,0.00,-58.32,14.38,23.74,0,0,0,
4683,89,90,0.22,9.58,0.78,0.01,-0.01,0.00,-58.10,14.82,23.00,0,0,0,
4690,89,90,0.20,9.60,0.82,0.00,-0.01,0.00,-59.18,15.40,24.04,0,0,0,
4701,89,89,0.21,9.65,0.83,0.01,-0.01,0.00,-57.21,13.96,23.17,0,0,0,
4707,89,90,0.22,9.56,0.76,0.01,-0.01,0.00,-58.56,15.99,23.91,0,0,0,
4713,89,90,0.22,9.56,0.76,0.01,-0.01,0.00,-58.84,16.30,23.69,0,0,0,
4719,89,89,0.18,9.66,0.85,-0.00,-0.01,0.00,-58.21,14.40,23.55,0,0,0,
4726,89,90,0.22,9.58,0.80,0.01,-0.01,0.00,-58.14,15.32,24.28,0,0,0,
4732,89,90,0.22,9.58,0.80,0.01,-0.01,0.00,-59.18,16.90,24.70,0,0,0,
4738,89,90,0.19,9.59,0.80,0.01,-0.01,0.00,-57.70,14.94,23.94,0,0,0,
4749,89,89,0.20,9.66,0.82,0.01,-0.01,0.00,-58.27,15.81,24.17,0,0,0,
4756,89,90,0.22,9.57,0.76,0.01,-0.01,0.00,-57.88,15.21,24.07,0,0,0,
4762,89,89,0.18,9.67,0.84,0.01,-0.01,0.00,-56.83,13.50,23.78,0,0,0,
4767,89,89,0.18,9.67,0.84,-0.01,-0.01,0.00,-58.07,14.98,24.51,0,0,0,
4779,89,90,0.22,9.58,0.82,-0.01,-0.01,0.00,-57.80,14.69,24.69,0,0,0,
4786,90,90,0.20,9.58,0.81,0.00,-0.01,0.00,-58.23,15.48,24.13,0,0,0,
4792,89,89,0.21,9.66,0.83,0.02,-0.01,0.00,-59.32,16.71,24.63,0,0,0,
4798,89,90,0.21,9.58,0.76,0.02,-0.01,0.00,-57.89,14.66,23.17,0,0,0,
4810,89,89,0.17,9.65,0.83,-0.00,-0.01,0.00,-57.69,15.68,25.01,0,0,0,
4816,89,89,0.17,9.65,0.83,-0.00,-0.01,0.00,-57.80,14.92,23.66,0,0,0,
4823,89,90,0.23,9.60,0.80,0.01,-0.01,0.00,-57.64,15.04,23.97,0,0,0,
4829,89,90,0.20,9.58,0.78,0.00,-0.01,0.00,-57.82,15.33,25.02,0,0,0,
4835,89,90,0.20,9.58,0.86,0.00,-0.01,0.00,-57.59,15.51,24.10,0,0,0,
4841,89,89,0.19,9.65,0.86,0.00,-0.01,0.00,-57.73,14.09,24.69,0,0,0,
4848,89,90,0.22,9.57,0.75,0.02,-0.01,0.00,-57.91,15.87,25.20,0,0,0,
4859,89,89,0.18,9.64,0.83,-0.00,-0.01,0.00,-58.04,14.88,23.82,0,0,0,
4865,89,90,0.22,9.61,0.80,0.01,-0.01,0.00,-58.04,14.83,25.30,0,0,0,
4871,89,90,0.22,9.61,0.80,0.01,-0.01,0.00,-58.84,16.05,25.96,0,0,0,
4878,90,90,0.19,9.57,0.78,0.00,-0.01,0.00,-57.95,14.63,25.01,0,0,0,
4884,89,89,0.20,9.65,0.86,0.00,-0.01,0.00,-57.89,14.51,24.57,0,0,0,
4890,89,89,0.20,9.65,0.86,0.00,-0.01,0.00,-58.39,15.23,25.96,0,0,0,
4896,89,90,0.23,9.58,0.76,0.02,-0.01,0.00,-57.66,14.50,24.13,0,0,0,
4907,89,89,0.19,9.65,0.82,-0.00,-0.01,0.00,-58.45,13.88,23.68,0,0,0,
4914,89,90,0.22,9.60,0.84,0.00,-0.01,0.00,-58.52,14.34,24.93,0,0,0,
4920,90,90,0.20,9.56,0.78,0.00,-0.01,0.00,-57.35,14.22,24.00,0,0,0,
4926,90,90,0.20,9.56,0.78,0.00,-0.01,0.00,-57.82,14.94,24.03,0,0,0,
4939,89,90,0.24,9.57,0.78,0.01,-0.01,0.00,-58.08,14.26,24.12,0,0,0,
4947,89,89,0.18,9.63,0.81,0.01,-0.01,0.00,-58.36,18.11,23.88,0,0,0,
4952,89,89,0.18,9.63,0.81,0.00,-0.01,0.00,-58.61,15.83,24.38,0,0,0,
4958,89,89,0.20,9.64,0.81,-0.00,-0.01,0.00,-57.79,14.34,23.85,0,0,0,
4970,90,90,0.22,9.55,0.78,-0.01,-0.01,0.00,-58.05,15.26,24.77,0,0,0,
4977,89,89,0.18,9.65,0.86,-0.01,-0.01,0.00,-57.31,14.88,24.01,0,0,0,
4983,89,89,0.18,9.65,0.86,-0.01,-0.01,0.00,-56.80,14.03,24.14,0,0,0,
4989,89,90,0.23,9.57,0.80,0.01,-0.01,0.00,-58.24,15.33,25.49,0,0,0,
4995,89,89,0.19,9.60,0.81,0.01,-0.01,0.00,-57.67,14.44,24.60,0,0,0,
5001,89,89,0.19,9.60,0.82,0.01,-0.01,0.00,-57.22,13.53,23.19,0,0,0,
5008,89,89,0.21,9.66,0.82,0.01,-0.01,0.00,-57.86,14.63,25.23,0,0,0,
5019,90,90,0.22,9.54,0.79,0.00,-0.01,0.00,-57.09,14.31,23.31,0,0,0,
5025,89,89,0.19,9.66,0.85,0.00,-0.01,0.00,-57.44,15.00,24.90,0,0,0,
5031,89,90,0.23,9.61,0.79,0.01,-0.01,0.00,-57.99,15.87,25.01,0,0,0,
5038,89,90,0.23,9.61,0.79,0.01,-0.01,0.00,-58.16,14.69,23.66,0,0,0,
5044,90,90,0.19,9.58,0.83,0.00,-0.01,0.00,-57.22,14.83,24.41,0,0,0,
5050,89,89,0.20,9.67,0.84,0.00,-0.01,0.00,-57.76,15.54,25.40,0,0,0,
5056,89,89,0.20,9.67,0.84,0.00,-0.01,0.00,-57.26,15.05,23.98,0,0,0,
5063,90,90,0.22,9.55,0.77,0.00,-0.01,0.00,-57.67,14.88,24.00,0,0,0,
5073,89,89,0.18,9.66,0.83,-0.00,-0.01,0.00,-58.71,16.34,24.61,0,0,0,
5079,89,90,0.22,9.59,0.80,0.00,-0.01,0.00,-57.53,14.70,23.88,0,0,0,
5085,89,90,0.20,9.60,0.78,0.00,-0.01,0.00,-57.94,15.27,24.58,0,0,0,
5091,89,90,0.20,9.60,0.78,-0.01,-0.01,0.00,-58.62,16.19,25.01,0,0,0,
5105,90,90,0.21,9.55,0.82,-0.00,-0.01,0.00,-57.94,15.08,25.29,0,0,0,
5111,90,90,0.21,9.55,0.82,-0.00,-0.01,0.00,-58.52,15.49,24.69,0,0,0,
5117,89,89,0.18,9.63,0.87,0.01,-0.01,0.00,-58.58,14.51,24.36,0,0,0,
5129,89,90,0.22,9.61,0.81,0.02,-0.01,0.00,-58.10,14.24,24.66,0,0,0,
5135,90,90,0.20,9.57,0.78,0.02,-0.01,0.00,-58.33,14.32,24.41,0,0,0,
5141,89,89,0.19,9.69,0.82,0.01,-0.01,0.00,-57.34,13.43,24.03,0,0,0,
5147,89,89,0.19,9.69,0.82,0.01,-0.01,0.00,-58.24,14.56,24.04,0,0,0,
5153,90,90,0.22,9.55,0.79,0.00,-0.01,0.00,-58.32,15.59,23.87,0,0,0,
5159,89,89,0.19,9.62,0.86,0.00,-0.01,0.00,-57.59,14.02,23.33,0,0,0,
5165,89,89,0.19,9.62,0.86,0.00,-0.01,0.00,-57.66,14.86,24.69,0,0,0,
5177,89,89,0.21,9.65,0.79,0.01,-0.01,0.00,-58.04,14.79,25.02,0,0,0,
5183,90,90,0.21,9.55,0.82,-0.00,-0.01,0.00,-58.05,14.72,24.92,0,0,0,
5189,89,89,0.20,9.67,0.87,0.01,-0.01,0.00,-58.24,15.10,25.04,0,0,0,
5196,89,89,0.20,9.67,0.87,0.01,-0.01,0.00,-58.04,14.89,25.02,0,0,0,
5201,89,90,0.23,9.57,0.77,0.01,-0.01,0.00,-57.40,13.84,24.45,0,0,0,
5207,89,89,0.18,9.61,0.86,-0.00,-0.01,0.00,-58.54,15.59,25.07,0,0,0,
5213,89,89,0.18,9.61,0.86,-0.00,-0.01,0.00,-58.10,15.40,24.64,0,0,0,
5220,89,89,0.22,9.65,0.82,0.01,-0.01,0.00,-57.51,13.67,23.22,0,0,0,
5231,90,90,0.21,9.55,0.79,0.00,-0.01,0.00,-58.46,16.49,24.89,0,0,0,
5237,89,89,0.18,9.66,0.85,0.00,-0.01,0.00,-57.75,14.95,24.09,0,0,0,
5243,89,90,0.23,9.59,0.76,0.01,-0.01,0.00,-57.26,14.79,24.44,0,0,0,
5250,89,90,0.23,9.59,0.76,0.01,-0.01,0.00,-58.11,16.31,24.57,0,0,0,
5262,89,89,0.21,9.66,0.81,0.01,-0.01,0.00,-57.00,14.16,24.45,0,0,0,
5269,89,89,0.21,9.66,0.81,0.01,-0.01,0.00,-58.46,15.39,25.12,0,0,0,
5275,90,90,0.21,9.53,0.81,0.00,-0.01,0.00,-58.08,11.72,24.06,0,0,0,
5286,89,89,0.18,9.66,0.86,0.01,-0.01,0.00,-58.21,15.23,24.74,0,0,0,
5294,89,90,0.22,9.59,0.78,0.02,-0.01,0.00,-58.45,15.61,24.39,0,0,0,
5300,89,89,0.19,9.60,0.82,0.00,-0.01,0.00,-58.07,14.50,23.84,0,0,0,
5305,89,89,0.19,9.60,0.82,0.00,-0.01,0.00,-57.75,14.53,23.93,0,0,0,
5311,89,89,0.21,9.66,0.85,0.00,-0.01,0.00,-59.02,16.50,24.41,0,0,0,
5318,90,90,0.22,9.53,0.80,0.01,-0.01,0.00,-58.08,14.67,23.17,0,0,0,
5324,90,90,0.22,9.53,0.80,0.01,-0.01,0.00,-58.30,14.91,23.94,0,0,0,
5330,89,89,0.18,9.64,0.88,0.02,-0.01,0.00,-58.30,16.16,24.99,0,0,0,
5340,89,90,0.23,9.58,0.82,0.05,-0.01,0.00,-57.35,14.24,23.11,0,0,0,
5346,89,90,0.20,9.59,0.80,0.04,-0.01,0.00,-58.02,14.79,23.84,0,0,0,
5353,88,89,0.20,9.71,0.79,0.04,-0.01,0.00,-59.12,14.64,24.63,0,0,0,
5359,88,89,0.20,9.71,0.79,0.03,-0.01,0.00,-57.35,14.78,24.55,0,0,0,
5365,89,90,0.23,9.57,0.75,0.00,-0.01,0.00,-57.73,15.21,25.01,0,0,0,
5371,89,90,0.23,9.57,0.75,0.00,-0.01,0.00,-58.45,16.35,25.55,0,0,0,
5378,89,89,0.18,9.64,0.84,-0.02,-0.01,0.00,-57.89,15.20,25.04,0,0,0,
5390,89,90,0.23,9.59,0.84,-0.00,-0.01,0.00,-58.35,16.56,25.11,0,0,0,
5396,90,90,0.21,9.57,0.81,0.01,-0.01,0.00,-57.75,15.38,24.22,0,0,0,
5402,89,89,0.20,9.68,0.83,0.01,-0.01,0.00,-57.18,13.49,23.65,0,0,0,
5408,89,89,0.20,9.68,0.83,0.01,-0.01,0.00,-58.16,15.42,25.30,0,0,0,
5414,90,90,0.22,9.54,0.81,0.01,-0.01,0.00,-57.86,15.71,24.89,0,0,0,
5428,89,89,0.22,9.63,0.80,0.02,-0.01,0.00,-58.68,15.39,24.71,0,0,0,
5434,89,89,0.22,9.63,0.80,0.03,-0.01,0.00,-58.45,16.06,24.20,0,0,0,
5445,90,90,0.21,9.57,0.79,0.03,-0.01,0.00,-58.14,15.10,23.90,0,0,0,
5452,89,89,0.18,9.67,0.83,0.02,-0.01,0.00,-58.36,15.95,24.58,0,0,0,
5458,89,90,0.23,9.55,0.78,0.01,-0.01,0.00,-57.95,14.66,23.36,0,0,0,
5464,89,89,0.18,9.63,0.82,0.01,-0.01,0.00,-58.35,15.01,24.76,0,0,0,
5470,89,89,0.18,9.63,0.82,0.00,-0.01,0.00,-58.36,15.95,25.45,0,0,0,
5477,89,89,0.22,9.63,0.81,0.01,-0.01,0.00,-58.13,15.10,24.04,0,0,0,
5483,90,90,0.21,9.54,0.79,0.01,-0.01,0.00,-57.28,15.30,25.02,0,0,0,
5489,90,90,0.21,9.54,0.79,0.02,-0.01,0.00,-58.71,15.87,25.37,0,0,0,
5500,89,89,0.19,9.68,0.84,0.02,-0.01,0.00,-57.64,13.94,23.94,0,0,0,
5507,89,90,0.22,9.56,0.79,0.03,-0.01,0.00,-58.04,15.54,24.57,0,0,0,
5513,89,89,0.19,9.64,0.79,0.01,-0.01,0.00,-58.62,15.30,24.47,0,0,0,
5519,89,89,0.19,9.64,0.79,0.01,-0.01,0.00,-57.35,14.73,22.92,0,0,0,
5525,89,89,0.22,9.65,0.81,0.00,-0.01,0.00,-57.88,14.66,24.67,0,0,0,
5532,90,90,0.21,9.54,0.78,0.00,-0.01,0.00,-58.67,15.93,24.51,0,0,0,
5538,89,89,0.21,9.68,0.84,0.00,-0.01,0.00,-58.16,14.59,23.21,0,0,0,
5549,89,90,0.24,9.56,0.80,0.01,-0.01,0.00,-58.74,15.57,24.76,0,0,0,
5555,89,90,0.24,9.56,0.80,0.01,-0.01,0.00,-58.67,15.20,23.55,0,0,0,
5561,89,89,0.19,9.62,0.81,0.01,-0.01,0.00,-57.21,14.29,24.06,0,0,0,
5568,89,89,0.20,9.66,0.81,0.01,-0.01,0.00,-58.55,15.65,25.10,0,0,0,
5574,89,89,0.20,9.66,0.81,0.01,-0.01,0.00,-58.75,15.39,24.35,0,0,0,
5587,89,89,0.18,9.67,0.84,0.00,-0.01,0.00,-59.09,15.19,24.61,0,0,0,
5593,89,89,0.18,9.67,0.84,0.00,-0.01,0.00,-58.67,15.45,23.66,0,0,0,
5600,89,90,0.23,9.57,0.81,0.01,-0.01,0.00,-57.42,13.71,22.87,0,0,0,
5611,89,90,0.19,9.59,0.80,0.02,-0.01,0.00,-59.43,15.86,23.87,0,0,0,
5617,89,89,0.19,9.66,0.82,0.02,-0.01,0.00,-57.83,14.94,24.00,0,0,0,
5623,90,90,0.22,9.55,0.78,0.02,-0.01,0.00,-58.17,15.45,24.69,0,0,0,
5630,90,90,0.22,9.55,0.78,0.02,-0.01,0.00,-59.18,16.59,24.73,0,0,0,
5636,89,89,0.18,9.67,0.81,0.01,-0.01,0.00,-58.73,15.00,24.28,0,0,0,
5642,89,90,0.23,9.61,0.79,0.01,-0.01,0.00,-57.48,14.29,23.93,0,0,0,
5647,89,90,0.23,9.61,0.79,0.01,-0.01,0.00,-58.96,15.59,23.95,0,0,0,
5659,89,89,0.20,9.66,0.83,0.00,-0.01,0.00,-57.61,14.59,24.07,0,0,0,
5666,89,89,0.20,9.66,0.83,0.00,-0.01,0.00,-58.92,15.14,24.39,0,0,0,
5672,90,90,0.22,9.53,0.78,0.01,-0.01,0.00,-58.73,16.12,24.55,0,0,0,
5678,89,89,0.17,9.65,0.81,0.01,-0.01,0.00,-58.08,15.36,24.16,0,0,0,
5684,89,89,0.17,9.65,0.81,0.01,-0.01,0.00,-57.97,14.69,24.29,0,0,0,
5691,89,90,0.22,9.59,0.81,0.02,-0.01,0.00,-58.89,16.35,24.85,0,0,0,
5696,90,90,0.21,9.57,0.79,0.03,-0.01,0.00,-58.64,15.32,24.00,0,0,0,
5708,89,89,0.19,9.67,0.81,0.02,-0.01,0.00,-58.24,14.89,24.32,0,0,0,
5714,90,90,0.19,9.51,0.83,0.02,-0.01,0.00,-58.40,15.13,24.57,0,0,0,
5721,90,91,0.22,9.51,0.83,0.03,-0.01,0.00,-58.14,13.49,24.00,0,0,0,
5727,89,89,0.19,9.64,0.81,0.07,-0.01,0.00,-58.39,14.43,24.89,0,0,0,
5733,89,89,0.22,9.66,0.75,0.07,-0.01,0.00,-58.73,15.51,24.07,0,0,0,
5744,90,90,0.20,9.58,0.73,0.05,-0.01,0.00,-58.17,15.11,24.83,0,0,0,
5752,89,89,0.18,9.66,0.81,0.03,-0.01,0.00,-59.35,15.30,24.00,0,0,0,
5758,89,89,0.18,9.66,0.81,0.03,-0.01,0.00,-58.32,14.82,24.17,0,0,0,
5770,89,89,0.19,9.63,0.76,0.04,-0.01,0.00,-58.80,15.87,25.33,0,0,0,
5776,89,89,0.19,9.63,0.76,0.04,-0.01,0.00,-58.26,14.82,24.61,0,0,0,
5782,89,89,0.22,9.65,0.77,0.04,-0.01,0.00,-57.45,14.82,24.19,0,0,0,
5789,90,90,0.21,9.56,0.74,0.03,-0.01,0.00,-58.92,15.78,24.55,0,0,0,
5795,90,90,0.21,9.56,0.74,0.03,-0.01,0.00,-58.27,14.98,23.38,0,0,0,
5801,89,89,0.18,9.69,0.79,0.02,-0.01,0.00,-57.80,13.90,23.30,0,0,0,
5806,89,90,0.23,9.56,0.76,0.02,-0.01,0.00,-58.14,15.21,24.19,0,0,0,
5818,89,89,0.19,9.61,0.79,0.04,-0.01,0.00,-57.70,14.54,23.50,0,0,0,
5891,89,89,0.19,9.67,0.76,0.00,-0.01,0.00,-59.98,16.59,24.42,0,0,0,
5923,89,89,0.20,9.65,0.80,0.02,-0.00,0.00,-58.71,15.40,23.14,0,0,0,
5928,90,90,0.22,9.54,0.73,0.06,-0.01,0.00,-58.93,14.88,25.20,0,0,0,
5935,90,90,0.22,9.54,0.73,0.06,-0.01,0.00,-58.37,15.04,24.06,0,0,0,
5941,89,89,0.19,9.66,0.73,0.07,-0.01,0.00,-57.89,13.87,24.36,0,0,0,
5947,89,90,0.22,9.63,0.69,0.06,-0.01,0.00,-58.42,15.05,23.76,0,0,0,
5953,89,90,0.22,9.63,0.69,0.06,-0.01,0.00,-58.73,15.52,23.97,0,0,0,
5965,89,89,0.20,9.67,0.76,0.06,-0.01,0.00,-58.18,15.62,25.20,0,0,0,
5972,89,89,0.20,9.67,0.76,0.06,-0.01,0.00,-58.64,15.84,25.05,0,0,0,
5978,89,90,0.23,9.56,0.68,0.08,-0.01,0.00,-58.42,14.72,23.91,0,0,0,
5984,89,89,0.17,9.66,0.71,0.06,-0.01,0.00,-58.64,15.39,24.57,0,0,0,
5990,89,89,0.17,9.66,0.71,0.06,-0.01,0.00,-59.16,16.00,25.59,0,0,0,
5996,89,90,0.21,9.61,0.70,0.06,-0.01,0.00,-58.20,14.64,25.11,0,0,0,
6002,89,90,0.22,9.58,0.68,0.06,-0.01,0.00,-57.50,14.09,24.09,0,0,0,
6014,88,89,0.20,9.70,0.71,0.06,-0.01,0.00,-58.62,15.29,24.20,0,0,0,
6020,90,90,0.22,9.56,0.67,0.06,-0.01,0.00,-58.14,13.46,23.47,0,0,0,
6027,90,90,0.22,9.56,0.67,0.06,-0.01,0.00,-59.00,15.10,24.48,0,0,0,
6033,89,89,0.18,9.67,0.66,0.04,-0.01,0.00,-58.59,15.83,24.41,0,0,0,
6039,88,89,0.22,9.68,0.62,0.01,-0.01,0.00,-58.11,14.40,24.89,0,0,0,
6044,88,89,0.22,9.68,0.62,0.01,-0.01,0.00,-58.58,14.57,24.85,0,0,0,
6051,89,90,0.22,9.60,0.63,-0.03,-0.01,0.00,-59.09,15.33,24.85,0,0,0,
6057,89,89,0.18,9.68,0.74,-0.06,-0.01,0.00,-58.21,14.31,25.34,0,0,0,
6075,90,90,0.18,9.59,0.76,-0.04,-0.01,0.00,-58.51,15.01,24.66,0,0,0,
6081,90,90,0.18,9.59,0.76,0.00,-0.01,0.00,-57.12,13.26,24.79,0,0,0,
6087,89,89,0.21,9.65,0.73,0.04,-0.01,0.00,-58.58,15.36,25.18,0,0,0,
6093,89,90,0.22,9.59,0.64,0.04,-0.01,0.00,-58.04,15.27,24.47,0,0,0,
6099,89,90,0.22,9.59,0.64,0.05,-0.01,0.00,-57.91,13.97,24.06,0,0,0,
6105,88,88,0.18,9.71,0.65,0.02,-0.01,0.00,-57.99,14.95,23.72,0,0,0,
6111,88,88,0.18,9.71,0.65,0.02,-0.01,0.00,-58.90,16.43,24.66,0,0,0,
6122,89,89,0.19,9.66,0.64,-0.08,-0.01,0.00,-58.11,13.91,24.42,0,0,0,
6129,89,89,0.19,9.66,0.64,-0.08,-0.01,0.00,-59.03,15.62,25.81,0,0,0,
6135,89,89,0.21,9.66,0.74,-0.11,-0.01,0.00,-57.97,14.54,23.94,0,0,0,
6141,90,91,0.21,9.49,0.77,-0.08,-0.01,0.00,-57.64,13.75,24.36,0,0,0,
6147,90,91,0.21,9.49,0.77,-0.08,-0.01,0.00,-57.83,15.32,25.72,0,0,0,
6154,90,89,0.17,9.59,0.85,-0.02,-0.01,0.00,-58.17,14.88,25.18,0,0,0,
6159,90,90,0.22,9.54,0.77,0.06,-0.01,0.00,-57.97,14.00,24.79,0,0,0,
6170,89,89,0.20,9.62,0.70,0.10,-0.01,0.00,-58.80,16.19,24.83,0,0,0,
6177,88,89,0.20,9.73,0.64,0.10,-0.01,0.00,-57.53,15.13,24.90,0,0,0,
6183,88,89,0.20,9.73,0.64,0.07,-0.01,0.00,-57.86,15.20,24.69,0,0,0,
6190,89,90,0.22,9.60,0.61,0.01,-0.01,0.00,-58.71,16.05,25.39,0,0,0,
6195,89,89,0.18,9.70,0.67,-0.04,-0.01,0.00,-58.01,14.79,24.42,0,0,0,
6201,89,89,0.18,9.70,0.67,-0.04,-0.01,0.00,-57.37,17.17,24.86,0,0,0,
6208,89,90,0.22,9.58,0.71,-0.05,-0.01,0.00,-58.46,16.37,26.09,0,0,0,
6214,90,90,0.20,9.56,0.76,-0.03,-0.01,0.00,-57.41,15.35,24.76,0,0,0,
6233,90,90,0.23,9.54,0.70,0.05,-0.01,0.00,-58.70,15.08,24.50,0,0,0,
6240,90,90,0.23,9.54,0.70,0.05,-0.01,0.00,-57.38,14.00,23.71,0,0,0,
6246,89,89,0.18,9.68,0.69,0.05,-0.01,0.00,-58.55,15.48,24.33,0,0,0,
6253,89,89,0.23,9.64,0.66,0.02,-0.01,0.00,-58.64,15.46,24.83,0,0,0,
6259,89,89,0.23,9.64,0.66,0.02,-0.01,0.00,-58.46,14.38,23.27,0,0,0,
6264,89,89,0.21,9.62,0.64,-0.01,-0.01,0.00,-58.17,15.11,24.82,0,0,0,
6270,89,89,0.20,9.70,0.71,-0.05,-0.01,0.00,-59.32,16.30,24.90,0,0,0,
6282,90,90,0.22,9.54,0.73,-0.04,-0.01,0.00,-57.72,13.77,24.33,0,0,0,
6289,90,89,0.18,9.60,0.80,-0.01,-0.01,0.00,-58.23,16.24,24.90,0,0,0,
6295,90,89,0.18,9.60,0.80,-0.01,-0.01,0.00,-57.80,15.61,23.68,0,0,0,
6301,89,90,0.21,9.59,0.75,0.03,-0.01,0.00,-56.87,14.37,22.83,0,0,0,
6307,89,90,0.21,9.59,0.69,0.06,-0.01,0.00,-58.13,16.34,24.54,0,0,0,
6313,89,90,0.21,9.59,0.69,0.06,-0.01,0.00,-58.67,15.83,24.12,0,0,0,
6319,88,89,0.20,9.71,0.69,0.04,-0.01,0.00,-57.26,13.88,23.93,0,0,0,
6330,89,90,0.23,9.62,0.64,0.01,-0.01,0.00,-58.77,16.11,24.42,0,0,0,
6336,89,89,0.19,9.65,0.68,-0.03,-0.01,0.00,-58.21,15.43,24.06,0,0,0,
6343,89,89,0.21,9.63,0.73,-0.03,-0.01,0.00,-57.69,14.91,24.76,0,0,0,
6349,89,89,0.21,9.63,0.73,-0.03,-0.01,0.00,-58.64,16.28,24.83,0,0,0,
6355,90,90,0.21,9.54,0.72,-0.01,-0.01,0.00,-58.20,15.39,24.64,0,0,0,
6361,89,89,0.21,9.67,0.76,-0.01,-0.01,0.00,-57.34,13.91,24.57,0,0,0,
6368,89,89,0.19,9.67,0.76,0.01,-0.01,0.00,-58.56,15.30,24.64,0,0,0,
6374,89,90,0.22,9.60,0.70,0.02,-0.01,0.00,-57.76,15.55,24.35,0,0,0,
6393,89,89,0.21,9.64,0.74,-0.01,-0.01,0.00,-58.65,15.13,24.70,0,0,0,
6399,90,90,0.21,9.56,0.67,0.01,-0.01,0.00,-57.06,14.19,23.02,0,0,0,
6406,90,90,0.21,9.56,0.67,0.01,-0.01,0.00,-58.24,15.35,25.68,0,0,0,
6412,88,88,0.19,9.71,0.70,-0.02,-0.01,0.00,-59.30,16.57,26.02,0,0,0,
6418,89,90,0.22,9.59,0.70,-0.03,-0.01,0.00,-57.53,15.05,24.51,0,0,0,
6424,89,90,0.22,9.59,0.70,-0.03,-0.01,0.00,-57.80,15.24,24.74,0,0,0,
6430,90,90,0.19,9.57,0.75,-0.03,-0.01,0.00,-59.54,16.22,24.67,0,0,0,
6442,89,89,0.20,9.65,0.75,0.00,-0.01,0.00,-56.96,14.45,24.20,0,0,0,
6448,90,90,0.23,9.54,0.70,0.01,-0.01,0.00,-58.29,16.14,24.04,0,0,0,
6454,89,89,0.18,9.68,0.75,0.01,-0.01,0.00,-58.62,15.48,23.94,0,0,0,
6460,89,89,0.18,9.68,0.75,0.01,-0.01,0.00,-56.94,14.03,23.03,0,0,0,
6467,89,90,0.21,9.60,0.69,0.02,-0.01,0.00,-57.92,15.02,25.30,0,0,0,
6473,89,90,0.20,9.60,0.69,0.02,-0.01,0.00,-58.37,15.48,24.85,0,0,0,
6479,89,90,0.20,9.60,0.69,0.02,-0.01,0.00,-58.27,14.56,24.42,0,0,0,
6490,89,89,0.20,9.68,0.73,0.00,-0.01,0.00,-58.93,16.59,25.80,0,0,0,
6497,90,90,0.23,9.54,0.70,-0.00,-0.01,0.00,-58.71,14.29,24.99,0,0,0,
6503,89,89,0.18,9.66,0.74,-0.00,-0.01,0.00,-57.89,15.10,25.48,0,0,0,
6508,89,89,0.18,9.66,0.74,-0.00,-0.01,0.00,-58.40,15.54,25.40,0,0,0,
6514,89,90,0.22,9.60,0.72,0.01,-0.01,0.00,-57.89,15.29,24.42,0,0,0,
6521,90,90,0.20,9.58,0.71,0.01,-0.01,0.00,-57.40,14.73,24.74,0,0,0,
6527,90,90,0.20,9.58,0.71,0.01,-0.01,0.00,-58.37,15.48,25.34,0,0,0,
6533,89,89,0.18,9.67,0.74,0.01,-0.01,0.00,-58.68,15.54,23.81,0,0,0,
6552,89,89,0.19,9.64,0.73,0.00,-0.01,0.00,-58.46,15.90,25.24,0,0,0,
6558,89,90,0.22,9.62,0.72,0.01,-0.01,0.00,-57.31,14.29,24.31,0,0,0,
6565,89,90,0.20,9.58,0.70,0.01,-0.01,0.00,-57.73,15.05,24.48,0,0,0,
6571,89,90,0.20,9.58,0.70,0.01,-0.01,0.00,-58.67,16.38,25.50,0,0,0,
6576,88,89,0.19,9.70,0.75,0.00,-0.01,0.00,-58.24,14.53,24.39,0,0,0,
6582,88,89,0.19,9.70,0.75,0.00,-0.01,0.00,-57.35,14.34,23.40,0,0,0,
6589,90,90,0.23,9.55,0.71,0.00,-0.01,0.00,-58.65,15.48,24.99,0,0,0,
6600,89,89,0.18,9.62,0.74,0.01,-0.01,0.00,-56.45,13.83,23.78,0,0,0,
6606,89,89,0.21,9.63,0.74,0.03,-0.01,0.00,-58.45,15.02,24.47,0,0,0,
6612,90,90,0.21,9.56,0.70,0.04,-0.01,0.00,-58.23,16.05,23.47,0,0,0,
6619,90,90,0.21,9.56,0.70,0.04,-0.01,0.00,-56.97,14.29,22.20,0,0,0,
6625,89,89,0.19,9.70,0.72,0.04,-0.01,0.00,-58.13,15.52,24.50,0,0,0,
6631,89,90,0.22,9.58,0.67,0.04,-0.01,0.00,-58.92,16.11,25.46,0,0,0,
6637,89,90,0.22,9.58,0.67,0.04,-0.01,0.00,-57.61,14.24,23.60,0,0,0,
6643,89,89,0.18,9.65,0.69,0.01,-0.01,0.00,-58.20,14.88,24.71,0,0,0,
6655,89,89,0.20,9.66,0.71,-0.00,-0.01,0.00,-57.88,14.83,24.20,0,0,0,
6661,89,90,0.23,9.56,0.69,-0.01,-0.01,0.00,-57.40,14.72,24.31,0,0,0,
6667,89,89,0.18,9.67,0.75,-0.00,-0.01,0.00,-57.97,15.78,24.70,0,0,0,
6673,89,89,0.18,9.67,0.75,-0.00,-0.01,0.00,-57.97,15.05,23.62,0,0,0,
6680,89,90,0.22,9.56,0.70,0.01,-0.01,0.00,-57.40,13.11,23.71,0,0,0,
6686,89,89,0.18,9.62,0.72,0.01,-0.01,0.00,-58.21,15.78,24.83,0,0,0,
6692,89,89,0.18,9.62,0.72,0.01,-0.01,0.00,-57.63,15.26,24.00,0,0,0,
6710,89,90,0.22,9.56,0.67,0.01,-0.01,0.00,-59.24,16.69,24.69,0,0,0,
6717,89,89,0.18,9.68,0.72,-0.00,-0.01,0.00,-57.80,14.81,24.35,0,0,0,
6723,89,90,0.22,9.57,0.70,-0.00,-0.01,0.00,-57.79,15.36,24.77,0,0,0,
6729,89,90,0.22,9.57,0.70,-0.00,-0.01,0.00,-58.92,16.33,25.86,0,0,0,
6735,89,89,0.19,9.60,0.72,-0.00,-0.01,0.00,-57.61,15.58,23.65,0,0,0,
6742,89,89,0.20,9.66,0.75,0.01,-0.01,0.00,-57.94,15.08,24.33,0,0,0,
6748,89,89,0.20,9.66,0.75,0.01,-0.01,0.00,-58.29,16.27,25.46,0,0,0,
6760,89,89,0.17,9.68,0.72,0.01,-0.01,0.00,-57.41,13.84,23.31,0,0,0,
6766,89,89,0.17,9.68,0.72,0.01,-0.01,0.00,-58.13,15.49,24.86,0,0,0,
6771,89,90,0.21,9.61,0.70,0.01,-0.01,0.00,-59.34,16.60,25.33,0,0,0,
6778,89,90,0.21,9.58,0.70,0.00,-0.01,0.00,-58.01,14.13,23.95,0,0,0,
6784,89,90,0.21,9.58,0.70,0.00,-0.01,0.00,-57.80,15.62,24.89,0,0,0,
6790,88,89,0.20,9.69,0.73,-0.00,-0.01,0.00,-58.40,15.96,24.76,0,0,0,
6796,90,90,0.20,9.57,0.70,-0.00,-0.01,0.00,-57.67,15.51,24.06,0,0,0,
6803,89,90,0.23,9.57,0.70,0.00,-0.01,0.00,-57.78,15.55,24.29,0,0,0,
6814,89,89,0.19,9.61,0.72,-0.00,-0.01,0.00,-58.16,15.51,24.99,0,0,0,
6820,89,90,0.21,9.61,0.72,0.00,-0.01,0.00,-56.91,14.22,25.56,0,0,0,
6826,90,90,0.20,9.57,0.70,0.01,-0.01,0.00,-58.42,15.42,24.14,0,0,0,
6833,89,89,0.19,9.69,0.73,0.01,-0.01,0.00,-58.24,15.43,22.58,0,0,0,
6839,89,89,0.19,9.69,0.73,0.01,-0.01,0.00,-57.56,14.05,23.76,0,0,0,
6845,89,90,0.23,9.57,0.69,0.02,-0.01,0.00,-58.17,15.52,23.94,0,0,0,
6851,89,90,0.23,9.57,0.72,0.02,-0.01,0.00,-58.78,16.43,24.26,0,0,0,
6870,90,90,0.21,9.56,0.70,-0.00,-0.01,0.00,-58.97,16.09,24.67,0,0,0,
6877,90,90,0.21,9.56,0.70,0.00,-0.01,0.00,-57.66,14.94,23.78,0,0,0,
6883,89,89,0.20,9.69,0.75,0.00,-0.01,0.00,-58.23,14.75,25.12,0,0,0,
6889,89,90,0.22,9.56,0.69,0.01,-0.01,0.00,-58.80,16.16,24.44,0,0,0,
6895,89,90,0.22,9.56,0.69,0.01,-0.01,0.00,-57.42,15.10,23.06,0,0,0,
6902,89,89,0.18,9.63,0.72,0.01,-0.01,0.00,-57.15,15.54,24.16,0,0,0,
6908,89,89,0.21,9.64,0.72,0.01,-0.01,0.00,-58.18,15.92,25.04,0,0,0,
6914,89,89,0.21,9.64,0.72,0.01,-0.01,0.00,-57.54,15.13,23.65,0,0,0,
6925,88,89,0.22,9.69,0.73,0.01,-0.01,0.00,-58.13,15.67,24.70,0,0,0,
6932,89,89,0.19,9.69,0.73,0.00,-0.01,0.00,-58.65,15.42,24.14,0,0,0,
6938,89,90,0.23,9.57,0.71,0.00,-0.01,0.00,-58.13,13.81,23.62,0,0,0,
6944,89,89,0.19,9.63,0.73,0.00,-0.01,0.00,-58.11,14.88,23.87,0,0,0,
6950,89,89,0.19,9.63,0.73,0.00,-0.01,0.00,-59.06,16.94,25.34,0,0,0,
6956,89,89,0.20,9.65,0.74,0.01,-0.01,0.00,-57.64,15.26,23.46,0,0,0,
6962,90,90,0.20,9.54,0.68,0.01,-0.01,0.00,-57.41,18.53,24.47,0,0,0,
6973,89,89,0.19,9.66,0.75,0.01,-0.01,0.00,-57.99,14.91,24.38,0,0,0,
6979,89,89,0.19,9.66,0.75,0.01,-0.01,0.00,-57.42,13.26,24.00,0,0,0,
6985,89,90,0.22,9.60,0.68,0.02,-0.01,0.00,-58.52,15.01,24.29,0,0,0,
6992,89,89,0.18,9.63,0.70,0.00,-0.01,0.00,-58.37,15.65,24.16,0,0,0,
6998,89,89,0.18,9.63,0.70,0.00,-0.01,0.00,-57.79,14.86,24.00,0,0,0,
7004,89,89,0.19,9.70,0.72,-0.00,-0.01,0.00,-57.92,15.57,24.88,0,0,0,
7009,90,90,0.21,9.54,0.70,-0.01,-0.01,0.00,-59.09,16.95,24.92,0,0,0,
7028,89,90,0.23,9.59,0.73,0.03,-0.01,0.00,-58.33,16.31,25.69,0,0,0,
7035,89,90,0.23,9.59,0.73,0.03,-0.01,0.00,-57.78,15.21,24.41,0,0,0,
7041,89,89,0.19,9.62,0.67,0.03,-0.01,0.00,-57.16,14.95,24.63,0,0,0,
7047,89,89,0.19,9.68,0.73,0.01,-0.01,0.00,-57.80,15.93,24.38,0,0,0,
7053,89,89,0.19,9.68,0.73,0.01,-0.01,0.00,-57.82,15.70,24.39,0,0,0,
7060,90,90,0.22,9.55,0.69,0.01,-0.01,0.00,-56.78,13.86,23.62,0,0,0,
7065,89,89,0.19,9.69,0.71,0.01,-0.01,0.00,-58.35,15.62,24.51,0,0,0,
7071,89,89,0.19,9.69,0.71,0.01,-0.01,0.00,-58.01,15.68,23.81,0,0,0,
7083,89,90,0.22,9.59,0.69,-0.00,-0.01,0.00,-57.63,15.10,24.70,0,0,0,
7090,89,90,0.19,9.59,0.69,-0.02,-0.01,0.00,-58.90,16.87,24.64,0,0,0,
7096,89,89,0.19,9.65,0.76,-0.02,-0.01,0.00,-57.79,15.11,23.66,0,0,0,
7102,90,91,0.23,9.53,0.75,0.29,-0.01,0.00,-57.66,14.81,24.51,0,0,0,
7108,90,91,0.23,9.53,0.75,0.01,-0.01,0.00,-58.29,16.05,24.88,0,0,0,
7115,89,89,0.18,9.64,0.77,0.04,-0.01,0.00,-58.36,14.85,24.26,0,0,0,
7120,89,90,0.22,9.62,0.70,0.06,-0.01,0.00,-56.99,13.87,23.68,0,0,0,
7132,89,90,0.21,9.60,0.64,0.04,-0.01,0.00,-57.76,15.45,24.03,0,0,0,
7138,89,90,0.21,9.60,0.64,0.04,-0.01,0.00,-57.85,14.31,24.13,0,0,0,
7144,88,88,0.19,9.72,0.68,-0.00,-0.01,0.00,-57.69,15.45,24.16,0,0,0,
7150,89,90,0.23,9.58,0.67,-0.03,-0.01,0.00,-58.92,16.50,24.07,0,0,0,
7156,89,90,0.23,9.58,0.75,-0.03,-0.01,0.00,-57.89,18.66,23.53,0,0,0,
7162,89,89,0.19,9.63,0.75,-0.04,-0.01,0.00,-57.78,14.75,24.73,0,0,0,
7169,89,90,0.21,9.60,0.77,-0.02,-0.01,0.00,-58.77,16.59,25.53,0,0,0,
7183,90,90,0.20,9.53,0.74,0.02,-0.01,0.00,-57.44,14.70,23.76,0,0,0,
7194,89,90,0.24,9.57,0.69,0.01,-0.01,0.00,-57.80,15.02,23.56,0,0,0,
7201,89,90,0.24,9.57,0.69,0.01,-0.01,0.00,-56.61,13.97,23.56,0,0,0,
7207,89,89,0.20,9.63,0.70,0.00,-0.01,0.00,-57.66,15.43,24.44,0,0,0,
7213,89,89,0.20,9.67,0.70,-0.01,-0.01,0.00,-57.51,14.70,24.45,0,0,0,
7219,89,89,0.20,9.67,0.70,-0.01,-0.01,0.00,-56.80,13.72,23.95,0,0,0,
7225,90,90,0.20,9.54,0.75,-0.00,-0.01,0.00,-58.21,15.32,25.34,0,0,0,
7231,89,88,0.17,9.71,0.73,-0.00,-0.01,0.00,-58.77,15.97,25.15,0,0,0,
7242,90,90,0.22,9.56,0.70,0.00,-0.01,0.00,-58.33,15.40,25.42,0,0,0,
7249,89,89,0.19,9.60,0.73,0.00,-0.01,0.00,-58.49,17.06,26.16,0,0,0,
7255,89,89,0.19,9.60,0.73,0.02,-0.01,0.00,-58.04,14.79,25.39,0,0,0,
7261,89,89,0.21,9.64,0.74,0.03,-0.01,0.00,-56.90,14.60,23.91,0,0,0,
7268,90,90,0.22,9.56,0.71,0.03,-0.01,0.00,-58.17,16.44,25.08,0,0,0,
7274,90,90,0.22,9.56,0.71,0.04,-0.01,0.00,-57.85,15.52,24.86,0,0,0,
7280,89,89,0.19,9.68,0.74,0.04,-0.01,0.00,-57.48,14.78,24.61,0,0,0,
7292,89,90,0.23,9.64,0.64,0.03,-0.01,0.00,-58.87,15.70,24.09,0,0,0,
7298,89,89,0.20,9.63,0.66,-0.01,-0.01,0.00,-57.60,14.69,22.86,0,0,0,
7305,89,89,0.21,9.66,0.74,-0.01,-0.01,0.00,-57.67,15.13,25.18,0,0,0,
7310,89,89,0.21,9.66,0.74,-0.03,-0.01,0.00,-58.90,15.92,25.07,0,0,0,
7316,90,90,0.22,9.55,0.70,-0.02,-0.01,0.00,-58.17,15.30,25.04,0,0,0,
7322,90,90,0.22,9.55,0.70,-0.02,-0.01,0.00,-58.61,15.80,24.51,0,0,0,
7335,89,90,0.22,9.58,0.75,0.00,-0.01,0.00,-57.64,15.10,23.14,0,0,0,
7342,89,90,0.19,9.59,0.72,0.02,-0.01,0.00,-57.09,15.32,24.60,0,0,0,
7354,89,89,0.19,9.68,0.73,0.02,-0.01,0.00,-58.08,15.62,23.63,0,0,0,
7360,89,89,0.19,9.68,0.68,0.02,-0.01,0.00,-56.90,13.97,23.44,0,0,0,
7366,89,90,0.23,9.56,0.68,0.02,-0.01,0.00,-57.63,15.81,24.25,0,0,0,
7372,89,89,0.19,9.66,0.71,0.01,-0.01,0.00,-57.45,15.40,24.23,0,0,0,
7378,89,89,0.19,9.66,0.71,0.01,-0.01,0.00,-57.10,14.70,23.90,0,0,0,
7384,89,90,0.22,9.62,0.71,0.00,-0.01,0.00,-58.37,15.49,25.02,0,0,0,
7391,90,90,0.20,9.56,0.74,0.01,-0.01,0.00,-57.94,16.24,24.93,0,0,0,
7402,89,89,0.19,9.67,0.73,0.03,-0.01,0.00,-57.48,15.27,25.10,0,0,0,
7408,89,90,0.23,9.58,0.63,0.03,-0.01,0.00,-58.20,15.90,25.50,0,0,0,
7414,89,90,0.23,9.58,0.63,0.03,-0.01,0.00,-57.54,15.01,25.64,0,0,0,
7420,89,89,0.20,9.66,0.70,-0.01,-0.01,0.00,-56.94,14.25,24.82,0,0,0,
7426,89,89,0.21,9.67,0.75,-0.01,-0.01,0.00,-58.20,15.30,26.09,0,0,0,
7432,89,89,0.21,9.67,0.75,-0.01,-0.01,0.00,-58.17,15.70,25.07,0,0,0,
7438,90,90,0.18,9.56,0.72,0.01,-0.01,0.00,-57.50,14.28,23.63,0,0,0,
7444,89,89,0.18,9.65,0.75,0.01,-0.01,0.00,-58.26,15.02,23.81,0,0,0,
7454,89,91,0.25,9.55,0.70,0.03,-0.01,0.00,-57.66,15.43,24.32,0,0,0,
7461,89,91,0.25,9.55,0.70,0.03,-0.01,0.00,-57.37,15.16,24.70,0,0,0,
7467,89,89,0.20,9.64,0.70,0.04,-0.01,0.00,-58.11,16.15,25.27,0,0,0,
7473,89,89,0.20,9.65,0.73,0.04,-0.01,0.00,-57.73,15.20,25.18,0,0,0,
7479,89,89,0.20,9.65,0.73,0.04,-0.01,0.00,-57.67,14.57,25.07,0,0,0,
7486,90,90,0.21,9.54,0.69,0.05,-0.01,0.00,-58.21,15.81,25.86,0,0,0,
7499,89,90,0.24,9.58,0.65,0.05,-0.01,0.00,-57.09,14.88,24.03,0,0,0,
7510,89,89,0.18,9.65,0.65,0.05,-0.01,0.00,-58.52,17.16,25.45,0,0,0,
7517,89,89,0.18,9.65,0.65,0.05,-0.01,0.00,-57.97,15.00,25.52,0,0,0,
7523,88,89,0.20,9.71,0.64,0.00,-0.01,0.00,-57.89,15.76,25.90,0,0,0,
7529,89,90,0.22,9.57,0.62,-0.04,-0.01,0.00,-58.58,16.76,25.91,0,0,0,
7535,89,90,0.22,9.57,0.62,-0.04,-0.01,0.00,-58.21,15.55,24.13,0,0,0,
7541,89,89,0.19,9.63,0.76,-0.05,-0.01,0.00,-57.29,18.08,23.91,0,0,0,
7548,89,90,0.22,9.57,0.71,0.00,-0.01,0.00,-58.37,16.49,25.50,0,0,0,
7559,89,89,0.18,9.60,0.70,0.00,-0.01,0.00,-57.50,13.84,24.31,0,0,0,
7566,89,89,0.19,9.67,0.73,0.01,-0.01,0.00,-58.08,15.26,25.33,0,0,0,
7572,89,89,0.19,9.67,0.73,0.01,-0.01,0.00,-57.69,15.02,24.77,0,0,0,
7578,90,90,0.23,9.55,0.65,0.03,-0.01,0.00,-57.92,14.54,23.49,0,0,0,
7584,89,89,0.19,9.70,0.69,0.01,-0.01,0.00,-58.01,15.20,24.47,0,0,0,
7590,89,89,0.19,9.70,0.69,0.01,-0.01,0.00,-58.62,15.30,24.22,0,0,0,
7596,89,90,0.23,9.63,0.65,-0.01,-0.01,0.00,-57.78,14.85,23.17,0,0,0,
7602,89,90,0.21,9.60,0.67,-0.03,-0.01,0.00,-57.70,15.21,24.92,0,0,0,
7613,89,89,0.19,9.65,0.75,-0.03,-0.01,0.00,-57.85,15.24,24.33,0,0,0,
7620,90,90,0.20,9.52,0.75,0.01,-0.01,0.00,-56.94,14.60,24.19,0,0,0,
7626,90,90,0.20,9.52,0.75,0.01,-0.01,0.00,-58.18,15.61,24.51,0,0,0,
7632,89,89,0.19,9.67,0.71,0.05,-0.01,0.00,-57.69,15.14,24.36,0,0,0,
7639,89,89,0.22,9.64,0.66,0.03,-0.01,0.00,-56.84,13.83,23.43,0,0,0,
7652,89,89,0.20,9.62,0.64,0.01,-0.01,0.00,-58.68,15.32,24.06,0,0,0,
7659,88,88,0.19,9.71,0.69,-0.02,-0.01,0.00,-56.46,13.46,22.38,0,0,0,
7670,89,90,0.22,9.56,0.69,-0.03,-0.01,0.00,-58.58,15.89,24.80,0,0,0,
7676,89,89,0.19,9.61,0.75,-0.02,-0.01,0.00,-57.38,14.85,23.74,0,0,0,
7683,89,89,0.19,9.61,0.75,-0.02,-0.01,0.00,-58.17,15.62,24.19,0,0,0,
7689,89,90,0.23,9.61,0.74,0.01,-0.01,0.00,-58.94,16.76,26.12,0,0,0,
7695,89,90,0.21,9.57,0.67,0.04,-0.01,0.00,-57.60,15.45,25.20,0,0,0,
7701,89,90,0.21,9.57,0.67,0.04,-0.01,0.00,-57.37,14.66,25.10,0,0,0,
7708,89,88,0.18,9.71,0.68,0.02,-0.01,0.00,-58.33,15.97,25.81,0,0,0,
7719,89,90,0.22,9.59,0.63,-0.01,-0.01,0.00,-56.37,13.71,24.60,0,0,0,
7726,89,89,0.19,9.66,0.68,-0.04,-0.01,0.00,-58.13,15.78,24.83,0,0,0,
7732,89,90,0.22,9.62,0.76,-0.04,-0.01,0.00,-58.70,15.83,25.12,0,0,0,
7738,89,90,0.22,9.62,0.76,-0.04,-0.01,0.00,-57.16,14.40,23.69,0,0,0,
7744,90,90,0.21,9.53,0.73,0.00,-0.01,0.00,-58.27,15.59,25.43,0,0,0,
7750,89,89,0.18,9.67,0.77,0.02,-0.01,0.00,-58.49,15.55,25.87,0,0,0,
7756,89,89,0.18,9.67,0.77,0.02,-0.01,0.00,-57.32,15.51,24.09,0,0,0,
7763,89,90,0.24,9.55,0.71,0.05,-0.01,0.00,-57.75,15.11,25.90,0,0,0,
7774,89,89,0.21,9.63,0.70,0.07,-0.01,0.00,-58.14,15.42,25.62,0,0,0,
7780,88,89,0.21,9.72,0.66,0.05,-0.01,0.00,-56.69,13.91,25.18,0,0,0,
7786,89,90,0.21,9.59,0.62,0.01,-0.01,0.00,-58.48,15.70,24.70,0,0,0,
7792,89,90,0.21,9.59,0.62,0.01,-0.01,0.00,-58.45,15.54,24.51,0,0,0,
7799,89,89,0.17,9.70,0.69,-0.03,-0.01,0.00,-57.88,14.02,24.12,0,0,0,
7812,89,90,0.23,9.58,0.70,-0.04,-0.01,0.00,-58.61,15.92,24.57,0,0,0,
7818,89,90,0.21,9.59,0.72,-0.02,-0.01,0.00,-57.69,14.94,23.87,0,0,0,
7829,89,89,0.20,9.65,0.76,-0.00,-0.01,0.00,-58.92,16.00,25.08,0,0,0,
7836,90,91,0.22,9.52,0.71,0.02,-0.01,0.00,-57.86,15.11,24.88,0,0,0,
7842,89,89,0.19,9.66,0.73,0.04,-0.01,0.00,-57.82,15.17,25.10,0,0,0,
7848,89,89,0.19,9.66,0.73,0.04,-0.01,0.00,-59.09,16.25,25.46,0,0,0,
7854,89,90,0.23,9.62,0.67,0.05,-0.01,0.00,-57.95,14.83,24.79,0,0,0,
7860,89,89,0.19,9.62,0.63,0.02,-0.01,0.00,-56.91,14.25,24.42,0,0,0,
7866,89,89,0.19,9.62,0.63,0.02,-0.01,0.00,-58.46,15.80,25.74,0,0,0,
7872,88,89,0.20,9.71,0.69,-0.02,-0.01,0.00,-58.20,15.59,25.05,0,0,0,
7883,90,90,0.22,9.55,0.69,-0.03,-0.01,0.00,-58.04,15.70,24.64,0,0,0,
7889,89,89,0.19,9.64,0.74,-0.01,-0.01,0.00,-58.73,16.24,25.27,0,0,0,
7896,90,90,0.19,9.59,0.73,-0.01,-0.01,0.00,-57.67,14.43,24.89,0,0,0,
7902,89,90,0.22,9.59,0.73,0.01,-0.01,0.00,-57.50,15.01,25.52,0,0,0,
7908,90,90,0.19,9.56,0.69,0.03,-0.01,0.00,-58.70,15.83,26.50,0,0,0,
7914,90,90,0.19,9.56,0.69,0.03,-0.01,0.00,-57.95,15.55,24.80,0,0,0,
7921,89,89,0.20,9.68,0.73,0.03,-0.01,0.00,-57.16,15.59,25.12,0,0,0,
7933,89,90,0.23,9.57,0.66,0.04,-0.01,0.00,-58.27,15.20,25.11,0,0,0,
7939,89,89,0.18,9.68,0.67,0.03,-0.01,0.00,-57.50,14.32,22.96,0,0,0,
7945,89,89,0.21,9.64,0.67,0.01,-0.01,0.00,-58.64,15.64,24.57,0,0,0,
7951,89,89,0.21,9.64,0.67,0.01,-0.01,0.00,-59.08,15.40,24.29,0,0,0,
7957,89,90,0.21,9.57,0.67,-0.01,-0.01,0.00,-58.39,14.73,24.89,0,0,0,
7970,89,89,0.20,9.68,0.72,-0.01,-0.01,0.00,-58.68,16.05,24.71,0,0,0,
7976,89,90,0.23,9.57,0.69,-0.00,-0.01,0.00,-57.80,14.67,24.14,0,0,0,
7987,89,89,0.18,9.63,0.72,0.00,-0.01,0.00,-58.73,15.87,25.40,0,0,0,
7995,89,89,0.22,9.63,0.71,0.01,-0.01,0.00,-58.45,15.33,24.26,0,0,0,
8001,90,90,0.21,9.57,0.67,0.02,-0.01,0.00,-57.83,14.69,25.04,0,0,0,
8006,90,90,0.21,9.57,0.67,0.02,-0.01,0.00,-58.30,16.27,25.53,0,0,0,
8012,89,89,0.19,9.68,0.72,0.01,-0.01,0.00,-57.85,15.05,24.38,0,0,0,
8019,89,90,0.22,9.58,0.68,0.01,-0.01,0.00,-56.81,14.12,23.62,0,0,0,
8025,89,90,0.22,9.58,0.68,0.01,-0.01,0.00,-58.40,15.61,24.77,0,0,0,
8031,89,89,0.19,9.63,0.68,0.00,-0.01,0.00,-58.30,15.59,24.79,0,0,0,
8042,89,89,0.21,9.65,0.70,0.00,-0.01,0.00,-57.97,14.62,24.66,0,0,0,
8049,90,90,0.21,9.55,0.69,0.01,-0.01,0.00,-58.39,16.43,25.64,0,0,0,
8055,89,89,0.18,9.66,0.74,0.02,-0.01,0.00,-57.67,15.35,24.71,0,0,0,
8061,89,89,0.18,9.66,0.74,0.02,-0.01,0.00,-57.13,14.73,24.69,0,0,0,
8067,89,90,0.22,9.57,0.71,0.04,-0.01,0.00,-58.49,15.92,25.31,0,0,0,
8074,89,90,0.21,9.58,0.69,0.06,-0.01,0.00,-58.17,14.98,25.11,0,0,0,
8080,89,90,0.21,9.58,0.69,0.06,-0.01,0.00,-56.93,13.97,23.93,0,0,0,
8091,90,90,0.22,9.55,0.64,0.06,-0.01,0.00,-58.65,15.55,24.16,0,0,0,
8097,90,90,0.22,9.55,0.64,0.06,-0.01,0.00,-57.64,14.64,24.25,0,0,0,
8103,89,89,0.18,9.69,0.68,0.03,-0.01,0.00,-57.95,15.04,25.33,0,0,0,
8110,89,90,0.24,9.59,0.63,0.02,-0.01,0.00,-57.78,16.02,24.33,0,0,0,
8123,89,89,0.21,9.64,0.67,0.01,-0.01,0.00,-58.04,15.23,24.93,0,0,0,
8130,89,89,0.18,9.68,0.66,0.01,-0.01,0.00,-58.67,16.50,25.87,0,0,0,
8136,89,89,0.18,9.68,0.66,0.01,-0.01,0.00,-56.91,15.51,24.28,0,0,0,
8143,89,90,0.23,9.58,0.62,-0.02,-0.01,0.00,-57.66,15.52,24.50,0,0,0,
8154,89,89,0.18,9.65,0.71,-0.04,-0.01,0.00,-56.94,15.30,24.39,0,0,0,
8160,89,90,0.24,9.58,0.72,-0.01,-0.01,0.00,-56.18,13.81,24.25,0,0,0,
8166,90,90,0.20,9.58,0.70,0.02,-0.01,0.00,-57.67,15.92,24.28,0,0,0,
8173,90,90,0.20,9.58,0.70,0.02,-0.01,0.00,-57.35,15.62,23.40,0,0,0,
8179,89,89,0.19,9.68,0.71,0.03,-0.01,0.00,-56.45,14.05,23.82,0,0,0,
8185,89,90,0.23,9.57,0.63,0.03,-0.01,0.00,-57.31,15.35,24.92,0,0,0,
8191,89,90,0.23,9.57,0.63,0.03,-0.01,0.00,-57.59,15.33,24.70,0,0,0,
8202,89,90,0.23,9.63,0.66,0.01,-0.01,0.00,-57.54,15.20,24.82,0,0,0,
8209,89,90,0.23,9.63,0.66,0.01,-0.01,0.00,-58.36,16.73,25.14,0,0,0,
8215,89,90,0.21,9.59,0.65,-0.01,-0.01,0.00,-57.88,15.74,24.67,0,0,0,
8221,89,89,0.19,9.68,0.72,-0.01,-0.01,0.00,-56.96,15.02,24.19,0,0,0,
8227,89,89,0.19,9.68,0.72,-0.01,-0.01,0.00,-57.47,16.21,24.38,0,0,0,
8233,89,90,0.23,9.55,0.68,0.00,-0.01,0.00,-57.64,15.58,24.55,0,0,0,
8239,89,89,0.18,9.63,0.70,0.00,-0.01,0.00,-57.48,14.43,24.00,0,0,0,
8250,89,89,0.21,9.64,0.70,0.01,-0.01,0.00,-58.36,16.49,23.19,0,0,0,
8256,89,89,0.21,9.64,0.70,0.01,-0.01,0.00,-57.57,15.08,24.52,0,0,0,
8263,89,90,0.21,9.59,0.65,0.02,-0.01,0.00,-58.10,15.67,23.84,0,0,0,
8269,88,89,0.20,9.69,0.68,0.01,-0.01,0.00,-58.24,16.81,24.93,0,0,0,
8280,89,90,0.22,9.58,0.64,0.00,-0.01,0.00,-57.31,14.19,23.30,0,0,0,
8287,89,89,0.19,9.62,0.67,-0.01,-0.01,0.00,-58.51,15.32,24.54,0,0,0,
8294,89,89,0.19,9.62,0.70,-0.01,-0.01,0.00,-57.54,15.11,23.31,0,0,0,
8300,89,89,0.22,9.63,0.70,0.00,-0.01,0.00,-57.09,14.78,24.42,0,0,0,
8311,90,90,0.22,9.56,0.67,0.02,-0.01,0.00,-57.80,15.96,24.42,0,0,0,
8318,89,89,0.19,9.69,0.69,0.03,-0.01,0.00,-57.63,14.88,23.43,0,0,0,
8323,89,90,0.22,9.59,0.66,0.02,-0.01,0.00,-57.47,15.51,24.42,0,0,0,
8330,89,90,0.22,9.59,0.66,0.02,-0.01,0.00,-58.64,16.56,24.77,0,0,0,
8336,89,89,0.20,9.62,0.67,0.01,-0.01,0.00,-58.21,14.62,22.90,0,0,0,
8342,89,89,0.21,9.66,0.69,0.01,-0.01,0.00,-57.76,15.43,24.79,0,0,0,
8348,89,89,0.21,9.66,0.69,0.01,-0.01,0.00,-57.83,17.17,26.19,0,0,0,
8359,89,89,0.18,9.68,0.68,0.02,-0.01,0.00,-56.88,14.09,23.33,0,0,0,
8367,89,89,0.18,9.68,0.68,0.00,-0.01,0.00,-58.40,16.22,24.64,0,0,0,
8373,89,90,0.21,9.59,0.68,0.00,-0.01,0.00,-57.31,15.21,23.76,0,0,0,
8378,89,90,0.20,9.59,0.68,0.01,-0.01,0.00,-56.87,14.21,23.84,0,0,0,
8385,89,90,0.20,9.59,0.68,0.01,-0.01,0.00,-58.24,15.62,25.02,0,0,0,
8391,89,89,0.21,9.65,0.70,0.02,-0.01,0.00,-58.45,15.29,24.36,0,0,0,
8397,90,90,0.21,9.56,0.64,0.04,-0.01,0.00,-57.56,14.54,24.32,0,0,0,
8403,90,90,0.21,9.56,0.64,0.04,-0.01,0.00,-58.05,15.97,24.33,0,0,0,
8414,89,89,0.19,9.63,0.65,0.02,-0.01,0.00,-57.86,15.39,24.26,0,0,0,
8421,89,90,0.23,9.63,0.65,0.02,-0.01,0.00,-58.02,14.98,24.07,0,0,0,
8427,89,90,0.19,9.60,0.65,0.01,-0.01,0.00,-58.89,15.84,24.89,0,0,0,
8441,89,89,0.19,9.69,0.70,-0.00,-0.01,0.00,-57.56,14.75,25.33,0,0,0,
8447,90,90,0.23,9.54,0.65,0.01,-0.01,0.00,-58.02,15.95,25.05,0,0,0,
8454,89,89,0.19,9.66,0.67,0.01,-0.01,0.00,-58.02,15.07,25.23,0,0,0,
8460,89,89,0.19,9.66,0.67,0.01,-0.01,0.00,-57.18,14.09,23.52,0,0,0,
8471,90,90,0.19,9.58,0.64,0.01,-0.01,0.00,-58.37,15.21,24.86,0,0,0,
8477,90,90,0.19,9.58,0.64,0.01,-0.01,0.00,-57.66,14.32,22.52,0,0,0,
8484,89,89,0.18,9.68,0.69,0.00,-0.01,0.00,-58.23,15.48,24.82,0,0,0,
8490,89,90,0.23,9.56,0.65,0.01,-0.01,0.00,-58.97,15.36,24.42,0,0,0,
8496,89,90,0.23,9.56,0.65,0.01,-0.01,0.00,-57.82,14.69,23.97,0,0,0,
8502,89,89,0.18,9.65,0.68,0.01,-0.01,0.00,-57.97,14.26,25.24,0,0,0,
8509,89,89,0.22,9.64,0.66,0.01,-0.01,0.00,-58.67,15.96,24.63,0,0,0,
8520,89,90,0.21,9.58,0.63,0.01,-0.01,0.00,-57.51,14.51,24.20,0,0,0,
8526,89,89,0.19,9.69,0.68,-0.00,-0.01,0.00,-58.56,15.61,24.60,0,0,0,
8532,89,89,0.19,9.69,0.68,-0.00,-0.01,0.00,-58.70,15.10,23.94,0,0,0,
8538,90,90,0.22,9.56,0.65,0.00,-0.01,0.00,-57.88,14.54,23.37,0,0,0,
8545,89,89,0.18,9.64,0.68,-0.00,-0.01,0.00,-57.57,15.20,23.97,0,0,0,
8551,89,89,0.18,9.64,0.68,-0.00,-0.01,0.00,-58.74,15.32,23.85,0,0,0,
8557,89,89,0.21,9.63,0.69,0.01,-0.01,0.00,-58.18,14.40,22.76,0,0,0,
8563,89,90,0.22,9.56,0.64,0.02,-0.01,0.00,-58.10,15.55,24.09,0,0,0,
8574,88,89,0.19,9.70,0.68,0.02,-0.01,0.00,-57.76,15.17,23.65,0,0,0,
8581,89,90,0.22,9.58,0.62,0.01,-0.01,0.00,-57.70,15.19,24.32,0,0,0,
8594,89,89,0.19,9.63,0.65,-0.00,-0.01,0.00,-58.04,15.17,23.46,0,0,0,
8600,89,89,0.21,9.65,0.68,-0.00,-0.01,0.00,-56.59,14.29,23.91,0,0,0,
8607,89,89,0.21,9.65,0.68,-0.00,-0.01,0.00,-58.13,16.16,25.05,0,0,0,
8613,90,90,0.22,9.56,0.64,0.01,-0.01,0.00,-57.56,15.29,24.60,0,0,0,
8619,89,89,0.18,9.68,0.68,0.00,-0.01,0.00,-57.18,13.91,24.67,0,0,0,
8631,89,90,0.24,9.59,0.65,0.01,-0.01,0.00,-58.86,16.18,24.99,0,0,0,
8637,89,89,0.20,9.63,0.66,0.01,-0.01,0.00,-57.16,14.83,24.31,0,0,0,
8643,89,89,0.20,9.63,0.66,0.01,-0.01,0.00,-58.08,14.82,23.93,0,0,0,
8649,89,89,0.20,9.66,0.67,0.01,-0.01,0.00,-59.02,15.87,24.60,0,0,0,
8655,89,90,0.22,9.57,0.64,0.01,-0.01,0.00,-58.10,15.32,24.83,0,0,0,
8661,89,90,0.22,9.57,0.64,0.01,-0.01,0.00,-57.34,14.82,24.63,0,0,0,
8668,89,88,0.18,9.71,0.66,-0.00,-0.01,0.00,-59.18,16.57,25.29,0,0,0,
8674,89,90,0.23,9.62,0.62,-0.00,-0.01,0.00,-57.99,15.29,24.51,0,0,0,
8685,89,90,0.20,9.59,0.67,-0.04,-0.01,0.00,-57.98,15.21,24.61,0,0,0,
8691,89,90,0.20,9.59,0.67,-0.04,-0.01,0.00,-58.29,15.90,24.73,0,0,0,
8697,89,89,0.20,9.64,0.73,-0.03,-0.01,0.00,-57.57,14.51,24.41,0,0,0,
8703,90,91,0.22,9.52,0.71,0.01,-0.01,0.00,-58.17,15.20,25.88,0,0,0,
8709,90,91,0.22,9.52,0.71,0.01,-0.01,0.00,-59.41,16.92,25.64,0,0,0,
8715,89,89,0.18,9.65,0.71,0.04,-0.01,0.00,-57.85,14.67,24.14,0,0,0,
8722,89,90,0.23,9.63,0.64,0.06,-0.01,0.00,-58.04,14.60,24.47,0,0,0,
8733,89,89,0.20,9.62,0.61,0.03,-0.01,0.00,-57.54,14.83,24.89,0,0,0,
8739,88,89,0.20,9.70,0.65,-0.00,-0.01,0.00,-56.46,13.46,23.98,0,0,0,
8751,89,90,0.24,9.58,0.62,-0.02,-0.01,0.00,-58.52,15.95,24.74,0,0,0,
8758,89,89,0.18,9.65,0.70,-0.03,-0.01,0.00,-57.64,13.11,23.46,0,0,0,
8765,89,89,0.18,9.65,0.70,-0.03,-0.01,0.00,-58.55,15.76,24.71,0,0,0,
8771,89,90,0.22,9.60,0.72,-0.01,-0.01,0.00,-58.49,15.51,24.80,0,0,0,
8777,90,90,0.20,9.56,0.69,0.01,-0.01,0.00,-57.79,14.62,24.45,0,0,0,
8789,89,89,0.19,9.68,0.70,0.03,-0.01,0.00,-58.54,16.19,24.01,0,0,0,
8796,89,90,0.24,9.58,0.63,0.03,-0.01,0.00,-57.56,14.92,24.55,0,0,0,
8802,89,90,0.24,9.58,0.63,0.03,-0.01,0.00,-57.79,15.21,24.74,0,0,0,
8808,89,89,0.19,9.68,0.66,0.02,-0.01,0.00,-58.92,15.89,25.49,0,0,0,
8814,89,89,0.21,9.64,0.66,-0.00,-0.01,0.00,-58.14,15.24,25.08,0,0,0,
8820,89,89,0.21,9.64,0.66,-0.00,-0.01,0.00,-57.47,15.42,24.54,0,0,0,
8826,90,90,0.20,9.57,0.65,-0.01,-0.01,0.00,-57.79,15.07,25.72,0,0,0,
