Start of File
1317,89,89,0.20,9.62,0.71,0.01,-0.01,0.00,-60.27,31.86,35.38,0,0,0,
1331,90,89,0.19,9.62,0.70,0.01,-0.01,0.00,-60.79,32.52,35.85,0,0,0,
1337,90,89,0.19,9.62,0.70,0.01,-0.01,0.00,-60.25,32.11,35.27,0,0,0,
1344,89,89,0.20,9.62,0.70,0.01,-0.01,0.00,-60.90,32.46,35.81,0,0,0,
1350,89,89,0.19,9.62,0.70,0.01,-0.01,0.00,-61.39,32.20,36.44,0,0,0,
1356,89,89,0.19,9.62,0.70,0.01,-0.01,0.00,-60.38,32.05,35.68,0,0,0,
1362,89,89,0.20,9.62,0.69,0.01,-0.01,0.00,-60.65,32.33,36.16,0,0,0,
1369,90,89,0.19,9.61,0.69,0.01,-0.01,0.00,-60.71,33.25,35.63,0,0,0,
1380,90,90,0.20,9.61,0.71,0.01,-0.01,0.00,-60.03,31.61,35.27,0,0,0,
1386,90,90,0.20,9.60,0.71,0.01,-0.01,0.00,-60.54,32.46,36.12,0,0,0,
1392,90,90,0.20,9.60,0.71,0.01,-0.01,0.00,-60.17,32.72,34.90,0,0,0,
1398,89,89,0.20,9.63,0.69,0.01,-0.01,0.00,-60.25,31.82,36.28,0,0,0,
1405,90,89,0.19,9.62,0.69,0.01,-0.01,0.00,-60.55,32.99,35.88,0,0,0,
1410,90,89,0.19,9.62,0.69,0.01,-0.01,0.00,-60.39,32.32,35.41,0,0,0,
1416,90,89,0.19,9.61,0.70,0.01,-0.01,0.00,-60.90,32.45,36.07,0,0,0,
1427,90,89,0.19,9.62,0.71,0.01,-0.01,0.00,-61.03,33.08,36.25,0,0,0,
1434,90,90,0.19,9.60,0.70,0.01,-0.01,0.00,-61.44,32.58,35.82,0,0,0,
1440,89,89,0.19,9.63,0.69,0.01,-0.01,0.00,-61.15,32.68,36.41,0,0,0,
1446,89,89,0.19,9.63,0.69,0.01,-0.01,0.00,-61.37,32.51,36.44,0,0,0,
1452,89,90,0.21,9.61,0.70,0.01,-0.01,0.00,-60.89,32.34,37.33,0,0,0,
1459,89,90,0.20,9.61,0.71,0.01,-0.01,0.00,-60.58,32.26,35.94,0,0,0,
1465,89,90,0.20,9.61,0.71,0.01,-0.01,0.00,-61.14,32.23,35.98,0,0,0,
1471,90,89,0.19,9.62,0.71,0.01,-0.01,0.00,-61.08,32.81,35.68,0,0,0,
1483,90,90,0.20,9.61,0.69,0.01,-0.01,0.00,-60.65,32.62,35.66,0,0,0,
1497,89,90,0.21,9.61,0.70,0.01,-0.01,0.00,-61.01,32.26,35.76,0,0,0,
1504,89,90,0.21,9.61,0.70,0.01,-0.01,0.00,-60.49,32.23,36.54,0,0,0,
1510,90,89,0.19,9.61,0.72,0.01,-0.01,0.00,-61.14,32.11,35.31,0,0,0,
1516,90,89,0.18,9.61,0.70,0.01,-0.01,0.00,-60.54,31.89,35.72,0,0,0,
1522,90,89,0.18,9.61,0.70,0.01,-0.01,0.00,-61.34,32.90,36.00,0,0,0,
1529,89,89,0.20,9.62,0.68,0.01,-0.01,0.00,-60.90,32.83,35.11,0,0,0,
1540,89,89,0.20,9.62,0.70,0.01,-0.01,0.00,-60.90,32.10,35.87,0,0,0,
1546,90,90,0.19,9.60,0.71,0.01,-0.01,0.00,-60.61,32.58,36.71,0,0,0,
1552,89,89,0.19,9.62,0.71,0.01,-0.01,0.00,-60.60,32.45,36.38,0,0,0,
1559,89,89,0.19,9.62,0.71,0.01,-0.01,0.00,-60.64,32.02,36.52,0,0,0,
1565,90,89,0.19,9.62,0.69,0.01,-0.01,0.00,-60.70,32.62,36.60,0,0,0,
1571,89,89,0.20,9.61,0.70,0.01,-0.01,0.00,-60.83,32.75,36.06,0,0,0,
1577,89,89,0.20,9.61,0.70,0.01,-0.01,0.00,-60.58,32.10,36.28,0,0,0,
1588,89,90,0.20,9.61,0.70,0.01,-0.01,0.00,-61.87,33.09,36.25,0,0,0,
1595,90,89,0.19,9.61,0.70,0.01,-0.01,0.00,-60.99,32.21,35.18,0,0,0,
1601,90,89,0.18,9.61,0.70,0.01,-0.01,0.00,-60.98,31.73,35.78,0,0,0,
1607,90,89,0.19,9.61,0.69,0.01,-0.01,0.00,-60.96,32.59,36.25,0,0,0,
1613,90,89,0.19,9.61,0.69,0.01,-0.01,0.00,-60.42,32.04,35.93,0,0,0,
1620,89,89,0.20,9.62,0.70,0.01,-0.01,0.00,-60.95,31.75,35.15,0,0,0,
1626,89,90,0.20,9.61,0.70,0.01,-0.01,0.00,-60.80,32.07,36.38,0,0,0,
1632,89,90,0.20,9.61,0.70,0.01,-0.01,0.00,-60.64,32.51,35.76,0,0,0,
1643,90,89,0.18,9.61,0.70,0.01,-0.01,0.00,-60.57,32.59,36.26,0,0,0,
1657,90,89,0.18,9.62,0.70,0.01,-0.01,0.00,-60.79,32.24,36.03,0,0,0,
1664,89,89,0.20,9.62,0.70,0.01,-0.01,0.00,-60.87,32.58,36.89,0,0,0,
1670,89,89,0.20,9.62,0.70,0.01,-0.01,0.00,-60.65,32.81,36.35,0,0,0,
1676,89,90,0.20,9.62,0.70,0.01,-0.01,0.00,-61.12,32.13,36.10,0,0,0,
1683,90,90,0.19,9.60,0.71,0.01,-0.01,0.00,-61.14,32.07,37.37,0,0,0,
1689,90,90,0.19,9.60,0.71,0.01,-0.01,0.00,-61.47,33.34,36.44,0,0,0,
1700,89,89,0.20,9.62,0.70,0.01,-0.01,0.00,-60.25,32.52,36.83,0,0,0,
1706,89,89,0.20,9.62,0.70,0.01,-0.01,0.00,-60.90,32.68,37.42,0,0,0,
1712,90,90,0.19,9.60,0.70,0.01,-0.01,0.00,-61.14,32.17,35.76,0,0,0,
1720,89,89,0.20,9.62,0.69,0.01,-0.01,0.00,-60.39,32.45,35.76,0,0,0,
1726,89,89,0.20,9.62,0.69,0.01,-0.01,0.00,-61.33,32.34,35.75,0,0,0,
1732,90,90,0.20,9.61,0.68,0.01,-0.01,0.00,-61.01,32.53,35.66,0,0,0,
1738,90,89,0.19,9.61,0.70,0.01,-0.01,0.00,-60.68,31.94,35.78,0,0,0,
1745,90,89,0.19,9.61,0.70,0.01,-0.01,0.00,-60.86,32.61,35.76,0,0,0,
1756,90,89,0.19,9.62,0.70,0.01,-0.01,0.00,-60.99,32.15,35.76,0,0,0,
1762,90,89,0.19,9.62,0.70,0.01,-0.01,0.00,-60.92,32.61,35.22,0,0,0,
1768,90,90,0.20,9.61,0.69,0.01,-0.01,0.00,-60.41,32.26,36.33,0,0,0,
1774,89,89,0.20,9.61,0.68,0.01,-0.01,0.00,-60.79,32.89,35.62,0,0,0,
1780,89,89,0.20,9.61,0.68,0.01,-0.01,0.00,-60.93,31.79,36.55,0,0,0,
1786,89,89,0.20,9.62,0.70,0.01,-0.01,0.00,-60.68,32.86,36.32,0,0,0,
1792,90,89,0.18,9.61,0.70,0.01,-0.01,0.00,-60.10,32.62,35.68,0,0,0,
1803,90,90,0.20,9.61,0.70,0.01,-0.01,0.00,-60.44,32.11,35.87,0,0,0,
1810,90,90,0.20,9.61,0.70,0.01,-0.01,0.00,-60.96,32.17,36.63,0,0,0,
1823,89,89,0.19,9.62,0.69,0.00,-0.01,0.00,-60.96,32.21,36.54,0,0,0,
1830,90,89,0.18,9.60,0.71,-0.00,-0.01,0.00,-61.05,32.17,36.26,0,0,0,
1836,90,89,0.18,9.60,0.71,-0.00,-0.01,0.00,-60.98,32.20,36.89,0,0,0,
1843,90,90,0.19,9.60,0.70,0.00,-0.01,0.00,-60.63,32.24,36.09,0,0,0,
1849,90,90,0.20,9.61,0.70,0.01,-0.01,0.00,-61.15,33.02,35.66,0,0,0,
1860,90,90,0.20,9.61,0.70,0.01,-0.01,0.00,-60.64,32.52,35.41,0,0,0,
1866,90,89,0.19,9.61,0.71,0.01,-0.01,0.00,-61.71,32.72,35.82,0,0,0,
1873,90,89,0.19,9.61,0.71,0.01,-0.01,0.00,-61.01,32.71,36.45,0,0,0,
1879,89,89,0.19,9.62,0.69,0.01,-0.01,0.00,-60.35,32.26,36.52,0,0,0,
1885,90,89,0.19,9.61,0.70,0.01,-0.01,0.00,-60.99,32.04,37.09,0,0,0,
1891,90,89,0.19,9.61,0.70,0.01,-0.01,0.00,-61.06,33.24,36.25,0,0,0,
1898,90,89,0.19,9.61,0.70,0.01,-0.01,0.00,-60.70,31.64,35.22,0,0,0,
1904,90,90,0.19,9.60,0.71,0.01,-0.01,0.00,-60.87,33.00,35.94,0,0,0,
1915,90,89,0.19,9.61,0.70,0.01,-0.01,0.00,-60.65,32.37,35.31,0,0,0,
1922,90,89,0.20,9.61,0.68,0.01,-0.01,0.00,-60.74,33.15,36.73,0,0,0,
1928,90,89,0.20,9.61,0.68,0.01,-0.01,0.00,-60.99,32.93,36.86,0,0,0,
1935,89,90,0.20,9.62,0.69,0.00,-0.01,0.00,-60.67,32.51,36.44,0,0,0,
1941,90,89,0.19,9.61,0.70,0.01,-0.01,0.00,-60.87,32.80,36.42,0,0,0,
1947,90,89,0.19,9.61,0.70,0.01,-0.01,0.00,-61.12,32.56,36.71,0,0,0,
1952,90,90,0.18,9.59,0.70,0.01,-0.01,0.00,-60.86,32.30,36.54,0,0,0,
1963,90,89,0.19,9.62,0.69,0.01,-0.01,0.00,-61.25,32.70,35.85,0,0,0,
1971,89,89,0.20,9.62,0.69,0.01,-0.01,0.00,-60.71,32.18,36.20,0,0,0,
1977,89,89,0.20,9.62,0.70,0.01,-0.01,0.00,-60.11,31.82,36.45,0,0,0,
1990,90,90,0.19,9.61,0.70,0.01,-0.01,0.00,-60.73,32.32,35.65,0,0,0,
1997,90,89,0.19,9.61,0.70,0.01,-0.01,0.00,-61.11,31.41,36.52,0,0,0,
2003,90,89,0.19,9.61,0.70,0.01,-0.01,0.00,-60.42,32.42,36.99,0,0,0,
2009,90,89,0.19,9.62,0.69,0.01,-0.01,0.00,-61.06,32.72,35.78,0,0,0,
2015,90,89,0.19,9.61,0.70,0.01,-0.01,0.00,-61.01,31.86,35.09,0,0,0,
2027,89,89,0.20,9.62,0.70,0.01,-0.01,0.00,-60.64,32.77,35.91,0,0,0,
2034,89,90,0.20,9.62,0.70,0.01,-0.01,0.00,-60.99,32.81,36.63,0,0,0,
2040,89,90,0.20,9.62,0.70,0.01,-0.01,0.00,-60.27,31.99,35.90,0,0,0,
2046,90,89,0.19,9.61,0.69,0.01,-0.01,0.00,-60.84,32.83,35.90,0,0,0,
2052,90,89,0.18,9.61,0.69,0.01,-0.01,0.00,-60.45,32.43,36.80,0,0,0,
2059,90,89,0.18,9.61,0.69,0.01,-0.01,0.00,-60.46,32.51,36.19,0,0,0,
2065,89,89,0.20,9.62,0.69,0.01,-0.01,0.00,-60.90,32.64,35.56,0,0,0,
2076,89,89,0.20,9.62,0.70,0.01,-0.01,0.00,-60.74,32.33,35.25,0,0,0,
2082,90,90,0.20,9.61,0.70,0.01,-0.01,0.00,-60.58,31.95,36.04,0,0,0,
2089,90,89,0.18,9.60,0.69,0.01,-0.01,0.00,-61.03,32.86,36.14,0,0,0,
2095,90,89,0.18,9.60,0.69,0.01,-0.01,0.00,-60.84,32.93,36.16,0,0,0,
2101,89,89,0.19,9.62,0.69,0.01,-0.01,0.00,-60.82,32.90,36.13,0,0,0,
2107,90,90,0.19,9.60,0.70,0.01,-0.01,0.00,-61.31,33.22,36.41,0,0,0,
2114,90,90,0.19,9.60,0.70,0.01,-0.01,0.00,-60.45,32.62,36.47,0,0,0,
2120,90,90,0.20,9.61,0.70,0.01,-0.01,0.00,-61.21,32.02,36.45,0,0,0,
2131,90,90,0.19,9.60,0.69,0.01,-0.01,0.00,-59.94,32.51,36.88,0,0,0,
2138,90,90,0.20,9.61,0.69,0.01,-0.01,0.00,-60.42,31.95,36.12,0,0,0,
2150,89,89,0.19,9.62,0.69,0.00,-0.01,0.00,-60.95,32.83,36.19,0,0,0,
2158,90,89,0.18,9.61,0.69,0.01,-0.01,0.00,-59.82,31.53,35.81,0,0,0,
2164,90,89,0.19,9.61,0.69,0.01,-0.01,0.00,-61.05,32.21,36.44,0,0,0,
2170,90,89,0.19,9.61,0.69,0.01,-0.01,0.00,-60.80,32.59,36.58,0,0,0,
2176,89,89,0.19,9.62,0.71,0.01,-0.01,0.00,-61.11,31.42,35.71,0,0,0,
2188,90,89,0.19,9.61,0.69,0.01,-0.01,0.00,-61.14,33.12,36.00,0,0,0,
2195,90,89,0.19,9.61,0.69,0.01,-0.01,0.00,-60.65,32.23,36.17,0,0,0,
2201,90,90,0.20,9.60,0.69,0.01,-0.01,0.00,-60.46,32.61,36.60,0,0,0,
2207,90,90,0.20,9.60,0.69,0.01,-0.01,0.00,-61.18,33.02,37.53,0,0,0,
2213,89,90,0.20,9.61,0.70,0.01,-0.01,0.00,-60.84,32.67,35.95,0,0,0,
2220,90,89,0.19,9.61,0.69,0.01,-0.01,0.00,-61.08,32.94,36.16,0,0,0,
2225,90,89,0.19,9.61,0.69,0.01,-0.01,0.00,-60.82,33.34,36.01,0,0,0,
2236,90,89,0.19,9.62,0.69,0.01,-0.01,0.00,-60.32,32.23,35.11,0,0,0,
2242,90,89,0.19,9.62,0.69,0.01,-0.01,0.00,-60.35,32.27,35.95,0,0,0,
2249,89,89,0.20,9.62,0.69,0.01,-0.01,0.00,-60.80,33.31,35.85,0,0,0,
2255,90,90,0.20,9.60,0.71,0.01,-0.01,0.00,-61.02,32.80,36.35,0,0,0,
2261,90,90,0.20,9.60,0.71,0.01,-0.01,0.00,-60.51,32.87,36.44,0,0,0,
2267,90,89,0.18,9.61,0.70,0.01,-0.01,0.00,-60.55,32.68,36.98,0,0,0,
2274,89,89,0.19,9.62,0.70,0.01,-0.01,0.00,-60.67,32.24,35.76,0,0,0,
2280,89,89,0.19,9.62,0.70,0.01,-0.01,0.00,-60.35,32.15,35.68,0,0,0,
2291,90,89,0.19,9.61,0.70,0.01,-0.01,0.00,-60.27,31.64,35.68,0,0,0,
2298,90,89,0.19,9.61,0.70,0.01,-0.01,0.00,-60.44,31.92,35.40,0,0,0,
2304,90,89,0.19,9.62,0.70,0.01,-0.01,0.00,-60.74,32.84,35.68,0,0,0,
2316,90,90,0.20,9.61,0.68,0.01,-0.01,0.00,-60.42,31.51,35.57,0,0,0,
2323,90,89,0.19,9.62,0.69,0.01,-0.01,0.00,-61.14,32.33,35.79,0,0,0,
2329,89,89,0.19,9.62,0.71,0.01,-0.01,0.00,-60.90,32.81,35.93,0,0,0,
2336,89,89,0.19,9.62,0.71,0.01,-0.01,0.00,-60.86,32.29,35.93,0,0,0,
2347,90,89,0.19,9.61,0.70,0.01,-0.01,0.00,-60.33,32.94,36.32,0,0,0,
2354,90,89,0.19,9.61,0.70,0.00,-0.01,0.00,-60.51,31.79,36.04,0,0,0,
2360,90,90,0.20,9.61,0.69,0.00,-0.01,0.00,-60.63,31.80,35.81,0,0,0,
2366,90,89,0.19,9.61,0.69,0.00,-0.01,0.00,-60.58,31.83,35.38,0,0,0,
2373,90,89,0.19,9.61,0.69,0.00,-0.01,0.00,-60.80,31.92,36.01,0,0,0,
2379,90,90,0.20,9.60,0.70,0.00,-0.01,0.00,-60.63,31.79,35.84,0,0,0,
2385,89,89,0.20,9.62,0.69,0.00,-0.01,0.00,-60.87,31.70,36.45,0,0,0,
2391,89,89,0.20,9.62,0.69,0.00,-0.01,0.00,-60.86,32.24,37.08,0,0,0,
2402,90,90,0.20,9.61,0.70,0.00,-0.01,0.00,-60.64,32.18,35.63,0,0,0,
2409,90,89,0.19,9.60,0.70,0.01,-0.01,0.00,-61.46,32.46,35.81,0,0,0,
2415,90,90,0.19,9.60,0.69,0.01,-0.01,0.00,-61.24,32.39,35.31,0,0,0,
2421,90,89,0.19,9.61,0.70,0.01,-0.01,0.00,-61.22,31.83,36.45,0,0,0,
2428,90,89,0.19,9.61,0.70,0.01,-0.01,0.00,-61.24,32.23,36.58,0,0,0,
2434,89,89,0.20,9.61,0.69,0.01,-0.01,0.00,-61.17,32.26,36.17,0,0,0,
2440,89,89,0.20,9.61,0.70,0.01,-0.01,0.00,-60.48,31.80,35.72,0,0,0,
2451,90,90,0.19,9.60,0.70,0.01,-0.01,0.00,-61.14,32.42,36.06,0,0,0,
2457,90,90,0.19,9.60,0.70,0.01,-0.01,0.00,-60.93,31.73,35.14,0,0,0,
2464,89,89,0.20,9.62,0.69,0.01,-0.01,0.00,-61.21,32.30,36.42,0,0,0,
2470,89,89,0.20,9.62,0.69,0.01,-0.01,0.00,-61.44,32.87,35.87,0,0,0,
2484,89,90,0.20,9.62,0.70,0.00,-0.01,0.00,-60.74,32.55,35.63,0,0,0,
2490,90,89,0.18,9.61,0.70,0.00,-0.01,0.00,-60.38,32.94,36.06,0,0,0,
2497,90,89,0.19,9.61,0.69,0.01,-0.01,0.00,-60.07,31.80,35.97,0,0,0,
2503,90,89,0.19,9.61,0.69,0.01,-0.01,0.00,-60.39,32.43,36.17,0,0,0,
2513,90,90,0.20,9.60,0.68,0.01,-0.01,0.00,-61.11,32.42,36.25,0,0,0,
2520,90,90,0.20,9.60,0.68,0.01,-0.01,0.00,-60.44,32.13,36.60,0,0,0,
2526,89,90,0.21,9.60,0.70,0.01,-0.01,0.00,-61.55,33.02,36.79,0,0,0,
2533,90,89,0.19,9.61,0.70,0.01,-0.01,0.00,-60.79,32.13,35.90,0,0,0,
2539,90,89,0.19,9.61,0.70,0.01,-0.01,0.00,-60.06,31.25,36.20,0,0,0,
2545,90,89,0.18,9.62,0.69,0.01,-0.01,0.00,-61.15,32.96,35.60,0,0,0,
2551,89,90,0.20,9.61,0.67,0.01,-0.01,0.00,-61.14,32.18,35.22,0,0,0,
2562,89,89,0.20,9.62,0.69,0.01,-0.01,0.00,-60.52,32.37,35.74,0,0,0,
2569,90,89,0.18,9.61,0.70,0.01,-0.01,0.00,-61.62,32.46,36.80,0,0,0,
2575,90,89,0.18,9.61,0.70,0.01,-0.01,0.00,-61.02,32.43,35.79,0,0,0,
2581,90,89,0.20,9.61,0.69,0.01,-0.01,0.00,-61.28,32.55,36.12,0,0,0,
2588,90,89,0.19,9.62,0.68,0.01,-0.01,0.00,-61.12,33.09,36.38,0,0,0,
2594,90,89,0.19,9.62,0.68,0.01,-0.01,0.00,-61.03,31.99,35.74,0,0,0,
2600,89,90,0.21,9.61,0.69,0.00,-0.01,0.00,-60.51,32.27,35.69,0,0,0,
2611,90,89,0.19,9.61,0.70,0.01,-0.01,0.00,-61.05,32.26,35.47,0,0,0,
2617,90,90,0.18,9.60,0.70,0.01,-0.01,0.00,-60.36,32.18,35.09,0,0,0,
2624,90,90,0.18,9.60,0.70,0.01,-0.01,0.00,-60.95,32.62,35.09,0,0,0,
2630,90,89,0.18,9.61,0.69,0.01,-0.01,0.00,-60.89,32.75,34.42,0,0,0,
2636,90,89,0.18,9.61,0.68,0.01,-0.01,0.00,-61.01,31.83,35.84,0,0,0,
2649,89,89,0.20,9.62,0.70,0.01,-0.01,0.00,-60.06,33.21,35.31,0,0,0,
2656,90,90,0.20,9.60,0.69,0.01,-0.01,0.00,-60.25,32.13,34.86,0,0,0,
2662,90,90,0.20,9.61,0.69,0.01,-0.01,0.00,-60.49,32.75,35.36,0,0,0,
2674,90,89,0.19,9.61,0.69,0.01,-0.01,0.00,-60.54,32.52,35.06,0,0,0,
2680,90,89,0.19,9.61,0.69,0.01,-0.01,0.00,-60.76,32.26,35.49,0,0,0,
2686,90,89,0.19,9.61,0.69,0.01,-0.01,0.00,-60.99,33.02,36.03,0,0,0,
2692,89,89,0.20,9.62,0.68,0.00,-0.01,0.00,-61.12,32.62,35.91,0,0,0,
2698,90,90,0.20,9.61,0.70,0.00,-0.01,0.00,-60.45,31.88,36.23,0,0,0,
2704,90,90,0.19,9.61,0.70,0.01,-0.01,0.00,-61.01,32.36,35.75,0,0,0,
2711,89,89,0.20,9.62,0.69,0.01,-0.01,0.00,-61.01,32.77,36.45,0,0,0,
2722,90,89,0.19,9.62,0.69,0.01,-0.01,0.00,-61.03,32.80,35.94,0,0,0,
2728,90,90,0.19,9.61,0.69,0.01,-0.01,0.00,-61.12,32.97,36.26,0,0,0,
2734,90,90,0.19,9.61,0.69,0.01,-0.01,0.00,-61.31,32.43,35.60,0,0,0,
2740,90,90,0.20,9.60,0.69,0.01,-0.01,0.00,-61.01,32.58,36.19,0,0,0,
2747,90,89,0.19,9.61,0.69,0.01,-0.01,0.00,-61.18,32.52,36.10,0,0,0,
2753,90,89,0.19,9.61,0.69,0.01,-0.01,0.00,-60.74,32.56,36.28,0,0,0,
2759,90,89,0.19,9.62,0.69,0.01,-0.01,0.00,-61.21,32.72,35.56,0,0,0,
2765,90,90,0.20,9.60,0.69,0.01,-0.01,0.00,-61.11,32.56,35.12,0,0,0,
2776,90,89,0.19,9.61,0.69,0.01,-0.01,0.00,-60.52,31.41,35.87,0,0,0,
2784,90,90,0.19,9.61,0.69,0.01,-0.01,0.00,-60.89,32.20,35.55,0,0,0,
2790,90,90,0.19,9.61,0.69,0.01,-0.01,0.00,-60.93,32.68,35.37,0,0,0,
2796,89,89,0.19,9.62,0.69,0.01,-0.01,0.00,-60.26,32.83,35.82,0,0,0,
2802,90,89,0.19,9.62,0.69,0.00,-0.01,0.00,-60.46,32.18,35.84,0,0,0,
2816,90,90,0.19,9.60,0.69,0.01,-0.01,0.00,-60.55,31.98,34.92,0,0,0,
2822,90,89,0.19,9.61,0.70,0.01,-0.01,0.00,-61.20,31.79,34.98,0,0,0,
2834,89,89,0.20,9.61,0.70,0.00,-0.01,0.00,-60.26,31.98,35.74,0,0,0,
2840,89,90,0.20,9.61,0.69,0.01,-0.01,0.00,-60.55,32.15,36.36,0,0,0,
2847,90,89,0.19,9.61,0.69,0.01,-0.01,0.00,-61.06,33.13,35.97,0,0,0,
2853,90,89,0.19,9.61,0.69,0.01,-0.01,0.00,-61.09,32.04,35.22,0,0,0,
2859,90,89,0.19,9.61,0.69,0.01,-0.01,0.00,-59.94,31.58,35.43,0,0,0,
2865,90,89,0.19,9.62,0.70,0.01,-0.01,0.00,-60.65,32.42,35.97,0,0,0,
2872,90,89,0.19,9.62,0.70,0.01,-0.01,0.00,-60.67,32.15,35.65,0,0,0,
2883,90,89,0.19,9.61,0.70,0.01,-0.01,0.00,-61.02,32.58,35.52,0,0,0,
2889,90,90,0.19,9.60,0.70,0.01,-0.01,0.00,-60.51,32.84,36.39,0,0,0,
2895,90,89,0.19,9.62,0.69,0.01,-0.01,0.00,-60.11,32.14,35.17,0,0,0,
2902,89,90,0.20,9.61,0.69,0.01,-0.01,0.00,-60.57,31.86,35.94,0,0,0,
2908,89,90,0.20,9.61,0.69,0.01,-0.01,0.00,-60.42,33.41,35.34,0,0,0,
2914,89,89,0.20,9.62,0.69,0.01,-0.01,0.00,-60.16,32.02,36.14,0,0,0,
2920,90,90,0.20,9.61,0.69,0.01,-0.01,0.00,-60.82,32.49,36.29,0,0,0,
2927,90,89,0.19,9.61,0.69,0.00,-0.01,0.00,-60.51,32.94,36.35,0,0,0,
2938,90,90,0.19,9.60,0.69,0.00,-0.01,0.00,-59.92,31.70,36.50,0,0,0,
2945,90,90,0.20,9.60,0.69,0.01,-0.01,0.00,-60.57,32.96,35.94,0,0,0,
2951,90,89,0.18,9.60,0.70,0.01,-0.01,0.00,-60.76,32.18,35.41,0,0,0,
2957,90,89,0.18,9.60,0.70,0.01,-0.01,0.00,-61.03,32.32,35.31,0,0,0,
2964,89,89,0.19,9.62,0.69,0.00,-0.01,0.00,-60.86,32.36,37.21,0,0,0,
2976,90,89,0.18,9.60,0.70,0.01,-0.01,0.00,-60.61,32.01,35.71,0,0,0,
2983,90,89,0.18,9.60,0.70,0.01,-0.01,0.00,-60.90,32.08,36.07,0,0,0,
2994,90,90,0.19,9.61,0.68,0.01,-0.01,0.00,-60.25,31.98,36.13,0,0,0,
3001,90,90,0.19,9.61,0.68,0.01,-0.01,0.00,-60.61,31.94,36.10,0,0,0,
3008,90,89,0.19,9.61,0.69,0.01,-0.01,0.00,-61.18,33.00,36.76,0,0,0,
3014,90,90,0.20,9.60,0.69,0.01,-0.01,0.00,-60.86,32.39,36.17,0,0,0,
3020,90,90,0.20,9.60,0.69,0.01,-0.01,0.00,-60.84,32.40,36.00,0,0,0,
3027,90,89,0.20,9.61,0.70,0.01,-0.01,0.00,-60.95,36.61,35.78,0,0,0,
3033,89,89,0.20,9.62,0.68,0.01,-0.01,0.00,-60.45,33.31,35.81,0,0,0,
3039,89,89,0.20,9.62,0.68,0.01,-0.01,0.00,-60.57,32.58,35.63,0,0,0,
3050,90,90,0.19,9.61,0.70,0.01,-0.01,0.00,-60.79,32.90,36.95,0,0,0,
3056,90,90,0.20,9.61,0.70,0.01,-0.01,0.00,-60.93,32.27,36.67,0,0,0,
3063,89,89,0.20,9.61,0.70,0.01,-0.01,0.00,-60.63,32.59,36.86,0,0,0,
3069,90,90,0.20,9.61,0.70,0.01,-0.01,0.00,-61.50,33.18,36.50,0,0,0,
3074,90,90,0.20,9.61,0.70,0.01,-0.01,0.00,-60.98,33.03,36.82,0,0,0,
3080,89,89,0.20,9.62,0.68,0.01,-0.01,0.00,-60.93,32.70,36.44,0,0,0,
3087,90,89,0.19,9.61,0.69,0.01,-0.01,0.00,-61.41,33.48,35.69,0,0,0,
3098,90,90,0.19,9.60,0.70,0.01,-0.01,0.00,-60.44,31.69,35.90,0,0,0,
3104,90,90,0.19,9.60,0.70,0.01,-0.01,0.00,-60.45,32.55,36.36,0,0,0,
3110,90,90,0.20,9.61,0.69,0.01,-0.01,0.00,-60.96,32.58,36.50,0,0,0,
3117,89,89,0.20,9.62,0.68,0.01,-0.01,0.00,-60.14,32.02,35.94,0,0,0,
3123,89,89,0.20,9.62,0.68,0.01,-0.01,0.00,-60.67,32.11,35.49,0,0,0,
3129,90,89,0.18,9.62,0.68,0.01,-0.01,0.00,-60.42,32.49,35.36,0,0,0,
3141,90,90,0.20,9.60,0.70,0.01,-0.01,0.00,-60.23,32.29,35.59,0,0,0,
3148,90,89,0.19,9.62,0.69,0.01,-0.01,0.00,-60.52,32.81,36.12,0,0,0,
3159,90,89,0.19,9.61,0.69,0.01,-0.01,0.00,-60.08,32.14,36.28,0,0,0,
3166,89,89,0.20,9.62,0.68,0.01,-0.01,0.00,-61.12,33.18,36.13,0,0,0,
3172,90,90,0.19,9.61,0.69,0.00,-0.01,0.00,-60.96,32.78,36.85,0,0,0,
3178,90,90,0.19,9.61,0.69,0.00,-0.01,0.00,-60.41,31.92,35.28,0,0,0,
3185,89,90,0.20,9.61,0.70,0.01,-0.01,0.00,-60.76,32.27,36.44,0,0,0,
3191,90,90,0.19,9.60,0.69,0.01,-0.01,0.00,-60.92,32.55,36.25,0,0,0,
3197,90,90,0.19,9.60,0.69,0.01,-0.01,0.00,-60.89,32.10,35.69,0,0,0,
3208,90,89,0.19,9.62,0.69,0.01,-0.01,0.00,-61.53,32.84,35.98,0,0,0,
3215,90,89,0.19,9.62,0.69,0.01,-0.01,0.00,-60.22,32.21,36.85,0,0,0,
3221,90,90,0.19,9.61,0.69,0.01,-0.01,0.00,-61.03,32.51,36.10,0,0,0,
3227,90,90,0.20,9.61,0.69,0.01,-0.01,0.00,-61.21,32.72,34.87,0,0,0,
3233,90,90,0.20,9.61,0.69,0.01,-0.01,0.00,-60.90,32.68,35.40,0,0,0,
3240,90,90,0.20,9.61,0.70,0.01,-0.01,0.00,-61.02,31.85,34.84,0,0,0,
3246,90,89,0.19,9.61,0.69,0.01,-0.01,0.00,-61.39,33.13,36.23,0,0,0,
3257,90,89,0.19,9.61,0.69,0.01,-0.01,0.00,-60.83,31.82,36.19,0,0,0,
3264,90,90,0.19,9.61,0.69,0.00,-0.01,0.00,-60.96,32.53,36.44,0,0,0,
3270,90,90,0.19,9.61,0.69,0.00,-0.01,0.00,-60.93,32.81,36.13,0,0,0,
3277,90,89,0.19,9.61,0.70,0.01,-0.01,0.00,-60.55,31.66,34.17,0,0,0,
3283,90,89,0.19,9.61,0.70,0.01,-0.01,0.00,-60.60,33.15,36.33,0,0,0,
3289,90,89,0.19,9.61,0.70,0.01,-0.01,0.00,-60.77,32.91,35.37,0,0,0,
3295,89,89,0.20,9.62,0.69,0.01,-0.01,0.00,-60.96,32.17,36.12,0,0,0,
3309,90,90,0.19,9.61,0.70,0.01,-0.01,0.00,-60.33,32.51,36.19,0,0,0,
3321,89,89,0.19,9.62,0.71,0.01,-0.01,0.00,-61.03,32.56,35.60,0,0,0,
3327,90,90,0.19,9.60,0.68,0.01,-0.01,0.00,-61.11,33.35,36.44,0,0,0,
3333,90,90,0.19,9.60,0.68,0.01,-0.01,0.00,-60.42,32.90,36.47,0,0,0,
3340,90,90,0.20,9.61,0.68,0.01,-0.01,0.00,-60.48,32.40,37.26,0,0,0,
3346,90,89,0.19,9.62,0.69,0.01,-0.01,0.00,-60.55,32.26,36.98,0,0,0,
3352,90,89,0.19,9.62,0.69,0.01,-0.01,0.00,-60.19,32.89,36.26,0,0,0,
3358,90,89,0.19,9.62,0.69,0.01,-0.01,0.00,-60.32,32.51,36.80,0,0,0,
3369,90,89,0.19,9.61,0.69,0.01,-0.01,0.00,-60.96,32.77,37.26,0,0,0,
3376,90,89,0.19,9.62,0.68,0.01,-0.01,0.00,-60.76,32.13,36.06,0,0,0,
3382,90,89,0.19,9.62,0.68,0.01,-0.01,0.00,-60.60,32.33,35.98,0,0,0,
3388,90,89,0.18,9.62,0.68,0.01,-0.01,0.00,-60.95,32.59,35.52,0,0,0,
3394,90,90,0.19,9.61,0.69,0.01,-0.01,0.00,-61.27,32.81,35.72,0,0,0,
3401,90,90,0.19,9.60,0.69,0.01,-0.01,0.00,-60.77,32.42,35.22,0,0,0,
3407,90,90,0.19,9.60,0.69,0.01,-0.01,0.00,-61.02,33.09,36.51,0,0,0,
3413,90,90,0.19,9.60,0.70,0.01,-0.01,0.00,-60.98,32.33,36.45,0,0,0,
3425,89,89,0.19,9.62,0.69,0.01,-0.01,0.00,-61.25,33.24,36.44,0,0,0,
3432,90,90,0.19,9.61,0.69,0.01,-0.01,0.00,-60.82,32.56,35.98,0,0,0,
3438,90,90,0.19,9.61,0.69,0.01,-0.01,0.00,-60.74,31.92,35.68,0,0,0,
3444,90,90,0.19,9.60,0.69,0.01,-0.01,0.00,-61.15,33.38,36.76,0,0,0,
3450,89,89,0.20,9.62,0.69,0.01,-0.01,0.00,-60.89,32.74,36.58,0,0,0,
3456,89,89,0.20,9.62,0.69,0.01,-0.01,0.00,-60.67,32.39,36.64,0,0,0,
3470,90,90,0.19,9.60,0.70,0.01,-0.01,0.00,-61.11,32.36,36.42,0,0,0,
3482,90,89,0.18,9.61,0.68,0.01,-0.01,0.00,-61.20,33.08,37.39,0,0,0,
3488,90,89,0.19,9.61,0.68,0.01,-0.01,0.00,-60.64,32.83,35.79,0,0,0,
3494,90,90,0.20,9.61,0.70,0.01,-0.01,0.00,-60.33,32.18,35.79,0,0,0,
3501,90,90,0.20,9.61,0.70,0.01,-0.01,0.00,-60.79,32.53,36.41,0,0,0,
3507,90,90,0.19,9.60,0.70,0.01,-0.01,0.00,-61.06,33.31,35.72,0,0,0,
3513,90,90,0.20,9.60,0.70,0.01,-0.01,0.00,-60.52,32.01,36.44,0,0,0,
3519,90,90,0.20,9.60,0.70,0.01,-0.01,0.00,-60.68,32.59,35.97,0,0,0,
3533,89,89,0.20,9.62,0.69,0.01,-0.01,0.00,-60.58,32.48,35.71,0,0,0,
3539,89,89,0.20,9.62,0.69,0.01,-0.01,0.00,-60.38,32.14,36.09,0,0,0,
3546,90,89,0.19,9.61,0.70,0.01,-0.01,0.00,-60.61,33.75,36.13,0,0,0,
3552,90,89,0.19,9.61,0.69,0.01,-0.01,0.00,-60.25,32.46,35.62,0,0,0,
3558,90,89,0.19,9.61,0.69,0.01,-0.01,0.00,-60.01,32.07,35.53,0,0,0,
3564,90,90,0.19,9.60,0.68,0.01,-0.01,0.00,-60.65,32.27,36.12,0,0,0,
3571,89,89,0.19,9.62,0.69,0.01,-0.01,0.00,-60.65,31.99,36.07,0,0,0,
3577,89,89,0.19,9.62,0.70,0.01,-0.01,0.00,-56.87,32.20,35.91,0,0,0,
3588,90,90,0.20,9.60,0.70,0.01,-0.01,0.00,-61.21,33.09,36.66,0,0,0,
3594,90,90,0.20,9.60,0.70,0.01,-0.01,0.00,-60.99,32.49,35.55,0,0,0,
3600,89,89,0.20,9.61,0.70,0.01,-0.01,0.00,-60.60,32.72,35.44,0,0,0,
3607,90,90,0.19,9.61,0.70,0.01,-0.01,0.00,-61.05,32.70,35.44,0,0,0,
3613,90,90,0.19,9.61,0.70,0.01,-0.01,0.00,-60.90,32.37,36.22,0,0,0,
3619,90,89,0.19,9.61,0.68,0.01,-0.01,0.00,-61.20,32.61,35.87,0,0,0,
3632,90,90,0.19,9.60,0.69,0.01,-0.01,0.00,-60.39,32.86,35.95,0,0,0,
3644,89,90,0.21,9.61,0.69,0.01,-0.01,0.00,-61.27,32.37,35.81,0,0,0,
3651,90,90,0.20,9.60,0.68,0.01,-0.01,0.00,-60.58,32.27,35.98,0,0,0,
3658,90,90,0.20,9.60,0.68,0.01,-0.01,0.00,-60.61,32.30,35.65,0,0,0,
3664,90,89,0.19,9.61,0.70,0.01,-0.01,0.00,-60.73,33.05,36.42,0,0,0,
3670,90,90,0.20,9.61,0.68,0.01,-0.01,0.00,-60.64,32.56,36.17,0,0,0,
3676,90,90,0.20,9.61,0.68,0.01,-0.01,0.00,-60.79,31.89,35.88,0,0,0,
3682,90,89,0.19,9.61,0.69,0.01,-0.01,0.00,-60.74,32.43,36.10,0,0,0,
3688,90,89,0.19,9.61,0.69,0.01,-0.01,0.00,-61.62,33.09,35.71,0,0,0,
3700,89,89,0.19,9.63,0.69,0.00,-0.01,0.00,-60.83,32.71,34.93,0,0,0,
3707,90,90,0.20,9.60,0.68,0.00,-0.01,0.00,-61.30,32.94,35.93,0,0,0,
3713,90,90,0.20,9.60,0.68,0.00,-0.01,0.00,-60.95,32.89,36.25,0,0,0,
3719,89,89,0.20,9.62,0.68,0.01,-0.01,0.00,-60.68,32.34,36.03,0,0,0,
3725,89,89,0.20,9.62,0.69,0.01,-0.01,0.00,-60.76,32.87,35.09,0,0,0,
3732,90,89,0.19,9.61,0.69,0.01,-0.01,0.00,-61.28,32.58,36.36,0,0,0,
3738,90,89,0.18,9.62,0.70,0.01,-0.01,0.00,-60.54,31.72,36.06,0,0,0,
3749,90,90,0.20,9.60,0.69,0.01,-0.01,0.00,-60.99,32.80,36.89,0,0,0,
3755,89,90,0.20,9.61,0.69,0.01,-0.01,0.00,-60.89,32.33,35.62,0,0,0,
3762,90,90,0.20,9.61,0.69,0.01,-0.01,0.00,-61.18,32.27,36.54,0,0,0,
3768,90,90,0.20,9.61,0.69,0.01,-0.01,0.00,-61.12,32.20,36.36,0,0,0,
3774,89,89,0.19,9.62,0.70,0.01,-0.01,0.00,-60.22,31.39,35.75,0,0,0,
3780,89,89,0.19,9.62,0.70,0.01,-0.01,0.00,-61.20,32.11,36.80,0,0,0,
3787,90,89,0.19,9.61,0.69,0.01,-0.01,0.00,-60.90,32.40,36.31,0,0,0,
3799,89,89,0.20,9.61,0.68,0.00,-0.01,0.00,-60.65,31.83,37.27,0,0,0,
3811,89,90,0.20,9.61,0.69,0.00,-0.01,0.00,-61.15,32.04,36.69,0,0,0,
3817,89,90,0.20,9.61,0.69,0.00,-0.01,0.00,-60.61,31.69,35.74,0,0,0,
3823,90,90,0.20,9.61,0.70,0.01,-0.01,0.00,-61.47,32.77,36.06,0,0,0,
3830,90,89,0.19,9.61,0.69,0.00,-0.01,0.00,-60.65,32.14,35.85,0,0,0,
3836,90,90,0.19,9.60,0.70,0.00,-0.01,0.00,-60.63,31.42,36.33,0,0,0,
3842,90,90,0.19,9.60,0.70,0.01,-0.01,0.00,-60.83,32.51,35.52,0,0,0,
3848,90,89,0.19,9.61,0.69,0.01,-0.01,0.00,-60.45,32.87,36.13,0,0,0,
3859,90,90,0.19,9.61,0.69,0.01,-0.01,0.00,-60.64,32.15,36.36,0,0,0,
3867,90,89,0.20,9.61,0.68,0.01,-0.01,0.00,-60.74,33.03,36.28,0,0,0,
3873,90,89,0.20,9.61,0.69,0.01,-0.01,0.00,-60.26,32.21,36.71,0,0,0,
3879,90,90,0.20,9.60,0.69,0.01,-0.01,0.00,-60.46,31.73,36.93,0,0,0,
3885,89,90,0.20,9.61,0.70,0.01,-0.01,0.00,-61.34,32.67,36.86,0,0,0,
3892,90,89,0.19,9.61,0.69,0.01,-0.01,0.00,-60.63,32.21,36.55,0,0,0,
3897,90,89,0.19,9.61,0.69,0.01,-0.01,0.00,-60.01,32.24,35.78,0,0,0,
3909,90,90,0.19,9.60,0.69,0.01,-0.01,0.00,-61.17,32.55,36.01,0,0,0,
3915,90,90,0.20,9.60,0.69,0.01,-0.01,0.00,-60.26,32.23,35.82,0,0,0,
3922,89,89,0.20,9.61,0.70,0.01,-0.01,0.00,-60.68,32.81,36.22,0,0,0,
3928,89,89,0.20,9.61,0.70,0.01,-0.01,0.00,-61.27,32.51,35.85,0,0,0,
3934,90,90,0.19,9.60,0.70,0.01,-0.01,0.00,-60.52,32.26,36.73,0,0,0,
3939,90,89,0.19,9.62,0.69,0.01,-0.01,0.00,-60.65,32.52,36.42,0,0,0,
3946,90,89,0.19,9.62,0.69,0.01,-0.01,0.00,-60.80,33.16,36.83,0,0,0,
3959,90,90,0.20,9.61,0.69,0.01,-0.01,0.00,-60.65,31.98,36.99,0,0,0,
3972,90,90,0.19,9.60,0.71,0.01,-0.01,0.00,-61.18,31.39,36.63,0,0,0,
3978,89,89,0.20,9.61,0.70,0.01,-0.01,0.00,-60.48,31.31,36.64,0,0,0,
3984,90,90,0.19,9.61,0.68,0.01,-0.01,0.00,-60.90,31.73,36.79,0,0,0,
3990,90,90,0.19,9.61,0.68,0.01,-0.01,0.00,-60.82,31.70,36.69,0,0,0,
3996,90,90,0.19,9.60,0.68,0.01,-0.01,0.00,-60.86,31.99,35.60,0,0,0,
4002,90,90,0.19,9.60,0.68,0.01,-0.01,0.00,-60.44,32.02,36.17,0,0,0,
4009,90,89,0.18,9.62,0.68,0.00,-0.01,0.00,-60.71,32.13,36.12,0,0,0,
4020,90,90,0.20,9.60,0.69,0.00,-0.01,0.00,-60.89,32.42,35.95,0,0,0,
4026,89,89,0.21,9.63,0.69,0.01,-0.01,0.00,-61.12,33.44,36.31,0,0,0,
4032,90,90,0.18,9.59,0.70,0.00,-0.01,0.00,-60.71,32.15,36.10,0,0,0,
4038,90,90,0.18,9.59,0.70,0.00,-0.01,0.00,-61.12,32.30,36.45,0,0,0,
4045,90,89,0.19,9.61,0.69,0.01,-0.01,0.00,-60.84,32.83,36.52,0,0,0,
4051,89,89,0.19,9.62,0.69,0.01,-0.01,0.00,-60.86,32.37,35.37,0,0,0,
4057,89,89,0.19,9.62,0.69,0.01,-0.01,0.00,-60.58,31.88,35.66,0,0,0,
4064,90,90,0.20,9.59,0.68,0.01,-0.01,0.00,-60.52,32.72,37.01,0,0,0,
4075,89,90,0.20,9.62,0.69,0.01,-0.01,0.00,-60.84,31.91,35.38,0,0,0,
4082,90,90,0.20,9.60,0.70,0.01,-0.01,0.00,-61.40,32.52,36.50,0,0,0,
4088,90,89,0.18,9.60,0.69,0.01,-0.01,0.00,-60.58,33.27,36.00,0,0,0,
4094,90,89,0.18,9.60,0.69,0.01,-0.01,0.00,-61.09,32.01,35.87,0,0,0,
4101,89,89,0.20,9.62,0.68,0.01,-0.01,0.00,-60.27,33.02,35.44,0,0,0,
4107,89,90,0.20,9.62,0.68,0.01,-0.01,0.00,-61.31,32.78,35.21,0,0,0,
4113,89,90,0.20,9.62,0.68,0.01,-0.01,0.00,-61.53,32.89,35.84,0,0,0,
4243,90,90,0.19,9.60,0.69,0.01,-0.01,0.00,-61.18,32.33,36.28,0,0,0,
4250,90,90,0.19,9.60,0.69,0.01,-0.01,0.00,-61.33,32.59,35.76,0,0,0,
4257,89,89,0.20,9.62,0.68,0.00,-0.01,0.00,-60.87,31.86,35.46,0,0,0,
4263,90,89,0.19,9.61,0.69,0.00,-0.01,0.00,-61.49,32.86,35.68,0,0,0,
4269,90,89,0.19,9.61,0.69,0.00,-0.01,0.00,-61.56,33.29,36.35,0,0,0,
4274,90,89,0.19,9.62,0.69,0.00,-0.01,0.00,-61.01,32.61,36.03,0,0,0,
4282,90,90,0.19,9.60,0.69,0.00,-0.01,0.00,-60.99,32.96,37.45,0,0,0,
4288,90,90,0.19,9.60,0.69,0.00,-0.01,0.00,-61.39,32.93,36.39,0,0,0,
4299,90,90,0.19,9.61,0.69,0.00,-0.01,0.00,-60.98,32.13,36.29,0,0,0,
4305,90,90,0.19,9.61,0.69,0.00,-0.01,0.00,-60.77,33.08,37.18,0,0,0,
4312,90,89,0.18,9.60,0.69,0.01,-0.01,0.00,-60.86,32.10,36.38,0,0,0,
4318,90,90,0.19,9.60,0.69,0.01,-0.01,0.00,-60.61,31.69,35.88,0,0,0,
4324,90,90,0.19,9.60,0.69,0.01,-0.01,0.00,-60.55,32.14,36.50,0,0,0,
4330,90,90,0.19,9.61,0.69,0.01,-0.01,0.00,-60.98,32.56,36.55,0,0,0,
4336,89,90,0.20,9.61,0.70,0.01,-0.01,0.00,-60.26,31.38,35.25,0,0,0,
4348,89,90,0.20,9.61,0.69,0.01,-0.01,0.00,-61.30,33.10,36.76,0,0,0,
4354,89,89,0.20,9.62,0.69,0.01,-0.01,0.00,-61.03,32.17,36.80,0,0,0,
4360,89,89,0.20,9.62,0.69,0.01,-0.01,0.00,-61.52,32.33,36.22,0,0,0,
4366,90,89,0.19,9.62,0.69,0.01,-0.01,0.00,-61.37,32.96,36.41,0,0,0,
4373,89,89,0.20,9.62,0.69,0.01,-0.01,0.00,-60.29,32.21,36.58,0,0,0,
4379,89,89,0.20,9.62,0.69,0.01,-0.01,0.00,-60.58,32.23,36.52,0,0,0,
4385,90,90,0.19,9.61,0.69,0.00,-0.01,0.00,-60.92,32.93,35.62,0,0,0,
4404,90,89,0.18,9.61,0.69,0.00,-0.01,0.00,-61.27,33.09,35.74,0,0,0,
4411,90,89,0.19,9.62,0.68,0.00,-0.01,0.00,-60.60,32.62,35.19,0,0,0,
4418,90,89,0.19,9.62,0.68,0.00,-0.01,0.00,-60.86,31.92,34.99,0,0,0,
4424,90,89,0.19,9.61,0.69,0.01,-0.01,0.00,-60.89,32.75,35.91,0,0,0,
4430,90,90,0.19,9.61,0.70,0.01,-0.01,0.00,-60.92,32.55,35.93,0,0,0,
4437,90,90,0.19,9.61,0.70,0.01,-0.01,0.00,-60.61,32.20,35.46,0,0,0,
4443,90,90,0.19,9.61,0.68,0.01,-0.01,0.00,-60.87,32.96,35.21,0,0,0,
4449,90,90,0.20,9.60,0.69,0.01,-0.01,0.00,-60.95,32.93,34.60,0,0,0,
4460,89,89,0.19,9.62,0.69,0.01,-0.01,0.00,-61.08,32.10,35.72,0,0,0,
4466,89,90,0.20,9.61,0.70,0.01,-0.01,0.00,-61.05,32.78,36.39,0,0,0,
4473,89,90,0.20,9.61,0.70,0.01,-0.01,0.00,-61.44,32.80,35.68,0,0,0,
4479,89,89,0.19,9.62,0.69,0.01,-0.01,0.00,-61.43,32.18,36.25,0,0,0,
4484,90,89,0.19,9.61,0.68,0.01,-0.01,0.00,-61.18,32.83,36.32,0,0,0,
4490,90,89,0.19,9.61,0.68,0.01,-0.01,0.00,-60.46,32.56,35.93,0,0,0,
4497,90,89,0.19,9.62,0.69,0.00,-0.01,0.00,-59.98,32.11,36.61,0,0,0,
4509,90,89,0.19,9.61,0.70,0.00,-0.01,0.00,-60.44,32.72,36.35,0,0,0,
4515,90,90,0.20,9.61,0.70,0.00,-0.01,0.00,-60.45,31.89,35.38,0,0,0,
4521,90,89,0.19,9.61,0.69,0.00,-0.01,0.00,-60.57,32.05,35.25,0,0,0,
4527,90,89,0.19,9.61,0.69,0.00,-0.01,0.00,-61.09,33.43,36.19,0,0,0,
4533,90,89,0.19,9.62,0.69,0.00,-0.01,0.00,-60.64,32.37,35.84,0,0,0,
4539,90,89,0.19,9.61,0.69,0.00,-0.01,0.00,-61.02,31.96,34.79,0,0,0,
4545,90,89,0.19,9.61,0.69,0.00,-0.01,0.00,-60.96,32.77,35.78,0,0,0,
4552,89,89,0.19,9.63,0.69,0.01,-0.01,0.00,-60.68,32.14,35.81,0,0,0,
4571,89,90,0.20,9.62,0.69,0.01,-0.01,0.00,-60.54,32.70,36.48,0,0,0,
4577,90,89,0.19,9.61,0.69,0.01,-0.01,0.00,-60.20,31.70,36.00,0,0,0,
4583,90,89,0.19,9.61,0.69,0.01,-0.01,0.00,-60.60,32.89,36.28,0,0,0,
4589,90,90,0.20,9.60,0.69,0.01,-0.01,0.00,-60.39,32.84,36.89,0,0,0,
4596,89,89,0.19,9.63,0.67,0.01,-0.01,0.00,-60.63,32.43,36.23,0,0,0,
4602,89,89,0.19,9.63,0.67,0.01,-0.01,0.00,-60.93,32.91,36.19,0,0,0,
4608,90,90,0.20,9.60,0.69,0.00,-0.01,0.00,-61.21,32.83,37.23,0,0,0,
4620,90,89,0.19,9.61,0.69,0.00,-0.01,0.00,-60.68,32.53,35.66,0,0,0,
4627,89,89,0.20,9.63,0.69,-0.00,-0.01,0.00,-61.03,32.80,35.40,0,0,0,
4633,89,89,0.20,9.63,0.67,-0.01,-0.01,0.00,-60.42,32.59,35.71,0,0,0,
4639,89,89,0.20,9.63,0.67,-0.01,-0.01,0.00,-60.65,32.08,35.74,0,0,0,
4645,90,90,0.19,9.58,0.74,-0.00,-0.01,0.00,-60.95,32.67,36.13,0,0,0,
4652,90,90,0.20,9.60,0.68,0.01,-0.01,0.00,-61.12,32.80,34.98,0,0,0,
4658,90,90,0.20,9.60,0.68,0.01,-0.01,0.00,-60.29,32.70,36.01,0,0,0,
4669,90,90,0.19,9.61,0.69,0.02,-0.01,0.00,-60.33,32.04,35.57,0,0,0,
4675,90,90,0.19,9.61,0.69,0.02,-0.01,0.00,-60.48,31.45,35.06,0,0,0,
4681,90,90,0.20,9.61,0.67,0.02,-0.01,0.00,-60.93,32.72,36.01,0,0,0,
4688,89,90,0.20,9.61,0.69,0.01,-0.01,0.00,-60.82,32.39,34.64,0,0,0,
4694,89,90,0.20,9.61,0.69,0.01,-0.01,0.00,-61.27,32.21,36.09,0,0,0,
4700,90,90,0.20,9.60,0.69,0.02,-0.01,0.00,-61.20,32.37,35.46,0,0,0,
4706,89,89,0.20,9.61,0.69,0.02,-0.01,0.00,-61.65,32.94,36.06,0,0,0,
4713,89,89,0.20,9.61,0.69,0.02,-0.01,0.00,-60.82,32.04,35.41,0,0,0,
4732,89,90,0.20,9.61,0.68,0.01,-0.01,0.00,-60.76,32.27,35.28,0,0,0,
4738,89,89,0.20,9.64,0.65,0.00,-0.01,0.00,-61.02,32.27,36.16,0,0,0,
4744,90,90,0.20,9.59,0.71,-0.01,-0.01,0.00,-61.12,32.39,35.33,0,0,0,
4751,90,90,0.20,9.59,0.71,-0.01,-0.01,0.00,-60.80,32.26,35.87,0,0,0,
4757,89,89,0.20,9.62,0.69,-0.00,-0.01,0.00,-60.39,32.32,35.69,0,0,0,
4763,90,89,0.19,9.62,0.69,-0.01,-0.01,0.00,-61.40,32.34,36.39,0,0,0,
4769,90,89,0.19,9.62,0.69,-0.01,-0.01,0.00,-61.06,32.77,35.56,0,0,0,
4781,89,89,0.20,9.64,0.66,0.00,-0.01,0.00,-60.70,32.53,34.93,0,0,0,
4788,89,89,0.20,9.64,0.66,0.00,-0.01,0.00,-60.60,32.59,35.18,0,0,0,
4794,90,90,0.19,9.57,0.72,-0.00,-0.01,0.00,-61.08,32.01,35.49,0,0,0,
4800,89,89,0.19,9.62,0.69,0.02,-0.01,0.00,-60.93,32.78,35.94,0,0,0,
4806,89,89,0.19,9.62,0.69,0.02,-0.01,0.00,-61.34,33.28,35.91,0,0,0,
4813,90,90,0.20,9.60,0.69,0.02,-0.01,0.00,-61.30,32.36,35.60,0,0,0,
4819,90,90,0.20,9.61,0.69,0.02,-0.01,0.00,-60.57,32.07,35.94,0,0,0,
4825,90,90,0.20,9.61,0.69,0.02,-0.01,0.00,-60.99,32.77,35.53,0,0,0,
4836,90,90,0.20,9.60,0.67,0.01,-0.01,0.00,-60.76,31.85,35.05,0,0,0,
4843,90,90,0.20,9.60,0.67,0.01,-0.01,0.00,-60.96,32.65,35.12,0,0,0,
4849,89,89,0.20,9.62,0.68,0.01,-0.01,0.00,-60.92,32.97,34.87,0,0,0,
4855,90,89,0.19,9.61,0.69,0.00,-0.01,0.00,-60.82,32.20,36.45,0,0,0,
4861,90,89,0.19,9.61,0.69,0.00,-0.01,0.00,-60.14,33.02,36.29,0,0,0,
4868,90,89,0.18,9.62,0.69,0.00,-0.01,0.00,-60.68,33.22,35.47,0,0,0,
4875,89,89,0.19,9.62,0.68,0.00,-0.01,0.00,-60.84,32.07,35.24,0,0,0,
4893,90,89,0.19,9.62,0.70,0.00,-0.01,0.00,-60.65,32.18,36.04,0,0,0,
4900,90,90,0.19,9.60,0.69,0.00,-0.01,0.00,-61.21,32.97,36.73,0,0,0,
4905,90,90,0.19,9.60,0.69,0.00,-0.01,0.00,-61.63,32.75,35.76,0,0,0,
4912,90,89,0.19,9.61,0.70,0.01,-0.01,0.00,-61.02,32.42,35.50,0,0,0,
4918,89,90,0.20,9.61,0.69,0.01,-0.01,0.00,-61.43,32.45,34.86,0,0,0,
4924,89,90,0.20,9.61,0.69,0.01,-0.01,0.00,-60.77,32.93,35.47,0,0,0,
4930,89,89,0.20,9.62,0.68,0.01,-0.01,0.00,-61.01,32.37,35.69,0,0,0,
4941,90,89,0.19,9.62,0.68,0.01,-0.01,0.00,-60.38,32.32,35.59,0,0,0,
4948,90,90,0.19,9.60,0.69,0.01,-0.01,0.00,-60.49,31.92,35.49,0,0,0,
4954,90,90,0.19,9.60,0.69,0.01,-0.01,0.00,-60.80,31.50,34.32,0,0,0,
4960,90,89,0.19,9.62,0.68,0.01,-0.01,0.00,-60.86,31.86,35.22,0,0,0,
4967,89,89,0.20,9.61,0.69,0.01,-0.01,0.00,-61.34,32.62,35.94,0,0,0,
4973,89,89,0.20,9.61,0.69,0.01,-0.01,0.00,-60.55,32.42,35.22,0,0,0,
4979,89,90,0.20,9.61,0.69,0.00,-0.01,0.00,-61.27,32.17,35.97,0,0,0,
4985,90,90,0.20,9.61,0.69,0.00,-0.01,0.00,-61.50,33.10,37.15,0,0,0,
4996,90,90,0.20,9.60,0.70,0.00,-0.01,0.00,-61.01,31.86,35.50,0,0,0,
5003,90,89,0.19,9.61,0.69,0.00,-0.01,0.00,-61.58,32.72,35.87,0,0,0,
5009,90,89,0.19,9.61,0.69,0.00,-0.01,0.00,-61.43,33.09,35.69,0,0,0,
5015,90,89,0.19,9.61,0.69,0.00,-0.01,0.00,-61.17,31.94,35.85,0,0,0,
5021,90,89,0.19,9.61,0.69,0.00,-0.01,0.00,-61.18,31.42,36.48,0,0,0,
5028,90,89,0.19,9.61,0.69,0.00,-0.01,0.00,-61.33,32.99,35.14,0,0,0,
5034,90,89,0.19,9.62,0.69,0.01,-0.01,0.00,-61.47,32.55,35.03,0,0,0,
5045,89,90,0.20,9.61,0.70,0.01,-0.01,0.00,-61.11,32.36,36.14,0,0,0,
5059,90,89,0.19,9.61,0.68,0.01,-0.01,0.00,-60.67,32.74,36.73,0,0,0,
5066,90,89,0.19,9.61,0.68,0.01,-0.01,0.00,-61.01,32.78,35.40,0,0,0,
5072,90,90,0.20,9.61,0.68,0.01,-0.01,0.00,-61.20,32.77,35.63,0,0,0,
5078,90,90,0.20,9.60,0.69,0.01,-0.01,0.00,-61.01,32.29,36.38,0,0,0,
5084,90,90,0.20,9.60,0.69,0.01,-0.01,0.00,-61.55,32.90,35.60,0,0,0,
5091,89,89,0.19,9.62,0.69,0.01,-0.01,0.00,-60.64,31.96,36.69,0,0,0,
5097,90,90,0.20,9.61,0.69,0.00,-0.01,0.00,-60.57,32.04,35.91,0,0,0,
5108,90,90,0.19,9.61,0.69,0.00,-0.01,0.00,-61.18,32.67,35.78,0,0,0,
5115,90,90,0.19,9.61,0.69,0.00,-0.01,0.00,-60.51,31.72,35.93,0,0,0,
5121,90,90,0.19,9.61,0.69,0.00,-0.01,0.00,-60.65,31.92,36.63,0,0,0,
5128,90,89,0.19,9.61,0.69,0.01,-0.01,0.00,-61.72,32.93,36.66,0,0,0,
5134,89,90,0.20,9.62,0.69,0.01,-0.01,0.00,-60.84,32.13,35.81,0,0,0,
5140,89,90,0.20,9.62,0.69,0.01,-0.01,0.00,-60.71,32.30,36.23,0,0,0,
5146,90,89,0.19,9.61,0.69,0.00,-0.01,0.00,-61.28,32.80,36.50,0,0,0,
5157,90,89,0.19,9.61,0.69,0.01,-0.01,0.00,-60.96,32.61,37.12,0,0,0,
5164,90,89,0.19,9.61,0.68,0.00,-0.01,0.00,-61.22,32.13,37.21,0,0,0,
5170,90,90,0.20,9.61,0.68,0.00,-0.01,0.00,-60.73,32.75,36.17,0,0,0,
5176,90,90,0.20,9.61,0.68,0.00,-0.01,0.00,-60.54,31.94,36.17,0,0,0,
5183,90,89,0.19,9.61,0.69,0.00,-0.01,0.00,-61.59,32.75,36.58,0,0,0,
5189,90,89,0.19,9.61,0.69,0.00,-0.01,0.00,-61.06,32.05,36.23,0,0,0,
5195,90,89,0.19,9.61,0.69,0.00,-0.01,0.00,-60.52,31.31,36.73,0,0,0,
5201,89,90,0.20,9.61,0.69,0.01,-0.01,0.00,-61.06,32.17,36.71,0,0,0,
5219,90,90,0.20,9.61,0.69,0.01,-0.01,0.00,-61.24,32.72,36.41,0,0,0,
5228,90,90,0.20,9.61,0.70,0.02,-0.01,0.00,-61.03,32.87,35.28,0,0,0,
5234,90,90,0.19,9.60,0.69,0.02,-0.01,0.00,-60.25,32.61,35.69,0,0,0,
5240,90,90,0.19,9.60,0.69,0.02,-0.01,0.00,-60.61,32.43,36.38,0,0,0,
5246,90,89,0.19,9.61,0.69,0.01,-0.01,0.00,-61.44,33.34,36.06,0,0,0,
5253,89,89,0.20,9.62,0.68,0.01,-0.01,0.00,-60.83,32.45,35.30,0,0,0,
5259,89,89,0.20,9.62,0.68,0.01,-0.01,0.00,-61.01,32.30,36.19,0,0,0,
5270,90,89,0.19,9.61,0.69,0.00,-0.01,0.00,-61.36,32.43,36.85,0,0,0,
5276,90,89,0.19,9.61,0.69,0.00,-0.01,0.00,-60.32,31.80,35.74,0,0,0,
5283,90,90,0.19,9.60,0.69,-0.00,-0.01,0.00,-61.12,32.91,36.50,0,0,0,
5289,89,89,0.19,9.62,0.69,-0.00,-0.01,0.00,-61.06,32.93,35.81,0,0,0,
5295,89,89,0.19,9.62,0.69,-0.00,-0.01,0.00,-60.26,32.08,35.57,0,0,0,
5301,89,90,0.20,9.61,0.68,-0.00,-0.01,0.00,-60.95,32.37,36.44,0,0,0,
5308,90,90,0.20,9.60,0.69,0.00,-0.01,0.00,-60.87,32.62,35.47,0,0,0,
5319,90,90,0.19,9.60,0.70,0.00,-0.01,0.00,-61.47,32.80,35.55,0,0,0,
5326,90,89,0.18,9.60,0.69,0.01,-0.01,0.00,-61.17,33.21,37.01,0,0,0,
5332,90,89,0.18,9.60,0.69,0.01,-0.01,0.00,-61.28,32.81,36.04,0,0,0,
5337,90,89,0.18,9.62,0.69,0.01,-0.01,0.00,-60.64,32.55,36.17,0,0,0,
5344,90,89,0.19,9.61,0.69,0.01,-0.01,0.00,-61.24,32.70,36.26,0,0,0,
5350,90,89,0.19,9.61,0.69,0.01,-0.01,0.00,-60.80,32.61,35.76,0,0,0,
5356,89,90,0.20,9.61,0.68,0.01,-0.01,0.00,-59.91,31.25,35.68,0,0,0,
5362,89,90,0.20,9.62,0.69,0.01,-0.01,0.00,-61.37,32.05,34.74,0,0,0,
5373,90,90,0.19,9.60,0.70,0.01,-0.01,0.00,-60.99,32.14,36.04,0,0,0,
5387,90,89,0.19,9.61,0.68,0.00,-0.01,0.00,-60.87,33.22,36.57,0,0,0,
5393,89,90,0.20,9.61,0.68,0.00,-0.01,0.00,-60.98,31.83,36.41,0,0,0,
5399,89,89,0.19,9.62,0.68,0.00,-0.01,0.00,-61.25,31.83,36.42,0,0,0,
5406,89,89,0.19,9.62,0.68,0.00,-0.01,0.00,-60.79,32.62,36.66,0,0,0,
5412,89,89,0.20,9.62,0.70,0.00,-0.01,0.00,-61.27,32.29,35.49,0,0,0,
5418,89,89,0.19,9.63,0.68,0.00,-0.01,0.00,-60.14,32.18,35.53,0,0,0,
5430,90,90,0.20,9.61,0.69,0.00,-0.01,0.00,-60.36,32.07,34.93,0,0,0,
5436,90,90,0.20,9.61,0.70,0.00,-0.01,0.00,-60.68,31.70,36.39,0,0,0,
5443,90,90,0.19,9.60,0.70,0.01,-0.01,0.00,-60.87,32.49,35.22,0,0,0,
5449,90,89,0.19,9.61,0.70,0.01,-0.01,0.00,-61.03,32.01,35.71,0,0,0,
5455,89,89,0.20,9.62,0.69,0.01,-0.01,0.00,-60.36,31.22,35.85,0,0,0,
5461,89,89,0.20,9.62,0.69,0.01,-0.01,0.00,-60.89,32.21,34.99,0,0,0,
5468,90,90,0.19,9.60,0.69,0.01,-0.01,0.00,-60.68,32.61,36.00,0,0,0,
5474,90,90,0.20,9.61,0.69,0.01,-0.01,0.00,-61.28,31.64,35.41,0,0,0,
5485,90,90,0.19,9.60,0.69,0.01,-0.01,0.00,-60.95,32.61,35.43,0,0,0,
5491,90,90,0.19,9.60,0.68,0.01,-0.01,0.00,-61.12,31.96,35.12,0,0,0,
5498,89,89,0.19,9.63,0.68,0.01,-0.01,0.00,-61.06,32.40,35.91,0,0,0,
5504,90,89,0.19,9.61,0.69,0.01,-0.01,0.00,-61.49,32.81,36.32,0,0,0,
5510,89,89,0.20,9.64,0.67,0.01,-0.01,0.00,-61.58,32.94,36.04,0,0,0,
5517,89,89,0.20,9.64,0.67,0.00,-0.01,0.00,-61.21,32.05,36.35,0,0,0,
5523,90,90,0.19,9.59,0.71,-0.01,-0.01,0.00,-61.25,32.90,36.20,0,0,0,
5535,90,90,0.19,9.60,0.68,0.00,-0.01,0.00,-60.38,31.57,35.19,0,0,0,
5541,90,89,0.19,9.61,0.68,0.00,-0.01,0.00,-61.20,32.48,35.88,0,0,0,
5554,90,90,0.19,9.60,0.69,0.00,-0.01,0.00,-60.74,31.96,35.11,0,0,0,
5560,90,89,0.18,9.61,0.70,0.00,-0.01,0.00,-60.52,32.43,35.41,0,0,0,
5567,90,89,0.18,9.60,0.69,0.01,-0.01,0.00,-60.87,33.15,36.36,0,0,0,
5573,90,89,0.18,9.60,0.69,0.01,-0.01,0.00,-60.44,31.92,34.54,0,0,0,
5579,90,89,0.20,9.61,0.68,0.01,-0.01,0.00,-60.71,32.48,34.54,0,0,0,
5591,89,90,0.20,9.61,0.68,0.01,-0.01,0.00,-60.36,32.01,35.37,0,0,0,
5598,90,90,0.20,9.61,0.70,0.01,-0.01,0.00,-60.92,32.42,35.08,0,0,0,
5604,89,89,0.20,9.61,0.70,0.01,-0.01,0.00,-60.70,32.52,35.62,0,0,0,
5610,89,89,0.20,9.61,0.70,0.01,-0.01,0.00,-60.36,32.40,35.44,0,0,0,
5616,89,90,0.20,9.62,0.69,0.01,-0.01,0.00,-60.29,31.54,35.68,0,0,0,
5623,89,89,0.20,9.62,0.68,0.01,-0.01,0.00,-60.73,32.42,35.43,0,0,0,
5629,89,89,0.20,9.62,0.68,0.01,-0.01,0.00,-60.79,32.89,35.60,0,0,0,
5635,90,89,0.19,9.61,0.69,0.00,-0.01,0.00,-60.26,31.69,35.33,0,0,0,
5646,90,89,0.18,9.60,0.70,0.00,-0.01,0.00,-60.82,32.72,35.57,0,0,0,
5653,90,89,0.18,9.61,0.68,0.00,-0.01,0.00,-60.06,32.49,34.98,0,0,0,
5660,89,90,0.20,9.61,0.69,0.00,-0.01,0.00,-60.64,32.18,36.17,0,0,0,
5666,89,90,0.20,9.61,0.69,0.00,-0.01,0.00,-61.15,33.09,36.12,0,0,0,
5672,89,90,0.20,9.61,0.70,0.01,-0.01,0.00,-61.08,32.49,35.41,0,0,0,
5678,90,90,0.19,9.60,0.69,0.01,-0.01,0.00,-60.46,32.14,35.62,0,0,0,
5685,90,90,0.19,9.60,0.69,0.01,-0.01,0.00,-60.33,32.70,36.14,0,0,0,
5696,90,90,0.19,9.61,0.68,0.01,-0.01,0.00,-60.10,31.91,35.93,0,0,0,
5702,90,90,0.19,9.61,0.68,0.01,-0.01,0.00,-60.64,32.29,35.94,0,0,0,
5715,90,89,0.20,9.61,0.70,0.01,-0.01,0.00,-59.98,31.60,35.62,0,0,0,
5723,90,89,0.20,9.61,0.69,0.01,-0.01,0.00,-60.61,32.18,35.21,0,0,0,
5729,90,90,0.20,9.61,0.69,0.01,-0.01,0.00,-60.90,31.70,36.20,0,0,0,
5735,90,89,0.19,9.61,0.68,0.01,-0.01,0.00,-60.38,31.00,36.04,0,0,0,
5741,90,89,0.19,9.61,0.68,0.01,-0.01,0.00,-61.15,31.86,35.11,0,0,0,
5748,90,89,0.19,9.61,0.68,0.01,-0.01,0.00,-60.61,32.36,35.63,0,0,0,
5759,89,89,0.19,9.62,0.69,0.01,-0.01,0.00,-60.92,31.42,35.78,0,0,0,
5765,90,89,0.19,9.61,0.68,0.00,-0.01,0.00,-60.95,32.43,36.33,0,0,0,
5771,90,89,0.19,9.62,0.70,0.00,-0.01,0.00,-60.90,31.82,36.10,0,0,0,
5777,90,89,0.19,9.62,0.70,0.00,-0.01,0.00,-61.05,31.13,35.95,0,0,0,
5784,90,90,0.19,9.61,0.68,0.01,-0.01,0.00,-60.71,32.34,35.91,0,0,0,
5790,90,89,0.19,9.61,0.68,0.01,-0.01,0.00,-60.33,31.80,35.41,0,0,0,
5796,90,89,0.19,9.61,0.68,0.01,-0.01,0.00,-60.26,31.34,35.79,0,0,0,
5807,89,89,0.19,9.62,0.68,0.01,-0.01,0.00,-61.28,32.45,35.68,0,0,0,
5814,89,89,0.19,9.62,0.68,0.01,-0.01,0.00,-60.63,31.67,35.66,0,0,0,
5820,90,90,0.19,9.61,0.70,0.01,-0.01,0.00,-60.73,31.31,36.42,0,0,0,
5826,90,89,0.18,9.62,0.69,0.01,-0.01,0.00,-60.86,32.48,37.45,0,0,0,
5832,90,89,0.18,9.62,0.69,0.01,-0.01,0.00,-60.73,31.51,35.66,0,0,0,
5839,90,90,0.20,9.60,0.68,0.01,-0.01,0.00,-60.20,31.88,36.00,0,0,0,
5845,90,90,0.20,9.61,0.69,0.01,-0.01,0.00,-61.08,31.88,36.85,0,0,0,
5850,90,90,0.20,9.61,0.69,0.01,-0.01,0.00,-60.84,31.89,36.22,0,0,0,
5861,90,90,0.20,9.61,0.69,0.01,-0.01,0.00,-60.77,32.21,35.90,0,0,0,
5867,90,90,0.19,9.60,0.69,0.01,-0.01,0.00,-60.84,31.89,35.90,0,0,0,
5874,90,89,0.19,9.61,0.68,0.01,-0.01,0.00,-60.73,31.29,35.11,0,0,0,
5888,90,90,0.20,9.60,0.69,0.00,-0.01,0.00,-60.82,32.36,36.19,0,0,0,
5893,89,90,0.20,9.61,0.70,0.01,-0.01,0.00,-60.38,31.39,35.41,0,0,0,
5900,90,90,0.20,9.60,0.69,0.01,-0.01,0.00,-60.96,32.48,36.33,0,0,0,
5906,90,90,0.20,9.60,0.69,0.01,-0.01,0.00,-60.82,32.17,35.63,0,0,0,
5918,90,90,0.19,9.61,0.68,0.01,-0.01,0.00,-60.64,32.08,36.06,0,0,0,
5924,90,90,0.19,9.61,0.68,0.01,-0.01,0.00,-61.01,33.31,36.36,0,0,0,
5930,90,90,0.20,9.61,0.69,0.01,-0.01,0.00,-60.93,31.99,36.04,0,0,0,
5936,90,90,0.20,9.61,0.69,0.01,-0.01,0.00,-60.06,31.26,35.90,0,0,0,
5943,90,90,0.20,9.61,0.69,0.01,-0.01,0.00,-61.17,32.15,36.95,0,0,0,
5949,90,89,0.18,9.61,0.70,0.01,-0.01,0.00,-60.92,32.07,36.79,0,0,0,
5955,90,89,0.18,9.61,0.67,0.01,-0.01,0.00,-60.11,31.34,36.13,0,0,0,
5967,90,90,0.20,9.61,0.67,0.01,-0.01,0.00,-60.93,32.39,35.75,0,0,0,
5974,89,90,0.20,9.61,0.70,0.00,-0.01,0.00,-61.09,31.42,35.91,0,0,0,
5980,89,90,0.20,9.61,0.70,0.00,-0.01,0.00,-60.57,32.11,35.62,0,0,0,
5986,90,90,0.20,9.59,0.70,0.01,-0.01,0.00,-60.44,32.32,36.57,0,0,0,
5992,90,89,0.18,9.61,0.70,0.01,-0.01,0.00,-60.74,31.58,35.49,0,0,0,
5999,90,89,0.18,9.61,0.70,0.01,-0.01,0.00,-60.71,32.43,36.29,0,0,0,
6005,90,90,0.20,9.60,0.68,0.01,-0.01,0.00,-61.27,32.78,36.22,0,0,0,
6011,90,90,0.20,9.61,0.68,0.01,-0.01,0.00,-61.02,31.64,35.31,0,0,0,
6022,90,90,0.19,9.60,0.69,0.01,-0.01,0.00,-60.49,31.85,36.69,0,0,0,
6028,90,89,0.19,9.61,0.69,0.01,-0.01,0.00,-60.38,32.43,36.57,0,0,0,
6035,90,89,0.19,9.61,0.69,0.01,-0.01,0.00,-60.35,31.25,35.69,0,0,0,
6048,90,90,0.20,9.60,0.68,0.01,-0.01,0.00,-60.77,32.27,36.17,0,0,0,
6055,90,90,0.20,9.60,0.68,0.01,-0.01,0.00,-60.76,31.56,35.66,0,0,0,
6061,89,89,0.20,9.62,0.69,0.01,-0.01,0.00,-60.38,32.37,36.71,0,0,0,
6068,90,89,0.19,9.61,0.69,0.01,-0.01,0.00,-60.80,32.83,36.00,0,0,0,
6080,90,89,0.19,9.61,0.68,0.00,-0.01,0.00,-60.48,32.33,36.58,0,0,0,
6086,90,90,0.20,9.61,0.69,0.01,-0.01,0.00,-61.08,32.40,36.31,0,0,0,
6092,90,90,0.20,9.61,0.69,0.01,-0.01,0.00,-60.45,32.27,36.45,0,0,0,
6099,90,89,0.19,9.61,0.70,0.01,-0.01,0.00,-60.80,32.02,36.26,0,0,0,
6105,90,89,0.18,9.60,0.69,0.01,-0.01,0.00,-61.27,32.86,36.67,0,0,0,
6111,90,89,0.18,9.60,0.69,0.01,-0.01,0.00,-60.63,32.08,36.13,0,0,0,
6117,89,89,0.19,9.62,0.68,0.01,-0.01,0.00,-60.57,32.21,36.33,0,0,0,
6124,90,89,0.19,9.61,0.69,0.01,-0.01,0.00,-60.45,32.49,36.51,0,0,0,
6135,90,90,0.19,9.60,0.69,0.01,-0.01,0.00,-59.85,31.66,35.50,0,0,0,
6141,90,89,0.19,9.61,0.69,0.01,-0.01,0.00,-60.71,32.17,35.74,0,0,0,
6147,90,89,0.19,9.61,0.69,0.01,-0.01,0.00,-60.49,32.49,36.32,0,0,0,
6153,90,90,0.20,9.60,0.67,0.01,-0.01,0.00,-60.03,31.96,36.06,0,0,0,
6160,89,89,0.20,9.61,0.69,0.01,-0.01,0.00,-60.63,32.53,35.46,0,0,0,
6167,89,89,0.20,9.61,0.70,0.01,-0.01,0.00,-60.60,32.51,35.72,0,0,0,
6173,89,89,0.19,9.62,0.70,0.01,-0.01,0.00,-60.70,32.84,35.72,0,0,0,
6184,90,89,0.18,9.62,0.70,0.01,-0.01,0.00,-60.93,33.24,36.86,0,0,0,
6191,90,89,0.18,9.61,0.69,0.01,-0.01,0.00,-60.33,32.26,36.26,0,0,0,
6197,89,89,0.20,9.62,0.67,0.01,-0.01,0.00,-60.26,32.61,35.94,0,0,0,
6203,89,89,0.20,9.62,0.67,0.01,-0.01,0.00,-60.45,32.51,36.25,0,0,0,
6216,90,90,0.20,9.61,0.69,0.01,-0.01,0.00,-60.41,32.07,35.91,0,0,0,
6222,90,89,0.19,9.60,0.69,0.01,-0.01,0.00,-60.64,32.96,36.77,0,0,0,
6229,90,89,0.19,9.60,0.69,0.01,-0.01,0.00,-60.38,32.53,35.72,0,0,0,
6240,90,89,0.19,9.61,0.68,0.01,-0.01,0.00,-60.60,32.42,35.22,0,0,0,
6246,89,89,0.20,9.62,0.69,0.01,-0.01,0.00,-60.79,32.72,35.97,0,0,0,
6252,90,89,0.19,9.61,0.69,0.01,-0.01,0.00,-60.36,31.94,34.46,0,0,0,
6259,90,89,0.18,9.61,0.69,0.01,-0.01,0.00,-60.44,32.97,36.14,0,0,0,
6265,90,89,0.18,9.61,0.69,0.01,-0.01,0.00,-60.89,32.32,35.94,0,0,0,
6271,90,90,0.19,9.60,0.68,0.01,-0.01,0.00,-60.52,32.34,35.82,0,0,0,
6277,90,90,0.19,9.60,0.68,0.01,-0.01,0.00,-60.68,32.24,35.74,0,0,0,
6284,90,89,0.19,9.61,0.69,0.01,-0.01,0.00,-60.74,32.70,35.76,0,0,0,
6295,90,90,0.19,9.60,0.69,0.01,-0.01,0.00,-60.25,31.83,35.17,0,0,0,
6301,90,90,0.20,9.61,0.69,0.01,-0.01,0.00,-61.02,32.04,35.88,0,0,0,
6307,90,90,0.20,9.61,0.69,0.01,-0.01,0.00,-60.99,32.15,35.95,0,0,0,
6314,90,90,0.20,9.61,0.69,0.01,-0.01,0.00,-60.84,31.70,34.80,0,0,0,
6320,90,90,0.20,9.60,0.68,0.01,-0.01,0.00,-60.76,32.37,36.14,0,0,0,
6326,90,90,0.20,9.61,0.69,0.01,-0.01,0.00,-60.86,32.15,35.15,0,0,0,
6332,90,90,0.20,9.61,0.69,0.01,-0.01,0.00,-60.92,32.14,35.03,0,0,0,
6344,90,89,0.18,9.61,0.69,0.01,-0.01,0.00,-61.28,33.09,36.04,0,0,0,
6351,90,89,0.18,9.61,0.69,0.01,-0.01,0.00,-60.86,32.21,36.10,0,0,0,
6357,90,89,0.19,9.61,0.68,0.01,-0.01,0.00,-60.60,32.02,36.35,0,0,0,
6363,89,90,0.20,9.62,0.69,0.01,-0.01,0.00,-60.58,32.74,35.88,0,0,0,
6369,89,90,0.20,9.62,0.69,0.01,-0.01,0.00,-60.32,32.48,35.60,0,0,0,
6383,90,90,0.20,9.61,0.69,0.01,-0.01,0.00,-60.86,33.32,36.09,0,0,0,
6389,89,89,0.20,9.61,0.69,0.01,-0.01,0.00,-60.45,32.45,36.26,0,0,0,
6395,89,89,0.20,9.61,0.69,0.01,-0.01,0.00,-59.76,31.58,36.54,0,0,0,
6407,90,89,0.19,9.61,0.70,0.01,-0.01,0.00,-60.70,32.45,36.45,0,0,0,
6414,90,90,0.20,9.60,0.70,0.01,-0.01,0.00,-60.49,31.57,35.41,0,0,0,
6420,90,90,0.19,9.61,0.69,0.01,-0.01,0.00,-60.41,31.67,35.69,0,0,0,
6426,90,89,0.19,9.62,0.69,0.01,-0.01,0.00,-60.93,32.49,36.00,0,0,0,
6432,90,89,0.19,9.62,0.69,0.01,-0.01,0.00,-60.48,31.39,35.37,0,0,0,
6439,89,90,0.20,9.62,0.68,0.01,-0.01,0.00,-60.41,32.07,35.21,0,0,0,
6445,90,90,0.20,9.61,0.70,0.01,-0.01,0.00,-61.02,33.15,35.43,0,0,0,
6457,90,90,0.19,9.61,0.70,0.01,-0.01,0.00,-60.74,31.76,35.95,0,0,0,
6463,90,89,0.19,9.61,0.69,0.01,-0.01,0.00,-60.64,32.33,36.32,0,0,0,
6469,90,89,0.19,9.61,0.69,0.01,-0.01,0.00,-60.90,32.52,35.24,0,0,0,
6476,90,90,0.19,9.60,0.68,0.01,-0.01,0.00,-60.26,32.17,35.44,0,0,0,
6482,90,89,0.19,9.61,0.69,0.01,-0.01,0.00,-60.46,32.55,35.27,0,0,0,
6488,90,89,0.19,9.61,0.69,0.01,-0.01,0.00,-60.71,32.72,35.66,0,0,0,
6494,90,89,0.19,9.61,0.69,0.01,-0.01,0.00,-60.52,32.59,35.69,0,0,0,
6501,89,89,0.19,9.62,0.69,0.00,-0.01,0.00,-60.71,32.49,35.00,0,0,0,
6512,90,90,0.20,9.61,0.69,0.00,-0.01,0.00,-60.39,32.32,34.70,0,0,0,
6518,90,89,0.19,9.61,0.69,0.00,-0.01,0.00,-61.02,32.26,35.76,0,0,0,
6524,90,89,0.19,9.61,0.69,0.00,-0.01,0.00,-60.76,33.15,36.33,0,0,0,
6531,90,90,0.19,9.60,0.70,0.01,-0.01,0.00,-60.60,32.34,35.28,0,0,0,
6544,90,90,0.19,9.60,0.70,0.01,-0.01,0.00,-61.27,33.08,35.55,0,0,0,
6551,90,90,0.20,9.61,0.69,0.01,-0.01,0.00,-60.73,31.54,36.01,0,0,0,
6557,90,90,0.19,9.60,0.69,0.01,-0.01,0.00,-60.06,31.92,36.16,0,0,0,
6569,89,90,0.20,9.61,0.69,0.01,-0.01,0.00,-60.33,32.04,35.71,0,0,0,
6576,90,90,0.20,9.60,0.70,0.01,-0.01,0.00,-60.30,31.85,36.09,0,0,0,
6582,90,90,0.20,9.60,0.70,0.01,-0.01,0.00,-60.27,32.89,35.74,0,0,0,
6588,90,90,0.19,9.61,0.69,0.01,-0.01,0.00,-60.70,32.59,34.80,0,0,0,
6594,90,89,0.19,9.61,0.69,0.01,-0.01,0.00,-60.84,31.67,35.50,0,0,0,
6601,90,89,0.19,9.61,0.69,0.01,-0.01,0.00,-61.28,32.71,36.33,0,0,0,
6607,89,89,0.20,9.62,0.69,0.01,-0.01,0.00,-60.98,32.61,36.29,0,0,0,
6618,90,89,0.19,9.62,0.68,0.01,-0.01,0.00,-60.68,32.18,35.95,0,0,0,
6624,90,89,0.19,9.61,0.70,0.01,-0.01,0.00,-61.18,32.89,35.56,0,0,0,
6631,90,90,0.19,9.60,0.69,0.01,-0.01,0.00,-60.89,32.46,35.88,0,0,0,
6637,90,90,0.19,9.60,0.69,0.01,-0.01,0.00,-61.15,31.83,35.37,0,0,0,
6643,90,89,0.19,9.61,0.70,0.01,-0.01,0.00,-61.27,32.43,35.95,0,0,0,
6649,90,89,0.19,9.60,0.69,0.01,-0.01,0.00,-61.14,32.45,36.52,0,0,0,
6656,90,89,0.19,9.60,0.69,0.01,-0.01,0.00,-60.73,31.66,35.12,0,0,0,
6662,89,89,0.19,9.62,0.69,0.01,-0.01,0.00,-61.43,32.37,36.23,0,0,0,
6673,90,89,0.19,9.61,0.69,0.01,-0.01,0.00,-60.65,31.58,35.90,0,0,0,
6679,90,90,0.20,9.61,0.68,0.01,-0.01,0.00,-61.31,32.48,36.07,0,0,0,
6685,90,90,0.20,9.60,0.70,0.01,-0.01,0.00,-61.79,32.56,35.74,0,0,0,
6692,90,89,0.19,9.60,0.70,0.01,-0.01,0.00,-60.80,32.07,35.78,0,0,0,
6698,90,89,0.19,9.61,0.68,0.01,-0.01,0.00,-60.79,32.45,35.62,0,0,0,
6710,89,89,0.19,9.62,0.69,0.01,-0.01,0.00,-60.25,31.94,35.98,0,0,0,
6717,90,90,0.20,9.61,0.68,0.01,-0.01,0.00,-60.89,32.11,36.32,0,0,0,
6728,90,90,0.19,9.60,0.69,0.01,-0.01,0.00,-60.82,32.21,36.54,0,0,0,
6736,90,89,0.19,9.61,0.69,0.01,-0.01,0.00,-60.70,32.10,35.74,0,0,0,
6742,90,90,0.19,9.60,0.69,0.01,-0.01,0.00,-61.03,32.52,36.44,0,0,0,
6748,90,90,0.19,9.60,0.69,0.01,-0.01,0.00,-61.03,31.91,35.93,0,0,0,
6754,90,90,0.19,9.61,0.69,0.01,-0.01,0.00,-60.64,31.63,35.97,0,0,0,
6761,90,89,0.19,9.61,0.69,0.01,-0.01,0.00,-61.02,32.20,35.66,0,0,0,
6767,90,89,0.19,9.61,0.69,0.01,-0.01,0.00,-60.92,32.24,36.26,0,0,0,
6773,90,90,0.19,9.60,0.69,0.01,-0.01,0.00,-60.89,32.17,35.71,0,0,0,
6784,90,89,0.18,9.62,0.69,0.01,-0.01,0.00,-61.24,32.77,36.22,0,0,0,
6791,89,89,0.20,9.61,0.69,0.01,-0.01,0.00,-60.49,31.89,36.38,0,0,0,
6797,89,90,0.20,9.61,0.69,0.01,-0.01,0.00,-60.52,31.95,35.60,0,0,0,
6803,89,90,0.20,9.61,0.69,0.01,-0.01,0.00,-60.92,32.62,36.60,0,0,0,
6809,89,89,0.20,9.62,0.69,0.01,-0.01,0.00,-60.71,31.86,36.50,0,0,0,
6816,89,89,0.19,9.63,0.69,0.01,-0.01,0.00,-60.76,31.92,36.48,0,0,0,
6823,89,89,0.19,9.63,0.69,0.01,-0.01,0.00,-61.36,32.62,36.25,0,0,0,
6834,90,90,0.19,9.60,0.68,0.01,-0.01,0.00,-60.48,31.23,35.49,0,0,0,
6840,90,90,0.19,9.60,0.68,0.01,-0.01,0.00,-60.93,32.05,36.06,0,0,0,
6847,90,90,0.19,9.61,0.70,0.00,-0.01,0.00,-60.99,32.58,36.20,0,0,0,
6853,90,90,0.19,9.61,0.69,0.01,-0.01,0.00,-60.54,32.15,36.76,0,0,0,
6859,90,90,0.19,9.61,0.69,0.01,-0.01,0.00,-60.51,32.07,36.25,0,0,0,
6865,90,89,0.19,9.61,0.69,0.01,-0.01,0.00,-61.05,33.19,36.64,0,0,0,
6879,90,89,0.18,9.60,0.70,0.01,-0.01,0.00,-61.14,31.80,37.08,0,0,0,
6891,89,89,0.20,9.62,0.69,0.01,-0.01,0.00,-60.71,32.58,35.87,0,0,0,
6897,90,90,0.20,9.61,0.69,0.01,-0.01,0.00,-60.80,32.62,36.39,0,0,0,
6903,90,89,0.19,9.61,0.69,0.01,-0.01,0.00,-61.28,32.68,36.51,0,0,0,
6909,90,89,0.19,9.61,0.69,0.01,-0.01,0.00,-60.96,31.79,36.76,0,0,0,
6916,90,89,0.19,9.61,0.69,0.01,-0.01,0.00,-61.05,32.49,36.55,0,0,0,
6922,90,89,0.19,9.61,0.69,0.01,-0.01,0.00,-61.18,32.90,37.33,0,0,0,
6928,90,90,0.19,9.60,0.69,0.01,-0.01,0.00,-60.70,32.36,36.17,0,0,0,
6934,90,89,0.19,9.61,0.69,0.01,-0.01,0.00,-60.55,31.72,35.55,0,0,0,
6946,89,89,0.20,9.61,0.69,0.01,-0.01,0.00,-61.08,32.29,36.06,0,0,0,
6953,89,89,0.20,9.62,0.70,0.01,-0.01,0.00,-61.25,32.64,35.25,0,0,0,
6959,90,89,0.18,9.62,0.70,0.00,-0.01,0.00,-60.96,32.55,36.58,0,0,0,
6965,90,89,0.19,9.61,0.69,0.01,-0.01,0.00,-61.41,33.40,35.57,0,0,0,
6972,90,90,0.20,9.61,0.69,0.01,-0.01,0.00,-60.67,32.59,35.19,0,0,0,
6978,90,90,0.20,9.61,0.69,0.01,-0.01,0.00,-61.09,32.51,36.00,0,0,0,
6984,90,89,0.19,9.61,0.70,0.01,-0.01,0.00,-61.15,33.32,36.85,0,0,0,
6995,90,89,0.19,9.61,0.70,0.00,-0.01,0.00,-60.44,32.43,36.03,0,0,0,
7002,90,89,0.19,9.61,0.70,0.01,-0.01,0.00,-61.22,32.81,36.48,0,0,0,
7009,90,89,0.19,9.61,0.68,0.01,-0.01,0.00,-60.51,32.56,36.14,0,0,0,
7015,90,89,0.19,9.61,0.68,0.01,-0.01,0.00,-59.95,31.60,36.28,0,0,0,
7021,90,90,0.20,9.61,0.69,0.01,-0.01,0.00,-60.51,32.37,35.74,0,0,0,
7027,90,90,0.20,9.61,0.69,0.01,-0.01,0.00,-60.54,32.75,36.13,0,0,0,
7040,90,89,0.19,9.60,0.70,0.01,-0.01,0.00,-60.38,32.64,35.36,0,0,0,
7047,90,89,0.19,9.61,0.69,0.01,-0.01,0.00,-60.39,32.17,35.85,0,0,0,
7058,90,90,0.20,9.61,0.69,0.01,-0.01,0.00,-61.18,31.77,35.44,0,0,0,
7065,90,89,0.19,9.61,0.69,0.01,-0.01,0.00,-60.96,32.83,35.84,0,0,0,
7071,90,89,0.19,9.61,0.69,0.01,-0.01,0.00,-60.98,32.07,35.38,0,0,0,
7078,89,89,0.20,9.62,0.70,0.01,-0.01,0.00,-60.89,31.91,36.17,0,0,0,
7083,90,89,0.19,9.61,0.70,0.01,-0.01,0.00,-61.37,33.35,36.47,0,0,0,
7089,90,89,0.19,9.61,0.70,0.01,-0.01,0.00,-60.54,32.75,35.57,0,0,0,
7096,90,89,0.19,9.61,0.69,0.01,-0.01,0.00,-60.83,32.37,36.76,0,0,0,
7107,90,89,0.19,9.61,0.69,0.01,-0.01,0.00,-60.93,32.42,35.53,0,0,0,
7114,90,89,0.19,9.62,0.69,0.01,-0.01,0.00,-60.68,31.19,35.37,0,0,0,
7120,90,89,0.19,9.61,0.69,0.01,-0.01,0.00,-60.65,32.56,35.63,0,0,0,
7126,90,89,0.19,9.61,0.69,0.01,-0.01,0.00,-60.61,32.46,36.16,0,0,0,
7133,89,89,0.19,9.62,0.70,0.01,-0.01,0.00,-60.89,32.70,35.53,0,0,0,
7138,90,89,0.19,9.61,0.70,0.01,-0.01,0.00,-60.60,32.05,36.33,0,0,0,
7144,90,89,0.19,9.61,0.70,0.01,-0.01,0.00,-61.17,33.02,35.28,0,0,0,
7150,90,89,0.18,9.61,0.70,0.01,-0.01,0.00,-60.26,32.39,36.67,0,0,0,
7161,90,89,0.19,9.61,0.69,0.01,-0.01,0.00,-60.57,33.00,36.69,0,0,0,
7168,90,89,0.19,9.61,0.70,0.01,-0.01,0.00,-60.49,32.17,35.46,0,0,0,
7211,90,90,0.19,9.61,0.69,0.01,-0.01,0.00,-60.70,31.92,36.01,0,0,0,
7217,89,89,0.19,9.63,0.69,0.01,-0.01,0.00,-60.71,31.98,35.88,0,0,0,
7224,89,89,0.19,9.63,0.70,0.01,-0.01,0.00,-61.01,32.64,37.18,0,0,0,
7230,90,89,0.19,9.61,0.70,0.01,-0.01,0.00,-61.01,31.98,35.93,0,0,0,
7236,90,89,0.19,9.61,0.70,0.01,-0.01,0.00,-60.64,31.66,36.98,0,0,0,
7248,90,89,0.19,9.61,0.68,0.01,-0.01,0.00,-61.02,32.58,36.98,0,0,0,
7254,90,89,0.19,9.61,0.70,0.01,-0.01,0.00,-60.87,31.37,36.42,0,0,0,
7261,90,90,0.20,9.61,0.69,0.01,-0.01,0.00,-60.63,32.21,35.40,0,0,0,
7267,90,90,0.20,9.61,0.70,0.01,-0.01,0.00,-61.17,31.99,36.82,0,0,0,
7273,89,89,0.20,9.62,0.70,0.01,-0.01,0.00,-61.06,31.77,35.63,0,0,0,
7279,90,90,0.19,9.61,0.70,0.01,-0.01,0.00,-61.05,32.15,36.36,0,0,0,
7286,90,90,0.19,9.61,0.69,0.01,-0.01,0.00,-60.90,32.91,36.73,0,0,0,
7297,90,89,0.19,9.61,0.69,0.01,-0.01,0.00,-61.08,32.42,36.67,0,0,0,
7304,90,89,0.19,9.61,0.69,0.01,-0.01,0.00,-61.43,33.34,36.95,0,0,0,
7310,90,89,0.19,9.61,0.68,0.01,-0.01,0.00,-61.47,32.45,37.20,0,0,0,
7316,90,90,0.20,9.60,0.69,0.01,-0.01,0.00,-60.99,32.24,36.23,0,0,0,
7323,90,90,0.20,9.60,0.69,0.01,-0.01,0.00,-61.25,32.87,36.44,0,0,0,
7329,89,90,0.20,9.62,0.69,0.01,-0.01,0.00,-60.61,32.34,36.64,0,0,0,
7334,90,89,0.19,9.61,0.69,0.01,-0.01,0.00,-60.41,31.96,36.98,0,0,0,
7341,90,89,0.19,9.61,0.69,0.01,-0.01,0.00,-61.01,32.71,36.09,0,0,0,
7352,90,90,0.19,9.61,0.69,0.01,-0.01,0.00,-60.42,31.86,36.61,0,0,0,
7359,90,90,0.19,9.61,0.69,0.01,-0.01,0.00,-60.71,32.36,36.09,0,0,0,
7373,90,89,0.20,9.61,0.69,0.01,-0.01,0.00,-60.61,31.73,36.58,0,0,0,
7378,89,89,0.19,9.62,0.69,0.01,-0.01,0.00,-61.31,32.48,37.40,0,0,0,
7385,89,89,0.19,9.62,0.69,0.01,-0.01,0.00,-61.15,32.72,36.83,0,0,0,
7391,90,90,0.20,9.61,0.68,0.01,-0.01,0.00,-60.68,32.17,36.96,0,0,0,
7397,89,89,0.20,9.62,0.69,0.01,-0.01,0.00,-60.77,32.20,37.05,0,0,0,
7409,90,89,0.19,9.62,0.70,0.01,-0.01,0.00,-60.87,31.98,36.79,0,0,0,
7416,90,90,0.20,9.60,0.69,0.01,-0.01,0.00,-61.06,32.05,37.56,0,0,0,
7422,90,90,0.20,9.60,0.69,0.01,-0.01,0.00,-60.71,33.06,37.47,0,0,0,
7428,89,90,0.20,9.61,0.68,0.00,-0.01,0.00,-60.92,31.89,36.64,0,0,0,
7434,89,89,0.20,9.62,0.69,0.00,-0.01,0.00,-60.06,32.05,36.14,0,0,0,
7441,89,89,0.20,9.62,0.69,0.01,-0.01,0.00,-60.52,32.94,37.97,0,0,0,
7447,90,90,0.19,9.61,0.69,0.01,-0.01,0.00,-60.08,32.46,37.15,0,0,0,
7453,90,89,0.19,9.61,0.70,0.01,-0.01,0.00,-59.78,31.57,36.79,0,0,0,
7464,90,89,0.19,9.60,0.70,0.01,-0.01,0.00,-60.16,32.86,37.36,0,0,0,
7471,90,89,0.19,9.60,0.69,0.01,-0.01,0.00,-60.74,32.23,36.39,0,0,0,
7478,89,89,0.19,9.62,0.69,0.01,-0.01,0.00,-60.82,32.04,37.01,0,0,0,
7484,90,90,0.20,9.61,0.69,0.01,-0.01,0.00,-61.34,32.80,35.88,0,0,0,
7490,90,89,0.19,9.61,0.70,0.01,-0.01,0.00,-60.46,32.70,36.74,0,0,0,
7496,90,89,0.19,9.61,0.70,0.01,-0.01,0.00,-60.73,32.14,36.01,0,0,0,
7503,90,90,0.19,9.61,0.69,0.01,-0.01,0.00,-61.27,32.75,36.99,0,0,0,
7514,90,89,0.19,9.61,0.69,0.01,-0.01,0.00,-60.58,31.85,36.83,0,0,0,
7520,90,90,0.20,9.61,0.69,0.01,-0.01,0.00,-61.11,32.24,36.82,0,0,0,
7534,90,90,0.20,9.60,0.70,0.01,-0.01,0.00,-60.30,31.50,36.20,0,0,0,
7540,89,90,0.20,9.61,0.70,0.01,-0.01,0.00,-60.79,32.61,36.83,0,0,0,
7546,90,89,0.19,9.61,0.68,0.01,-0.01,0.00,-60.76,32.43,36.28,0,0,0,
7552,90,89,0.19,9.61,0.68,0.01,-0.01,0.00,-60.44,32.53,35.60,0,0,0,
7558,89,90,0.20,9.61,0.68,0.01,-0.01,0.00,-60.49,31.83,35.90,0,0,0,
7565,90,90,0.20,9.61,0.70,0.01,-0.01,0.00,-60.87,32.21,36.19,0,0,0,
7577,89,89,0.20,9.61,0.70,0.01,-0.01,0.00,-61.14,32.08,35.75,0,0,0,
7583,90,89,0.19,9.61,0.69,0.01,-0.01,0.00,-60.92,32.74,35.98,0,0,0,
7589,90,89,0.19,9.61,0.69,0.01,-0.01,0.00,-60.51,31.96,35.36,0,0,0,
7595,90,89,0.19,9.62,0.68,0.01,-0.01,0.00,-61.06,31.82,35.22,0,0,0,
7602,90,90,0.19,9.60,0.68,0.01,-0.01,0.00,-60.90,32.23,36.00,0,0,0,
7608,90,90,0.19,9.60,0.68,0.01,-0.01,0.00,-60.38,32.67,35.57,0,0,0,
7613,89,89,0.19,9.63,0.70,0.01,-0.01,0.00,-60.46,31.54,36.07,0,0,0,
7624,90,89,0.19,9.61,0.70,0.01,-0.01,0.00,-61.09,32.53,35.69,0,0,0,
7631,90,89,0.19,9.61,0.69,0.01,-0.01,0.00,-60.49,31.53,35.44,0,0,0,
7638,90,90,0.19,9.60,0.68,0.01,-0.01,0.00,-60.90,32.49,35.88,0,0,0,
7644,90,90,0.19,9.60,0.68,0.01,-0.01,0.00,-61.14,32.77,36.71,0,0,0,
7650,90,89,0.19,9.61,0.69,0.01,-0.01,0.00,-60.41,31.82,35.47,0,0,0,
7656,90,89,0.19,9.61,0.70,0.01,-0.01,0.00,-60.83,31.92,35.90,0,0,0,
7663,90,89,0.19,9.61,0.70,0.01,-0.01,0.00,-60.92,32.72,36.70,0,0,0,
7674,90,89,0.19,9.61,0.68,0.01,-0.01,0.00,-59.95,31.50,36.23,0,0,0,
7680,89,89,0.19,9.62,0.68,0.01,-0.01,0.00,-60.17,32.15,36.48,0,0,0,
7692,90,90,0.19,9.61,0.70,0.00,-0.01,0.00,-60.13,32.14,35.24,0,0,0,
7700,90,89,0.19,9.61,0.70,0.01,-0.01,0.00,-60.41,32.20,35.87,0,0,0,
7706,90,90,0.19,9.60,0.69,0.01,-0.01,0.00,-60.67,32.51,35.88,0,0,0,
7712,89,90,0.21,9.61,0.69,0.01,-0.01,0.00,-60.01,32.07,35.93,0,0,0,
7718,89,90,0.21,9.61,0.69,0.01,-0.01,0.00,-60.70,32.02,36.20,0,0,0,
7725,90,89,0.19,9.61,0.70,0.01,-0.01,0.00,-60.68,32.68,35.46,0,0,0,
7737,90,89,0.19,9.61,0.70,0.01,-0.01,0.00,-60.92,31.98,35.28,0,0,0,
7743,90,89,0.19,9.61,0.69,0.01,-0.01,0.00,-60.54,33.22,36.32,0,0,0,
7749,89,89,0.19,9.62,0.69,0.01,-0.01,0.00,-60.22,32.21,35.38,0,0,0,
7756,89,89,0.19,9.62,0.69,0.01,-0.01,0.00,-60.79,32.30,35.84,0,0,0,
7762,90,89,0.19,9.61,0.70,0.01,-0.01,0.00,-60.52,32.86,35.75,0,0,0,
7768,90,89,0.19,9.61,0.70,0.01,-0.01,0.00,-60.23,32.48,35.33,0,0,0,
7774,90,89,0.19,9.61,0.70,0.01,-0.01,0.00,-60.30,32.10,36.41,0,0,0,
7785,90,90,0.20,9.61,0.68,0.01,-0.01,0.00,-60.90,32.59,35.40,0,0,0,
7792,90,89,0.19,9.61,0.68,0.01,-0.01,0.00,-60.08,31.47,35.43,0,0,0,
7798,89,89,0.20,9.61,0.68,0.01,-0.01,0.00,-60.89,32.07,36.20,0,0,0,
7804,90,90,0.20,9.61,0.70,0.01,-0.01,0.00,-60.71,32.67,36.28,0,0,0,
7810,90,90,0.20,9.61,0.70,0.01,-0.01,0.00,-60.77,32.40,36.23,0,0,0,
7817,90,90,0.19,9.60,0.70,0.01,-0.01,0.00,-60.06,31.80,36.16,0,0,0,
7823,90,90,0.20,9.61,0.69,0.01,-0.01,0.00,-60.92,32.33,36.99,0,0,0,
7829,90,90,0.20,9.61,0.69,0.01,-0.01,0.00,-60.52,32.86,36.26,0,0,0,
7841,89,89,0.19,9.62,0.69,0.01,-0.01,0.00,-61.08,32.72,36.76,0,0,0,
7854,90,90,0.19,9.61,0.70,0.01,-0.01,0.00,-60.67,31.92,36.71,0,0,0,
7861,90,90,0.19,9.60,0.68,0.01,-0.01,0.00,-61.06,33.00,36.63,0,0,0,
7868,90,90,0.19,9.60,0.68,0.01,-0.01,0.00,-60.96,32.24,35.97,0,0,0,
7874,90,90,0.20,9.61,0.68,0.01,-0.01,0.00,-60.45,31.69,36.73,0,0,0,
7880,89,89,0.20,9.62,0.69,0.01,-0.01,0.00,-60.74,32.48,36.93,0,0,0,
7887,89,89,0.20,9.62,0.69,0.01,-0.01,0.00,-60.60,32.46,35.88,0,0,0,
7898,89,89,0.19,9.62,0.69,0.01,-0.01,0.00,-60.54,32.52,37.17,0,0,0,
7904,89,89,0.19,9.62,0.69,0.01,-0.01,0.00,-61.08,32.91,35.68,0,0,0,
7910,89,89,0.20,9.62,0.69,0.01,-0.01,0.00,-60.58,32.49,37.28,0,0,0,
7917,90,89,0.19,9.60,0.70,0.01,-0.01,0.00,-61.08,32.49,36.10,0,0,0,
7923,90,89,0.19,9.60,0.70,0.01,-0.01,0.00,-61.08,33.34,35.88,0,0,0,
7929,89,89,0.19,9.63,0.69,0.01,-0.01,0.00,-61.02,32.59,35.56,0,0,0,
7935,90,90,0.20,9.60,0.69,0.01,-0.01,0.00,-60.61,32.71,36.69,0,0,0,
7947,90,89,0.19,9.62,0.69,0.01,-0.01,0.00,-60.84,32.40,36.14,0,0,0,
7954,90,90,0.19,9.61,0.69,0.01,-0.01,0.00,-60.68,31.66,35.72,0,0,0,
7960,90,90,0.19,9.61,0.69,0.01,-0.01,0.00,-60.61,32.23,35.82,0,0,0,
7966,90,89,0.19,9.61,0.69,0.01,-0.01,0.00,-60.65,32.77,35.02,0,0,0,
7972,90,89,0.19,9.61,0.69,0.01,-0.01,0.00,-60.25,32.10,35.17,0,0,0,
7978,90,89,0.19,9.61,0.69,0.01,-0.01,0.00,-60.68,32.02,34.52,0,0,0,
7984,90,90,0.19,9.59,0.69,0.01,-0.01,0.00,-60.77,32.59,36.22,0,0,0,
7990,89,89,0.20,9.62,0.70,0.01,-0.01,0.00,-60.52,31.94,36.35,0,0,0,
8001,90,89,0.19,9.61,0.70,0.01,-0.01,0.00,-61.31,32.40,34.77,0,0,0,
8008,90,89,0.19,9.62,0.68,0.01,-0.01,0.00,-60.49,32.40,35.38,0,0,0,
8021,89,89,0.19,9.63,0.68,0.01,-0.01,0.00,-60.73,32.80,36.50,0,0,0,
8027,90,90,0.19,9.60,0.69,0.01,-0.01,0.00,-61.03,32.49,36.38,0,0,0,
8033,90,90,0.19,9.60,0.69,0.01,-0.01,0.00,-60.55,31.94,35.63,0,0,0,
8040,89,89,0.19,9.62,0.70,0.01,-0.01,0.00,-61.03,32.74,36.41,0,0,0,
8046,89,90,0.20,9.61,0.70,0.01,-0.01,0.00,-61.09,33.25,36.39,0,0,0,
8057,90,89,0.19,9.62,0.70,0.01,-0.01,0.00,-61.31,32.67,36.66,0,0,0,
8063,89,90,0.21,9.61,0.69,0.01,-0.01,0.00,-61.09,32.72,36.23,0,0,0,
8070,89,90,0.21,9.61,0.69,0.01,-0.01,0.00,-60.95,32.32,36.06,0,0,0,
8076,90,90,0.20,9.61,0.69,0.01,-0.01,0.00,-60.86,32.36,35.36,0,0,0,
8082,90,89,0.19,9.62,0.69,0.01,-0.01,0.00,-60.77,33.40,36.61,0,0,0,
8088,90,89,0.19,9.62,0.69,0.01,-0.01,0.00,-60.77,32.40,36.60,0,0,0,
8095,90,90,0.20,9.60,0.68,0.01,-0.01,0.00,-60.61,32.32,36.20,0,0,0,
8101,90,89,0.19,9.61,0.69,0.01,-0.01,0.00,-60.96,33.19,37.07,0,0,0,
8113,90,90,0.20,9.60,0.70,0.01,-0.01,0.00,-60.77,31.51,36.13,0,0,0,
8119,90,89,0.19,9.61,0.69,0.01,-0.01,0.00,-60.48,32.20,36.25,0,0,0,
8125,90,89,0.19,9.61,0.69,0.01,-0.01,0.00,-60.86,32.34,35.60,0,0,0,
8132,90,89,0.19,9.61,0.69,0.01,-0.01,0.00,-60.39,31.38,36.04,0,0,0,
8138,89,90,0.20,9.61,0.69,0.01,-0.01,0.00,-60.23,32.65,36.38,0,0,0,
8144,89,90,0.20,9.61,0.69,0.01,-0.01,0.00,-60.83,32.74,35.63,0,0,0,
8150,89,89,0.19,9.62,0.70,0.01,-0.01,0.00,-60.35,32.07,34.65,0,0,0,
8161,90,89,0.19,9.61,0.69,0.01,-0.01,0.00,-60.84,32.62,37.26,0,0,0,
8169,89,89,0.20,9.62,0.68,0.01,-0.01,0.00,-60.22,32.55,37.17,0,0,0,
8182,90,89,0.19,9.61,0.69,0.01,-0.01,0.00,-61.02,33.22,37.93,0,0,0,
8188,90,89,0.18,9.60,0.70,0.01,-0.01,0.00,-60.63,32.42,35.76,0,0,0,
8195,90,90,0.20,9.61,0.70,0.01,-0.01,0.00,-60.49,31.92,36.00,0,0,0,
8201,90,90,0.20,9.61,0.70,0.01,-0.01,0.00,-60.60,32.59,36.01,0,0,0,
8207,90,89,0.19,9.61,0.68,0.01,-0.01,0.00,-60.38,32.91,36.52,0,0,0,
8213,90,90,0.19,9.61,0.69,0.01,-0.01,0.00,-60.39,32.02,36.61,0,0,0,
8225,90,89,0.20,9.61,0.69,0.01,-0.01,0.00,-60.67,33.12,35.91,0,0,0,
8232,90,90,0.19,9.60,0.69,0.01,-0.01,0.00,-60.01,32.30,36.22,0,0,0,
8238,90,90,0.19,9.60,0.69,0.01,-0.01,0.00,-60.30,32.26,36.03,0,0,0,
8244,90,89,0.19,9.61,0.69,0.01,-0.01,0.00,-60.55,32.83,36.33,0,0,0,
8250,89,89,0.20,9.62,0.69,0.01,-0.01,0.00,-60.57,31.99,36.66,0,0,0,
8257,90,90,0.19,9.60,0.68,0.01,-0.01,0.00,-60.95,31.77,37.09,0,0,0,
8263,90,90,0.19,9.60,0.68,0.01,-0.01,0.00,-60.96,32.42,36.26,0,0,0,
8274,90,90,0.19,9.61,0.69,0.01,-0.01,0.00,-60.76,31.58,36.19,0,0,0,
8280,89,89,0.20,9.62,0.69,0.01,-0.01,0.00,-60.58,32.40,35.71,0,0,0,
8287,89,90,0.20,9.61,0.70,0.01,-0.01,0.00,-60.93,32.04,35.87,0,0,0,
8294,89,90,0.20,9.61,0.70,0.01,-0.01,0.00,-59.88,32.15,36.29,0,0,0,
8300,90,89,0.19,9.61,0.70,0.01,-0.01,0.00,-60.70,32.39,36.31,0,0,0,
8306,90,90,0.19,9.60,0.70,0.01,-0.01,0.00,-60.92,32.68,36.80,0,0,0,
8313,90,89,0.19,9.61,0.70,0.01,-0.01,0.00,-60.20,31.48,36.61,0,0,0,
8324,89,89,0.20,9.62,0.69,0.01,-0.01,0.00,-60.67,32.43,35.94,0,0,0,
8330,89,89,0.20,9.62,0.69,0.01,-0.01,0.00,-60.42,31.60,35.85,0,0,0,
8344,90,90,0.20,9.59,0.70,0.01,-0.01,0.00,-60.93,32.74,37.08,0,0,0,
8349,89,90,0.20,9.61,0.69,0.01,-0.01,0.00,-60.77,32.15,36.33,0,0,0,
8356,89,89,0.20,9.61,0.69,0.01,-0.01,0.00,-60.93,32.29,35.78,0,0,0,
8362,89,89,0.20,9.61,0.69,0.01,-0.01,0.00,-61.17,33.29,36.29,0,0,0,
8368,90,90,0.19,9.61,0.70,0.01,-0.01,0.00,-60.98,32.34,35.98,0,0,0,
8374,90,90,0.19,9.61,0.70,0.01,-0.01,0.00,-60.98,31.99,36.45,0,0,0,
8386,89,89,0.19,9.62,0.69,0.01,-0.01,0.00,-60.68,32.27,36.07,0,0,0,
8393,90,90,0.19,9.61,0.69,0.01,-0.01,0.00,-60.84,31.44,35.38,0,0,0,
8399,90,89,0.19,9.60,0.67,0.01,-0.01,0.00,-60.92,32.86,36.54,0,0,0,
8405,90,89,0.19,9.61,0.70,0.01,-0.01,0.00,-60.01,32.18,35.15,0,0,0,
8412,90,90,0.19,9.61,0.70,0.00,-0.01,0.00,-60.46,32.18,36.04,0,0,0,
8418,90,89,0.19,9.61,0.70,0.01,-0.01,0.00,-60.29,32.13,36.63,0,0,0,
8424,89,89,0.20,9.62,0.69,0.01,-0.01,0.00,-60.90,32.52,36.04,0,0,0,
8435,90,90,0.19,9.60,0.69,0.01,-0.01,0.00,-60.90,31.79,36.35,0,0,0,
8441,90,90,0.19,9.60,0.69,0.01,-0.01,0.00,-61.21,32.23,37.21,0,0,0,
8448,89,89,0.20,9.61,0.68,0.01,-0.01,0.00,-60.67,31.92,36.83,0,0,0,
8454,90,89,0.19,9.61,0.69,0.01,-0.01,0.00,-60.20,31.25,36.22,0,0,0,
8460,90,89,0.19,9.61,0.69,0.01,-0.01,0.00,-61.12,32.18,35.88,0,0,0,
8465,90,89,0.18,9.60,0.69,0.01,-0.01,0.00,-60.74,32.34,36.64,0,0,0,
8472,89,89,0.19,9.62,0.70,0.01,-0.01,0.00,-60.30,31.57,36.96,0,0,0,
8478,89,89,0.19,9.62,0.70,0.01,-0.01,0.00,-60.23,32.21,36.20,0,0,0,
8490,90,89,0.19,9.61,0.70,0.01,-0.01,0.00,-60.22,31.61,36.74,0,0,0,
8502,90,89,0.18,9.60,0.69,0.01,-0.01,0.00,-60.83,32.61,37.07,0,0,0,
8510,90,90,0.20,9.61,0.69,0.01,-0.01,0.00,-60.48,31.98,36.44,0,0,0,
8516,90,90,0.20,9.61,0.69,0.01,-0.01,0.00,-60.61,32.14,37.18,0,0,0,
8522,89,89,0.20,9.62,0.69,0.01,-0.01,0.00,-60.54,32.62,37.80,0,0,0,
8528,90,89,0.19,9.62,0.69,0.01,-0.01,0.00,-60.61,32.36,37.68,0,0,0,
8535,90,90,0.19,9.60,0.69,0.01,-0.01,0.00,-61.01,32.20,37.21,0,0,0,
8546,90,90,0.20,9.61,0.70,0.01,-0.01,0.00,-60.30,32.49,36.54,0,0,0,
8553,90,90,0.20,9.61,0.70,0.01,-0.01,0.00,-59.81,31.73,36.29,0,0,0,
8558,89,89,0.20,9.61,0.69,0.01,-0.01,0.00,-60.54,32.17,37.42,0,0,0,
8564,90,90,0.19,9.60,0.70,0.01,-0.01,0.00,-60.80,31.79,36.48,0,0,0,
8572,90,89,0.18,9.61,0.69,0.01,-0.01,0.00,-60.01,31.54,35.79,0,0,0,
8578,90,89,0.18,9.61,0.69,0.01,-0.01,0.00,-60.20,32.04,36.52,0,0,0,
8584,90,89,0.19,9.61,0.68,0.01,-0.01,0.00,-60.95,32.36,36.36,0,0,0,
8590,90,89,0.19,9.61,0.69,0.01,-0.01,0.00,-60.22,31.73,36.51,0,0,0,
8601,90,89,0.19,9.61,0.70,0.01,-0.01,0.00,-60.16,31.88,36.73,0,0,0,
8608,90,89,0.19,9.61,0.70,0.01,-0.01,0.00,-60.51,31.92,35.69,0,0,0,
8614,89,90,0.20,9.61,0.70,0.01,-0.01,0.00,-60.61,31.26,36.38,0,0,0,
8620,89,89,0.20,9.62,0.68,0.01,-0.01,0.00,-60.48,32.23,36.45,0,0,0,
8627,90,89,0.19,9.61,0.68,0.01,-0.01,0.00,-60.27,31.51,36.47,0,0,0,
8633,90,89,0.19,9.61,0.68,0.01,-0.01,0.00,-60.23,31.91,36.17,0,0,0,
8639,90,89,0.19,9.61,0.69,0.01,-0.01,0.00,-60.63,32.30,35.08,0,0,0,
8650,90,90,0.19,9.60,0.70,0.01,-0.01,0.00,-60.19,32.04,35.69,0,0,0,
8663,89,89,0.19,9.63,0.69,0.01,-0.01,0.00,-60.80,32.74,36.98,0,0,0,
8671,90,90,0.19,9.61,0.69,0.01,-0.01,0.00,-60.51,31.77,36.52,0,0,0,
8677,90,90,0.20,9.61,0.70,0.01,-0.01,0.00,-60.76,32.39,35.82,0,0,0,
8683,90,89,0.19,9.61,0.70,0.01,-0.01,0.00,-60.79,32.61,36.50,0,0,0,
8689,90,89,0.19,9.61,0.70,0.01,-0.01,0.00,-61.34,32.91,36.88,0,0,0,
8697,90,89,0.20,9.61,0.68,0.01,-0.01,0.00,-60.63,32.56,37.21,0,0,0,
8708,90,89,0.18,9.61,0.68,0.01,-0.01,0.00,-60.61,32.04,36.98,0,0,0,
8714,90,89,0.19,9.61,0.69,0.00,-0.01,0.00,-60.67,31.99,37.46,0,0,0,
8720,90,89,0.19,9.61,0.70,0.01,-0.01,0.00,-61.06,32.75,36.69,0,0,0,
8727,90,89,0.19,9.61,0.70,0.01,-0.01,0.00,-60.22,31.89,36.96,0,0,0,
8733,89,89,0.19,9.62,0.70,0.01,-0.01,0.00,-60.16,31.95,36.52,0,0,0,
8739,90,89,0.18,9.62,0.69,0.01,-0.01,0.00,-60.45,33.19,37.15,0,0,0,
8745,90,89,0.18,9.62,0.69,0.01,-0.01,0.00,-60.87,32.40,37.74,0,0,0,
8752,90,90,0.19,9.60,0.68,0.01,-0.01,0.00,-60.29,31.63,37.46,0,0,0,
8764,89,90,0.20,9.61,0.69,0.01,-0.01,0.00,-60.74,32.34,36.77,0,0,0,
8770,90,89,0.19,9.61,0.69,0.01,-0.01,0.00,-60.29,32.01,36.25,0,0,0,
8776,89,89,0.20,9.61,0.69,0.01,-0.01,0.00,-60.70,32.32,36.25,0,0,0,
8782,89,89,0.20,9.61,0.69,0.01,-0.01,0.00,-60.73,33.62,36.33,0,0,0,
8789,89,89,0.20,9.61,0.67,0.01,-0.01,0.00,-60.51,31.86,36.96,0,0,0,
8795,89,90,0.20,9.61,0.69,0.01,-0.01,0.00,-60.82,32.24,36.55,0,0,0,
8801,89,90,0.20,9.61,0.69,0.01,-0.01,0.00,-60.89,32.42,37.59,0,0,0,
8812,90,89,0.19,9.61,0.70,0.00,-0.01,0.00,-60.63,31.80,37.08,0,0,0,
8825,90,89,0.19,9.61,0.69,0.01,-0.01,0.00,-60.36,32.23,37.07,0,0,0,
8832,90,90,0.20,9.61,0.68,0.01,-0.01,0.00,-60.19,31.86,36.66,0,0,0,
8838,90,90,0.20,9.61,0.68,0.01,-0.01,0.00,-60.42,31.79,37.08,0,0,0,
8844,89,89,0.19,9.62,0.70,0.01,-0.01,0.00,-60.71,32.67,36.50,0,0,0,
8851,89,90,0.20,9.61,0.69,0.01,-0.01,0.00,-60.54,31.58,35.22,0,0,0,
8857,89,90,0.20,9.61,0.69,0.01,-0.01,0.00,-61.08,32.78,36.28,0,0,0,
8863,90,89,0.19,9.61,0.69,0.01,-0.01,0.00,-60.95,32.72,36.51,0,0,0,
8875,90,90,0.19,9.60,0.69,0.01,-0.01,0.00,-60.46,31.96,36.77,0,0,0,
8881,90,90,0.19,9.61,0.70,0.01,-0.01,0.00,-60.65,32.68,36.61,0,0,0,
8888,90,89,0.19,9.62,0.69,0.01,-0.01,0.00,-60.19,32.20,36.61,0,0,0,
8894,90,89,0.19,9.62,0.69,0.01,-0.01,0.00,-60.17,31.76,35.87,0,0,0,
8900,90,89,0.19,9.61,0.69,0.01,-0.01,0.00,-60.68,32.55,36.86,0,0,0,
8905,90,90,0.20,9.61,0.68,0.01,-0.01,0.00,-60.19,32.36,36.44,0,0,0,
8912,90,90,0.20,9.61,0.68,0.01,-0.01,0.00,-60.25,31.54,36.69,0,0,0,
8923,90,89,0.19,9.60,0.70,0.01,-0.01,0.00,-61.14,32.34,37.34,0,0,0,
8930,90,89,0.19,9.60,0.70,0.01,-0.01,0.00,-60.46,32.14,37.01,0,0,0,
8936,90,89,0.19,9.61,0.68,0.01,-0.01,0.00,-60.25,32.01,36.39,0,0,0,
8943,90,90,0.20,9.61,0.69,0.01,-0.01,0.00,-60.60,32.20,36.35,0,0,0,
8949,90,90,0.20,9.61,0.69,0.01,-0.01,0.00,-60.08,31.79,35.78,0,0,0,
8955,90,90,0.19,9.60,0.69,0.01,-0.01,0.00,-59.92,31.50,36.64,0,0,0,
8961,90,90,0.19,9.61,0.70,0.01,-0.01,0.00,-63.24,32.59,36.55,0,0,0,
8972,90,89,0.18,9.61,0.69,0.01,-0.01,0.00,-59.89,31.32,36.19,0,0,0,
8980,89,89,0.20,9.62,0.69,0.01,-0.01,0.00,-60.22,32.24,36.39,0,0,0,
8992,90,89,0.19,9.62,0.69,0.01,-0.01,0.00,-60.52,30.94,36.55,0,0,0,
8998,90,89,0.19,9.61,0.70,0.01,-0.01,0.00,-60.71,32.43,36.77,0,0,0,
9004,90,89,0.19,9.61,0.70,0.01,-0.01,0.00,-60.64,32.14,36.39,0,0,0,
9011,90,90,0.19,9.60,0.69,0.01,-0.01,0.00,-60.46,31.47,36.38,0,0,0,
9017,90,90,0.20,9.61,0.69,0.01,-0.01,0.00,-60.57,31.99,36.06,0,0,0,
9023,90,90,0.20,9.61,0.69,0.01,-0.01,0.00,-60.49,31.92,36.54,0,0,0,
9035,90,90,0.19,9.60,0.70,0.01,-0.01,0.00,-60.13,32.20,36.09,0,0,0,
9042,90,90,0.19,9.60,0.70,0.01,-0.01,0.00,-60.89,32.74,36.03,0,0,0,
9048,90,89,0.19,9.61,0.69,0.01,-0.01,0.00,-60.57,31.58,36.42,0,0,0,
9054,90,89,0.19,9.61,0.70,0.01,-0.01,0.00,-60.54,31.32,36.26,0,0,0,
9060,90,89,0.19,9.61,0.70,0.01,-0.01,0.00,-60.11,32.08,37.01,0,0,0,
9067,90,90,0.20,9.61,0.69,0.01,-0.01,0.00,-60.49,31.67,36.86,0,0,0,
9073,90,89,0.19,9.61,0.69,0.01,-0.01,0.00,-60.39,31.92,36.96,0,0,0,
9084,90,89,0.19,9.61,0.70,0.01,-0.01,0.00,-61.18,32.42,36.63,0,0,0,
9091,90,89,0.19,9.61,0.69,0.01,-0.01,0.00,-60.73,32.23,37.02,0,0,0,
9096,90,89,0.19,9.61,0.69,0.01,-0.01,0.00,-60.51,32.49,37.69,0,0,0,
9103,90,90,0.19,9.60,0.68,0.01,-0.01,0.00,-60.08,32.71,36.71,0,0,0,
9109,89,89,0.20,9.62,0.70,0.01,-0.01,0.00,-59.81,32.26,37.11,0,0,0,
9115,89,89,0.20,9.62,0.70,0.01,-0.01,0.00,-60.33,31.70,37.27,0,0,0,
9121,90,89,0.19,9.61,0.70,0.01,-0.01,0.00,-60.33,32.80,37.58,0,0,0,
9129,90,90,0.20,9.61,0.69,0.01,-0.01,0.00,-60.42,32.43,36.35,0,0,0,
9140,90,90,0.20,9.61,0.69,0.01,-0.01,0.00,-60.73,32.02,37.27,0,0,0,
9154,89,89,0.19,9.62,0.69,0.01,-0.01,0.00,-60.84,32.02,36.58,0,0,0,
9160,89,89,0.19,9.62,0.69,0.01,-0.01,0.00,-60.80,32.30,37.84,0,0,0,
9167,90,89,0.19,9.62,0.69,0.01,-0.01,0.00,-60.10,32.08,37.28,0,0,0,
9173,89,89,0.20,9.62,0.68,0.01,-0.01,0.00,-60.08,31.83,36.19,0,0,0,
9179,89,89,0.20,9.62,0.68,0.01,-0.01,0.00,-60.17,31.98,36.50,0,0,0,
9185,90,89,0.19,9.61,0.69,0.01,-0.01,0.00,-60.48,31.89,36.79,0,0,0,
9196,89,89,0.20,9.62,0.68,0.01,-0.01,0.00,-60.79,31.89,36.55,0,0,0,
9204,90,89,0.19,9.61,0.69,0.01,-0.01,0.00,-60.90,32.36,35.69,0,0,0,
9210,89,89,0.19,9.62,0.70,0.01,-0.01,0.00,-60.48,31.85,36.07,0,0,0,
9216,90,89,0.19,9.62,0.70,0.01,-0.01,0.00,-60.92,31.77,35.75,0,0,0,
9222,90,89,0.19,9.61,0.70,0.01,-0.01,0.00,-60.71,32.04,36.64,0,0,0,
9229,89,90,0.20,9.61,0.69,0.01,-0.01,0.00,-60.46,31.98,36.93,0,0,0,
9235,89,90,0.20,9.61,0.69,0.01,-0.01,0.00,-61.17,31.92,35.95,0,0,0,
9241,90,89,0.18,9.61,0.69,0.01,-0.01,0.00,-60.87,32.18,36.88,0,0,0,
9252,90,90,0.19,9.61,0.69,0.01,-0.01,0.00,-60.36,31.00,35.21,0,0,0,
9259,90,90,0.19,9.61,0.69,0.00,-0.01,0.00,-61.05,32.37,35.74,0,0,0,
9265,89,89,0.19,9.62,0.69,0.00,-0.01,0.00,-60.84,32.26,37.01,0,0,0,
9271,89,89,0.19,9.62,0.69,0.01,-0.01,0.00,-60.41,31.60,36.16,0,0,0,
9277,90,90,0.20,9.61,0.69,0.01,-0.01,0.00,-60.99,32.11,35.81,0,0,0,
9284,90,90,0.20,9.61,0.69,0.01,-0.01,0.00,-60.71,32.59,36.23,0,0,0,
9290,90,90,0.20,9.60,0.69,0.01,-0.01,0.00,-60.70,31.86,36.55,0,0,0,
9301,89,89,0.20,9.62,0.69,0.01,-0.01,0.00,-60.70,32.30,37.14,0,0,0,
9313,89,89,0.20,9.62,0.69,0.01,-0.01,0.00,-60.22,31.63,35.87,0,0,0,
9320,89,89,0.20,9.62,0.69,0.01,-0.01,0.00,-60.64,32.65,36.80,0,0,0,
9327,89,89,0.20,9.62,0.69,0.01,-0.01,0.00,-60.35,32.20,35.91,0,0,0,
9333,90,90,0.19,9.61,0.69,0.01,-0.01,0.00,-60.25,32.07,36.25,0,0,0,
9338,90,90,0.19,9.61,0.69,0.01,-0.01,0.00,-60.46,32.37,36.55,0,0,0,
9344,90,90,0.19,9.61,0.69,0.01,-0.01,0.00,-61.05,32.21,36.50,0,0,0,
9356,90,89,0.19,9.61,0.69,0.01,-0.01,0.00,-60.01,32.30,36.41,0,0,0,
9363,90,89,0.19,9.62,0.69,0.01,-0.01,0.00,-60.92,32.36,36.17,0,0,0,
9369,90,90,0.19,9.61,0.69,0.01,-0.01,0.00,-60.06,31.98,35.38,0,0,0,
9375,90,90,0.19,9.61,0.69,0.01,-0.01,0.00,-59.87,32.10,36.12,0,0,0,
9382,90,90,0.20,9.61,0.68,0.01,-0.01,0.00,-60.39,32.39,36.41,0,0,0,
9388,89,89,0.20,9.63,0.69,0.01,-0.01,0.00,-60.14,31.61,36.16,0,0,0,
9394,89,89,0.20,9.63,0.69,0.01,-0.01,0.00,-60.16,31.66,36.93,0,0,0,
9400,89,90,0.20,9.62,0.70,0.00,-0.01,0.00,-60.70,31.64,36.22,0,0,0,
9412,90,90,0.19,9.61,0.69,0.01,-0.01,0.00,-60.04,31.56,35.72,0,0,0,
9419,90,89,0.19,9.61,0.69,0.01,-0.01,0.00,-60.41,32.23,35.66,0,0,0,
9425,89,89,0.20,9.61,0.68,0.01,-0.01,0.00,-60.35,32.37,36.26,0,0,0,
9431,89,89,0.20,9.61,0.68,0.01,-0.01,0.00,-59.92,31.92,35.69,0,0,0,
9437,90,89,0.19,9.62,0.69,0.01,-0.01,0.00,-60.54,31.75,36.76,0,0,0,
9444,90,90,0.20,9.61,0.70,0.01,-0.01,0.00,-60.67,32.64,35.72,0,0,0,
9450,90,90,0.20,9.61,0.70,0.01,-0.01,0.00,-60.14,31.80,35.75,0,0,0,
9461,90,89,0.19,9.62,0.69,0.01,-0.01,0.00,-60.60,33.12,37.26,0,0,0,
9474,90,90,0.20,9.61,0.68,0.01,-0.01,0.00,-60.68,32.29,37.40,0,0,0,
9482,90,89,0.19,9.61,0.70,0.01,-0.01,0.00,-60.41,33.05,37.80,0,0,0,
9488,90,89,0.19,9.61,0.70,0.01,-0.01,0.00,-60.63,32.10,36.55,0,0,0,
9494,90,89,0.19,9.61,0.70,0.01,-0.01,0.00,-60.27,31.92,36.95,0,0,0,
9500,90,89,0.19,9.61,0.69,0.01,-0.01,0.00,-60.04,32.59,37.12,0,0,0,
9507,89,90,0.20,9.61,0.69,0.01,-0.01,0.00,-59.97,32.59,37.50,0,0,0,
9513,89,90,0.20,9.61,0.69,0.01,-0.01,0.00,-60.30,32.08,37.40,0,0,0,
9525,90,89,0.20,9.61,0.70,0.01,-0.01,0.00,-60.35,32.27,36.22,0,0,0,
9531,90,89,0.20,9.61,0.70,0.01,-0.01,0.00,-59.95,31.89,36.23,0,0,0,
9537,90,90,0.19,9.59,0.69,0.01,-0.01,0.00,-59.87,31.76,37.09,0,0,0,
9544,90,89,0.19,9.61,0.69,0.00,-0.01,0.00,-60.19,32.61,36.38,0,0,0,
9550,90,89,0.19,9.61,0.69,0.00,-0.01,0.00,-59.85,32.30,36.13,0,0,0,
9556,89,89,0.20,9.62,0.69,0.01,-0.01,0.00,-60.49,32.62,36.96,0,0,0,
9562,90,89,0.19,9.61,0.69,0.01,-0.01,0.00,-61.27,32.91,36.12,0,0,0,
9573,89,90,0.20,9.61,0.70,0.00,-0.01,0.00,-60.01,31.45,37.53,0,0,0,
9580,90,89,0.19,9.62,0.69,0.00,-0.01,0.00,-60.65,32.29,37.05,0,0,0,
9586,90,89,0.19,9.62,0.69,0.01,-0.01,0.00,-60.06,32.46,36.09,0,0,0,
9592,90,89,0.18,9.61,0.69,0.01,-0.01,0.00,-59.56,31.57,35.85,0,0,0,
9599,90,89,0.19,9.61,0.69,0.01,-0.01,0.00,-60.46,32.20,36.79,0,0,0,
9605,90,89,0.19,9.61,0.69,0.01,-0.01,0.00,-60.08,32.27,36.26,0,0,0,
9612,90,89,0.19,9.61,0.69,0.01,-0.01,0.00,-56.47,31.18,36.60,0,0,0,
9618,89,90,0.20,9.61,0.69,0.01,-0.01,0.00,-61.03,31.67,35.90,0,0,0,
9628,90,89,0.19,9.61,0.70,0.01,-0.01,0.00,-60.52,31.92,36.19,0,0,0,
9642,90,89,0.19,9.61,0.69,0.01,-0.01,0.00,-60.61,32.61,37.17,0,0,0,
9649,89,89,0.20,9.62,0.69,0.01,-0.01,0.00,-60.51,31.96,35.60,0,0,0,
9654,89,90,0.20,9.61,0.68,0.01,-0.01,0.00,-60.45,31.85,35.88,0,0,0,
9660,89,90,0.20,9.61,0.68,0.01,-0.01,0.00,-60.76,33.08,37.52,0,0,0,
9667,90,90,0.20,9.61,0.70,0.01,-0.01,0.00,-60.19,31.96,37.21,0,0,0,
9673,90,89,0.19,9.62,0.69,0.01,-0.01,0.00,-60.08,32.49,36.96,0,0,0,
9685,90,89,0.19,9.62,0.68,0.01,-0.01,0.00,-60.23,32.62,37.23,0,0,0,
9691,90,89,0.19,9.61,0.67,0.01,-0.01,0.00,-60.22,31.77,36.89,0,0,0,
9697,90,89,0.19,9.61,0.67,0.01,-0.01,0.00,-60.16,32.94,37.45,0,0,0,
9704,90,89,0.19,9.62,0.70,0.01,-0.01,0.00,-60.22,32.90,35.95,0,0,0,
9710,90,89,0.19,9.62,0.69,0.01,-0.01,0.00,-60.73,32.55,36.67,0,0,0,
9716,90,89,0.19,9.62,0.69,0.01,-0.01,0.00,-60.04,31.88,37.08,0,0,0,
9722,89,89,0.20,9.62,0.69,0.01,-0.01,0.00,-60.32,32.39,37.24,0,0,0,
9733,89,90,0.21,9.62,0.69,0.01,-0.01,0.00,-60.22,32.11,36.95,0,0,0,
9740,90,90,0.20,9.61,0.68,0.01,-0.01,0.00,-60.82,32.93,37.34,0,0,0,
9746,90,90,0.20,9.61,0.68,0.01,-0.01,0.00,-60.64,32.49,37.43,0,0,0,
9751,89,89,0.20,9.62,0.69,0.01,-0.01,0.00,-60.32,31.76,36.64,0,0,0,
9758,90,89,0.19,9.61,0.69,0.01,-0.01,0.00,-60.71,32.70,36.42,0,0,0,
9764,90,89,0.19,9.61,0.68,0.01,-0.01,0.00,-60.27,32.43,36.95,0,0,0,
9770,90,89,0.19,9.62,0.68,0.01,-0.01,0.00,-60.63,31.85,36.45,0,0,0,
9776,90,90,0.20,9.60,0.68,0.01,-0.01,0.00,-60.33,32.34,36.76,0,0,0,
9788,90,89,0.19,9.60,0.69,0.01,-0.01,0.00,-60.20,32.74,36.63,0,0,0,
9801,90,89,0.19,9.61,0.70,0.00,-0.01,0.00,-60.64,33.66,36.67,0,0,0,
9808,89,89,0.20,9.61,0.68,0.00,-0.01,0.00,-60.46,32.29,37.02,0,0,0,
9814,90,89,0.19,9.61,0.70,0.01,-0.01,0.00,-60.41,31.98,36.12,0,0,0,
9820,90,89,0.19,9.61,0.70,0.01,-0.01,0.00,-61.33,32.67,35.79,0,0,0,
9827,90,89,0.19,9.61,0.69,0.01,-0.01,0.00,-60.67,32.67,37.24,0,0,0,
9833,89,89,0.20,9.62,0.68,0.01,-0.01,0.00,-60.49,31.77,36.32,0,0,0,
9844,90,90,0.20,9.61,0.70,0.01,-0.01,0.00,-60.73,32.32,36.31,0,0,0,
9850,90,89,0.19,9.62,0.68,0.01,-0.01,0.00,-60.79,32.04,36.32,0,0,0,
9857,90,89,0.18,9.61,0.69,0.01,-0.01,0.00,-61.25,31.98,37.37,0,0,0,
9864,90,89,0.18,9.61,0.69,0.01,-0.01,0.00,-60.57,32.46,36.79,0,0,0,
9870,90,89,0.19,9.62,0.69,0.01,-0.01,0.00,-60.13,31.82,36.50,0,0,0,
9876,90,89,0.19,9.62,0.68,0.01,-0.01,0.00,-60.46,32.04,36.35,0,0,0,
9883,89,89,0.19,9.62,0.68,0.01,-0.01,0.00,-60.67,32.74,37.02,0,0,0,
9889,89,89,0.19,9.62,0.68,0.01,-0.01,0.00,-60.48,32.80,37.01,0,0,0,
9900,90,89,0.19,9.61,0.69,0.01,-0.01,0.00,-60.57,32.80,37.09,0,0,0,
9906,90,89,0.20,9.61,0.69,0.01,-0.01,0.00,-60.55,32.89,35.84,0,0,0,
9912,90,89,0.20,9.61,0.69,0.01,-0.01,0.00,-60.11,31.86,37.02,0,0,0,
9919,90,90,0.19,9.60,0.69,0.01,-0.01,0.00,-60.48,32.59,36.36,0,0,0,
9925,89,90,0.20,9.61,0.69,0.01,-0.01,0.00,-60.54,32.39,36.57,0,0,0,
9931,89,90,0.20,9.61,0.69,0.01,-0.01,0.00,-60.33,31.04,36.23,0,0,0,
9937,90,89,0.19,9.61,0.69,0.01,-0.01,0.00,-60.49,32.07,37.24,0,0,0,
9948,90,90,0.20,9.61,0.69,0.01,-0.01,0.00,-61.02,32.15,36.67,0,0,0,
9962,90,90,0.20,9.61,0.69,0.01,-0.01,0.00,-61.18,32.72,35.94,0,0,0,
9969,90,89,0.19,9.61,0.69,0.01,-0.01,0.00,-60.00,31.47,37.02,0,0,0,
9975,90,89,0.19,9.61,0.69,0.01,-0.01,0.00,-60.38,32.32,37.36,0,0,0,
9982,90,90,0.20,9.60,0.69,0.01,-0.01,0.00,-61.44,32.75,36.95,0,0,0,
9988,89,89,0.20,9.62,0.68,0.01,-0.01,0.00,-60.89,31.77,36.85,0,0,0,
9995,89,89,0.20,9.62,0.68,0.01,-0.01,0.00,-60.82,31.89,37.52,0,0,0,
10006,90,90,0.20,9.61,0.69,0.01,-0.01,0.00,-61.25,32.49,36.98,0,0,0,
10012,90,90,0.20,9.61,0.69,0.01,-0.01,0.00,-60.70,30.88,36.60,0,0,0,
10019,90,89,0.19,9.61,0.69,0.01,-0.01,0.00,-61.06,31.96,36.73,0,0,0,
10025,90,89,0.19,9.61,0.69,0.01,-0.01,0.00,-60.54,32.20,35.98,0,0,0,
10031,90,89,0.19,9.61,0.69,0.01,-0.01,0.00,-60.25,31.28,36.71,0,0,0,
10037,90,89,0.19,9.62,0.69,0.01,-0.01,0.00,-60.52,32.20,36.14,0,0,0,
10044,89,89,0.20,9.62,0.70,0.01,-0.01,0.00,-60.39,32.20,36.10,0,0,0,
10050,89,89,0.20,9.62,0.70,0.01,-0.01,0.00,-60.22,31.31,35.84,0,0,0,
10062,90,89,0.19,9.61,0.69,0.01,-0.01,0.00,-60.39,33.12,36.45,0,0,0,
10068,90,89,0.19,9.61,0.69,0.01,-0.01,0.00,-60.52,32.05,36.03,0,0,0,
10075,90,90,0.19,9.60,0.68,0.01,-0.01,0.00,-60.42,32.23,36.23,0,0,0,
10081,89,90,0.20,9.62,0.69,0.01,-0.01,0.00,-60.33,33.08,36.98,0,0,0,
10087,89,90,0.20,9.62,0.69,0.01,-0.01,0.00,-60.04,31.80,36.39,0,0,0,
10093,89,89,0.20,9.62,0.70,0.01,-0.01,0.00,-60.13,32.10,36.76,0,0,0,
10100,90,89,0.19,9.61,0.69,0.01,-0.01,0.00,-60.93,32.37,36.60,0,0,0,
10112,90,90,0.20,9.61,0.69,0.01,-0.01,0.00,-60.33,31.45,36.80,0,0,0,
10124,90,89,0.19,9.61,0.69,0.01,-0.01,0.00,-60.52,32.59,36.58,0,0,0,
10131,89,89,0.19,9.62,0.68,0.01,-0.01,0.00,-60.14,31.58,36.26,0,0,0,
10137,90,90,0.19,9.60,0.69,0.01,-0.01,0.00,-60.73,32.23,36.85,0,0,0,
10144,90,90,0.19,9.60,0.69,0.01,-0.01,0.00,-60.55,31.72,35.79,0,0,0,
10150,90,90,0.19,9.61,0.69,0.01,-0.01,0.00,-60.46,31.67,36.42,0,0,0,
10163,90,90,0.20,9.60,0.68,0.01,-0.01,0.00,-60.61,31.99,36.83,0,0,0,
10258,89,89,0.19,9.62,0.68,0.01,-0.01,0.00,-60.29,32.32,36.54,0,0,0,
10265,89,89,0.20,9.62,0.69,0.01,-0.01,0.00,-59.73,32.07,35.81,0,0,0,
10271,89,89,0.20,9.62,0.69,0.01,-0.01,0.00,-59.79,31.29,37.09,0,0,0,
10277,90,90,0.18,9.60,0.69,0.01,-0.01,0.00,-59.98,32.07,36.25,0,0,0,
10283,90,90,0.20,9.61,0.69,0.01,-0.01,0.00,-60.30,32.62,36.13,0,0,0,
10289,90,90,0.20,9.61,0.69,0.01,-0.01,0.00,-59.87,32.05,36.26,0,0,0,
10295,90,89,0.18,9.62,0.69,0.01,-0.01,0.00,-59.88,32.45,36.55,0,0,0,
10301,90,89,0.18,9.61,0.68,0.01,-0.01,0.00,-60.35,32.64,37.01,0,0,0,
10312,90,90,0.20,9.61,0.69,0.01,-0.01,0.00,-59.97,32.04,36.76,0,0,0,
10319,90,90,0.20,9.61,0.69,0.01,-0.01,0.00,-60.10,32.53,36.76,0,0,0,
10326,90,89,0.18,9.60,0.69,0.01,-0.01,0.00,-60.39,32.42,37.18,0,0,0,
10332,89,89,0.20,9.62,0.70,0.01,-0.01,0.00,-59.27,31.79,37.18,0,0,0,
10338,89,89,0.20,9.62,0.70,0.01,-0.01,0.00,-59.92,32.37,36.96,0,0,0,
10344,90,89,0.19,9.61,0.70,0.01,-0.01,0.00,-60.14,32.34,33.73,0,0,0,
10351,90,90,0.20,9.61,0.69,0.01,-0.01,0.00,-56.17,31.67,36.33,0,0,0,
10362,89,90,0.20,9.62,0.69,0.01,-0.01,0.00,-60.74,32.96,37.65,0,0,0,
10368,90,90,0.20,9.60,0.70,0.01,-0.01,0.00,-60.11,32.21,36.01,0,0,0,
10374,90,90,0.20,9.60,0.70,0.01,-0.01,0.00,-60.13,31.58,36.44,0,0,0,
10381,90,90,0.19,9.61,0.70,0.01,-0.01,0.00,-61.08,32.90,36.06,0,0,0,
10387,90,90,0.19,9.60,0.69,0.00,-0.01,0.00,-60.51,32.37,36.79,0,0,0,
10393,90,90,0.19,9.60,0.69,0.00,-0.01,0.00,-60.13,31.60,35.71,0,0,0,
10406,89,89,0.20,9.62,0.68,0.01,-0.01,0.00,-60.16,32.27,36.90,0,0,0,
10419,89,90,0.20,9.61,0.70,0.01,-0.01,0.00,-61.17,31.95,36.45,0,0,0,
10426,90,89,0.18,9.62,0.70,0.01,-0.01,0.00,-60.51,32.14,36.32,0,0,0,
10432,89,89,0.20,9.62,0.70,0.01,-0.01,0.00,-60.06,31.38,36.73,0,0,0,
10438,89,89,0.20,9.62,0.70,0.01,-0.01,0.00,-60.89,32.32,36.86,0,0,0,
10444,89,90,0.21,9.61,0.68,0.01,-0.01,0.00,-60.42,32.55,36.76,0,0,0,
10451,90,90,0.19,9.60,0.70,0.01,-0.01,0.00,-60.71,31.57,35.60,0,0,0,
10457,90,90,0.19,9.60,0.70,0.01,-0.01,0.00,-60.77,32.37,36.50,0,0,0,
10463,89,89,0.19,9.63,0.69,0.01,-0.01,0.00,-60.32,32.37,36.04,0,0,0,
10474,90,89,0.18,9.61,0.70,0.01,-0.01,0.00,-60.42,31.66,36.12,0,0,0,
10481,90,90,0.19,9.60,0.69,0.01,-0.01,0.00,-60.26,32.33,36.36,0,0,0,
10487,90,90,0.20,9.61,0.68,0.01,-0.01,0.00,-60.00,31.48,36.23,0,0,0,
10493,90,90,0.20,9.61,0.68,0.01,-0.01,0.00,-60.55,31.91,35.84,0,0,0,
10499,90,90,0.19,9.60,0.69,0.01,-0.01,0.00,-60.84,32.53,36.58,0,0,0,
10506,89,89,0.19,9.62,0.69,0.01,-0.01,0.00,-60.76,32.21,36.44,0,0,0,
10512,89,89,0.19,9.62,0.69,0.01,-0.01,0.00,-60.35,31.54,35.78,0,0,0,
10524,90,89,0.19,9.61,0.69,0.01,-0.01,0.00,-60.32,32.05,36.41,0,0,0,
10530,90,89,0.19,9.61,0.69,0.01,-0.01,0.00,-60.20,32.43,35.84,0,0,0,
10536,90,90,0.20,9.61,0.70,0.01,-0.01,0.00,-60.44,32.21,36.57,0,0,0,
10543,90,90,0.20,9.61,0.69,0.01,-0.01,0.00,-60.44,32.43,36.28,0,0,0,
10549,90,90,0.20,9.61,0.69,0.01,-0.01,0.00,-60.70,31.92,36.14,0,0,0,
10555,90,89,0.19,9.61,0.69,0.01,-0.01,0.00,-60.55,32.32,36.39,0,0,0,
10568,90,90,0.20,9.60,0.69,0.01,-0.01,0.00,-60.25,32.29,36.36,0,0,0,
10580,90,89,0.19,9.61,0.68,0.01,-0.01,0.00,-60.83,32.58,37.12,0,0,0,
10587,90,89,0.19,9.61,0.68,0.01,-0.01,0.00,-60.70,32.10,36.19,0,0,0,
10593,90,90,0.20,9.61,0.69,0.01,-0.01,0.00,-60.07,31.67,36.52,0,0,0,
10599,90,89,0.19,9.61,0.70,0.01,-0.01,0.00,-60.73,32.46,36.31,0,0,0,
10606,90,89,0.19,9.61,0.70,0.01,-0.01,0.00,-60.13,31.89,35.74,0,0,0,
10612,90,89,0.18,9.61,0.69,0.01,-0.01,0.00,-61.01,31.60,36.23,0,0,0,
10618,90,90,0.19,9.60,0.68,0.01,-0.01,0.00,-60.64,32.32,36.14,0,0,0,
10624,90,90,0.19,9.60,0.68,0.01,-0.01,0.00,-60.20,32.04,36.98,0,0,0,
10635,90,90,0.20,9.61,0.70,0.01,-0.01,0.00,-60.64,32.45,36.50,0,0,0,
10642,90,90,0.20,9.61,0.70,0.01,-0.01,0.00,-60.61,32.56,37.81,0,0,0,
10648,90,89,0.19,9.61,0.70,0.01,-0.01,0.00,-60.98,32.27,35.97,0,0,0,
10654,90,89,0.17,9.62,0.70,0.01,-0.01,0.00,-60.79,32.42,36.90,0,0,0,
10660,90,89,0.17,9.62,0.70,0.01,-0.01,0.00,-60.87,32.59,36.70,0,0,0,
10667,89,90,0.20,9.61,0.68,0.01,-0.01,0.00,-60.39,32.26,35.59,0,0,0,
10673,89,90,0.20,9.61,0.69,0.01,-0.01,0.00,-60.54,32.08,35.87,0,0,0,
10686,90,90,0.19,9.61,0.70,0.01,-0.01,0.00,-60.58,32.59,36.07,0,0,0,
10693,90,89,0.18,9.61,0.70,0.01,-0.01,0.00,-60.55,32.20,35.74,0,0,0,
10699,89,89,0.19,9.62,0.69,0.01,-0.01,0.00,-60.51,32.23,36.80,0,0,0,
10705,89,89,0.19,9.62,0.69,0.01,-0.01,0.00,-60.45,32.30,36.14,0,0,0,
10712,89,90,0.20,9.61,0.69,0.01,-0.01,0.00,-60.03,31.51,35.91,0,0,0,
10725,89,90,0.21,9.61,0.70,0.01,-0.01,0.00,-60.16,31.85,35.57,0,0,0,
10731,90,90,0.20,9.60,0.69,0.01,-0.01,0.00,-60.76,31.54,36.39,0,0,0,
10742,90,89,0.19,9.61,0.69,0.01,-0.01,0.00,-61.31,32.49,36.10,0,0,0,
10748,90,89,0.19,9.61,0.70,0.00,-0.01,0.00,-60.99,32.42,35.78,0,0,0,
10755,90,89,0.19,9.61,0.70,0.01,-0.01,0.00,-60.82,32.27,36.74,0,0,0,
10761,90,89,0.19,9.61,0.70,0.01,-0.01,0.00,-61.34,32.56,36.07,0,0,0,
10767,90,90,0.19,9.60,0.69,0.00,-0.01,0.00,-60.82,32.01,36.00,0,0,0,
10773,89,89,0.19,9.62,0.69,0.00,-0.01,0.00,-60.39,32.32,36.26,0,0,0,
10780,89,89,0.19,9.62,0.69,0.01,-0.01,0.00,-61.05,32.55,36.33,0,0,0,
10786,90,89,0.19,9.61,0.68,0.01,-0.01,0.00,-61.02,31.51,35.97,0,0,0,
10798,90,89,0.19,9.62,0.69,0.01,-0.01,0.00,-60.46,32.11,35.88,0,0,0,
10804,90,89,0.19,9.61,0.69,0.01,-0.01,0.00,-60.76,31.73,36.64,0,0,0,
10811,90,90,0.20,9.60,0.70,0.01,-0.01,0.00,-60.11,31.77,35.53,0,0,0,
10817,90,90,0.20,9.60,0.70,0.01,-0.01,0.00,-60.55,32.02,36.23,0,0,0,
10823,89,90,0.20,9.61,0.70,0.01,-0.01,0.00,-60.55,32.14,35.41,0,0,0,
10829,90,89,0.19,9.61,0.69,0.01,-0.01,0.00,-61.03,31.28,36.29,0,0,0,
10836,90,89,0.19,9.61,0.69,0.01,-0.01,0.00,-60.42,32.40,36.12,0,0,0,
10847,89,90,0.20,9.61,0.69,0.01,-0.01,0.00,-60.36,32.29,35.75,0,0,0,
10854,89,90,0.20,9.61,0.69,0.01,-0.01,0.00,-60.79,32.42,36.06,0,0,0,
10860,90,89,0.19,9.61,0.69,0.01,-0.01,0.00,-61.39,32.94,37.07,0,0,0,
10866,90,90,0.20,9.60,0.69,0.01,-0.01,0.00,-60.35,32.32,35.82,0,0,0,
10879,89,89,0.18,9.63,0.68,0.01,-0.01,0.00,-60.92,33.05,36.82,0,0,0,
10886,90,90,0.21,9.60,0.68,0.01,-0.01,0.00,-60.46,32.13,36.12,0,0,0,
10892,90,90,0.21,9.60,0.68,0.01,-0.01,0.00,-60.44,32.29,35.95,0,0,0,
10904,90,90,0.20,9.61,0.70,0.01,-0.01,0.00,-60.20,32.42,36.52,0,0,0,
10911,90,90,0.20,9.61,0.70,0.01,-0.01,0.00,-60.22,31.75,37.15,0,0,0,
10917,89,89,0.19,9.63,0.69,0.01,-0.01,0.00,-60.60,32.07,36.93,0,0,0,
10923,90,89,0.19,9.62,0.68,0.01,-0.01,0.00,-61.33,32.84,35.49,0,0,0,
10929,90,89,0.19,9.62,0.68,0.01,-0.01,0.00,-60.70,32.62,35.90,0,0,0,
10936,90,90,0.20,9.61,0.69,0.01,-0.01,0.00,-60.63,32.23,35.81,0,0,0,
10942,89,89,0.20,9.62,0.70,0.01,-0.01,0.00,-60.52,32.34,36.14,0,0,0,
10953,90,90,0.19,9.59,0.69,0.01,-0.01,0.00,-60.32,32.67,36.22,0,0,0,
10960,90,89,0.19,9.62,0.69,0.01,-0.01,0.00,-60.79,32.84,36.33,0,0,0,
10966,90,89,0.19,9.62,0.69,0.01,-0.01,0.00,-60.52,32.70,36.10,0,0,0,
10973,89,90,0.21,9.61,0.69,0.01,-0.01,0.00,-60.76,32.39,37.09,0,0,0,
10979,90,90,0.20,9.61,0.69,0.01,-0.01,0.00,-61.33,32.45,37.21,0,0,0,
10985,90,90,0.20,9.61,0.69,0.01,-0.01,0.00,-61.06,32.90,36.20,0,0,0,
10991,89,89,0.19,9.63,0.70,0.01,-0.01,0.00,-60.27,31.64,35.52,0,0,0,
10998,90,89,0.19,9.61,0.69,0.01,-0.01,0.00,-60.67,31.94,36.74,0,0,0,
11009,90,89,0.19,9.62,0.68,0.01,-0.01,0.00,-60.33,31.77,36.19,0,0,0,
11015,89,89,0.20,9.62,0.68,0.01,-0.01,0.00,-60.71,31.69,35.49,0,0,0,
11021,89,89,0.20,9.62,0.68,0.01,-0.01,0.00,-61.20,32.91,35.98,0,0,0,
11028,89,90,0.20,9.61,0.69,0.01,-0.01,0.00,-60.63,31.48,35.49,0,0,0,
11042,89,89,0.20,9.61,0.69,0.01,-0.01,0.00,-61.15,32.49,36.28,0,0,0,
11048,89,89,0.20,9.61,0.69,0.01,-0.01,0.00,-60.61,32.43,36.23,0,0,0,
11054,90,90,0.19,9.60,0.68,0.01,-0.01,0.00,-60.76,32.39,36.67,0,0,0,
11065,90,89,0.19,9.61,0.69,0.01,-0.01,0.00,-60.35,32.67,36.64,0,0,0,
11073,90,90,0.20,9.61,0.69,0.01,-0.01,0.00,-60.89,31.96,36.09,0,0,0,
11079,89,89,0.19,9.62,0.69,0.01,-0.01,0.00,-61.11,32.46,36.76,0,0,0,
11085,89,89,0.19,9.62,0.69,0.01,-0.01,0.00,-60.49,32.30,36.06,0,0,0,
11090,90,89,0.19,9.61,0.69,0.01,-0.01,0.00,-60.19,31.82,36.63,0,0,0,
11097,90,89,0.18,9.60,0.69,0.01,-0.01,0.00,-60.52,32.07,35.81,0,0,0,
11103,90,89,0.18,9.60,0.69,0.01,-0.01,0.00,-60.92,32.56,36.39,0,0,0,
11114,90,90,0.19,9.60,0.69,0.01,-0.01,0.00,-60.20,32.17,35.95,0,0,0,
11120,89,89,0.20,9.62,0.69,0.01,-0.01,0.00,-61.14,32.80,37.12,0,0,0,
11127,90,89,0.18,9.61,0.69,0.01,-0.01,0.00,-60.19,32.40,36.38,0,0,0,
11133,90,89,0.18,9.61,0.69,0.01,-0.01,0.00,-60.29,32.10,36.14,0,0,0,
11139,90,89,0.18,9.61,0.70,0.01,-0.01,0.00,-60.89,33.18,36.23,0,0,0,
11145,89,90,0.20,9.61,0.69,0.01,-0.01,0.00,-60.86,32.68,36.39,0,0,0,
11152,89,90,0.20,9.61,0.68,0.01,-0.01,0.00,-60.95,31.98,36.80,0,0,0,
11158,89,89,0.20,9.62,0.68,0.01,-0.01,0.00,-60.25,32.24,36.96,0,0,0,
11169,89,90,0.20,9.61,0.68,0.01,-0.01,0.00,-60.55,31.92,37.49,0,0,0,
11176,90,90,0.20,9.61,0.70,0.01,-0.01,0.00,-60.35,32.36,35.24,0,0,0,
11182,90,89,0.18,9.61,0.69,0.01,-0.01,0.00,-60.92,32.39,36.76,0,0,0,
11189,90,89,0.18,9.61,0.69,0.01,-0.01,0.00,-61.05,31.99,36.38,0,0,0,
11201,90,89,0.19,9.61,0.68,0.01,-0.01,0.00,-61.06,32.18,38.53,0,0,0,
11207,90,89,0.19,9.61,0.69,0.01,-0.01,0.00,-60.86,32.53,36.71,0,0,0,
11213,90,90,0.20,9.60,0.69,0.01,-0.01,0.00,-60.82,32.14,36.38,0,0,0,
11225,90,90,0.20,9.60,0.70,0.01,-0.01,0.00,-60.71,31.73,36.61,0,0,0,
11232,90,89,0.19,9.61,0.69,0.01,-0.01,0.00,-60.63,32.05,36.96,0,0,0,
11238,89,89,0.20,9.62,0.68,0.01,-0.01,0.00,-60.70,31.92,37.28,0,0,0,
11244,89,89,0.20,9.63,0.69,0.01,-0.01,0.00,-60.61,32.74,36.20,0,0,0,
11251,89,89,0.20,9.63,0.69,0.01,-0.01,0.00,-60.61,32.07,36.14,0,0,0,
11258,90,90,0.20,9.60,0.69,0.01,-0.01,0.00,-61.08,31.82,36.86,0,0,0,
11264,90,90,0.19,9.60,0.69,0.01,-0.01,0.00,-60.58,32.56,36.80,0,0,0,
11275,90,89,0.19,9.61,0.70,0.01,-0.01,0.00,-61.53,32.15,36.66,0,0,0,
11281,90,89,0.19,9.61,0.68,0.01,-0.01,0.00,-61.11,32.61,36.57,0,0,0,
11288,89,90,0.20,9.61,0.68,0.01,-0.01,0.00,-60.80,32.13,36.06,0,0,0,
11294,90,89,0.19,9.61,0.69,0.01,-0.01,0.00,-60.74,32.42,36.92,0,0,0,
11300,90,90,0.19,9.61,0.70,0.01,-0.01,0.00,-61.49,33.15,36.64,0,0,0,
11306,90,90,0.19,9.61,0.70,0.00,-0.01,0.00,-60.95,32.40,36.85,0,0,0,
11313,90,89,0.19,9.61,0.70,0.01,-0.01,0.00,-60.60,32.36,36.28,0,0,0,
11319,90,89,0.18,9.62,0.69,0.01,-0.01,0.00,-60.89,32.20,36.44,0,0,0,
11330,90,90,0.20,9.61,0.68,0.01,-0.01,0.00,-60.60,31.12,35.36,0,0,0,
11337,90,90,0.20,9.61,0.68,0.01,-0.01,0.00,-60.86,32.23,35.94,0,0,0,
11344,89,89,0.20,9.63,0.69,0.01,-0.01,0.00,-60.98,31.98,36.29,0,0,0,
11357,90,90,0.19,9.60,0.69,0.01,-0.01,0.00,-60.64,32.62,36.38,0,0,0,
11364,90,90,0.19,9.60,0.69,0.01,-0.01,0.00,-60.76,32.48,36.64,0,0,0,
11370,90,89,0.19,9.62,0.69,0.01,-0.01,0.00,-60.61,31.35,36.38,0,0,0,
11376,90,90,0.19,9.61,0.68,0.01,-0.01,0.00,-60.58,32.11,36.28,0,0,0,
11388,90,90,0.20,9.61,0.70,0.01,-0.01,0.00,-61.03,32.62,36.42,0,0,0,
11394,90,89,0.19,9.61,0.70,0.01,-0.01,0.00,-60.46,32.27,36.55,0,0,0,
11400,90,89,0.19,9.61,0.70,0.01,-0.01,0.00,-60.98,32.43,36.98,0,0,0,
11406,90,89,0.19,9.61,0.67,0.01,-0.01,0.00,-60.55,31.88,36.01,0,0,0,
11413,90,89,0.19,9.61,0.69,0.01,-0.01,0.00,-60.71,31.85,36.57,0,0,0,
11419,90,89,0.19,9.61,0.69,0.01,-0.01,0.00,-60.96,32.87,37.30,0,0,0,
11425,90,90,0.19,9.61,0.69,0.01,-0.01,0.00,-60.19,32.20,35.81,0,0,0,
11437,90,89,0.18,9.61,0.69,0.01,-0.01,0.00,-61.08,31.99,36.95,0,0,0,
11444,90,89,0.19,9.61,0.69,0.01,-0.01,0.00,-60.89,32.36,36.71,0,0,0,
11450,90,89,0.18,9.61,0.70,0.01,-0.01,0.00,-59.94,31.47,35.68,0,0,0,
11456,90,89,0.18,9.61,0.70,0.01,-0.01,0.00,-60.54,31.75,36.63,0,0,0,
