Start of File
1470,96,83,0.52,8.89,-3.24,0.05,-0.02,0.04,-0.10,168.69,-49.58,0,0,0,
1477,89,85,1.05,9.14,-3.58,0.05,-0.02,0.04,-0.99,169.12,-49.77,0,0,0,
1483,89,85,1.05,9.14,-3.58,0.05,-0.02,0.05,-0.95,168.85,-49.94,0,0,0,
1489,86,92,1.63,8.95,-3.32,0.03,-0.04,0.02,-1.01,169.35,-49.53,0,0,0,
1495,86,92,1.63,8.95,-3.32,0.03,-0.04,0.02,-1.62,169.41,-49.77,0,0,0,
1502,85,96,1.88,8.82,-3.51,0.03,-0.02,0.01,-1.78,168.69,-50.38,0,0,0,
1508,84,95,1.89,8.94,-3.42,0.01,-0.02,0.01,-1.07,168.90,-50.15,0,0,0,
1514,84,95,1.89,8.94,-3.42,0.01,-0.02,0.01,-1.53,168.87,-49.66,0,0,0,
1524,89,91,1.38,8.88,-3.38,-0.01,-0.01,0.01,-1.42,169.01,-50.07,0,0,0,
1530,89,91,1.38,8.88,-3.38,-0.02,-0.02,0.01,-1.58,169.38,-49.91,0,0,0,
1536,88,89,1.31,8.98,-3.15,-0.02,-0.02,0.01,-2.00,169.19,-49.68,0,0,0,
1543,86,90,1.47,9.08,-3.25,-0.02,-0.02,0.01,-2.10,170.08,-50.31,0,0,0,
1548,86,90,1.47,9.08,-3.25,-0.02,-0.02,0.01,-1.65,169.20,-50.01,0,0,0,
1560,87,90,1.40,9.01,-3.07,-0.02,-0.01,0.01,-1.59,168.58,-50.32,0,0,0,
1568,87,90,1.40,9.01,-3.07,-0.02,-0.01,0.00,-1.90,168.77,-50.75,0,0,0,
1580,91,85,0.91,9.06,-3.04,-0.01,0.00,0.01,-1.78,169.23,-49.96,0,0,0,
1586,91,85,0.91,9.06,-3.04,-0.01,0.00,0.01,-2.38,169.01,-49.84,0,0,0,
1592,96,82,0.49,8.98,-3.15,0.00,0.00,0.05,-2.43,169.06,-49.97,0,0,0,
1597,92,83,0.76,9.10,-2.97,0.00,0.00,0.05,-3.30,168.84,-50.38,0,0,0,
1604,92,83,0.76,9.10,-2.97,0.01,-0.02,0.05,-3.95,169.00,-50.22,0,0,0,
1610,81,92,1.87,9.24,-2.83,0.02,-0.02,0.03,-4.52,169.75,-50.70,0,0,0,
1616,78,96,2.32,9.19,-3.09,0.02,-0.02,-0.28,-4.57,168.75,-50.58,0,0,0,
1627,90,86,1.07,9.04,-3.09,0.03,-0.04,-0.02,-4.43,169.47,-50.45,0,0,0,
1634,90,86,1.07,9.04,-3.09,0.03,-0.04,-0.02,-4.74,168.99,-51.27,0,0,0,
1640,93,85,0.84,8.93,-3.10,0.04,-0.03,0.01,-4.53,169.19,-50.39,0,0,0,
1646,91,91,1.23,8.73,-3.44,0.03,-0.05,0.04,-5.42,169.48,-50.54,0,0,0,
1652,91,91,1.23,8.73,-3.44,0.03,-0.05,0.04,-5.90,169.18,-51.27,0,0,0,
1658,83,92,1.79,9.15,-3.09,0.02,-0.08,0.03,-6.20,169.42,-51.56,0,0,0,
1664,98,93,1.03,8.25,-3.50,0.01,-0.09,-0.01,-6.96,170.01,-51.90,0,0,0,
1675,114,64,-1.46,8.94,-3.59,-0.03,-0.10,-0.07,-8.35,170.48,-52.02,0,0,0,
1682,102,92,0.75,8.04,-3.90,-0.10,-0.17,-0.11,-9.05,170.72,-51.75,0,0,0,
1687,102,92,0.75,8.04,-3.90,-0.10,-0.17,-0.11,-10.38,171.84,-52.95,0,0,0,
1694,105,112,1.65,6.76,-2.49,-0.15,-0.23,-0.24,-11.44,173.03,-53.67,0,0,0,
1700,92,60,-0.47,10.39,-3.37,-0.05,-0.23,-0.25,-12.86,173.72,-53.49,0,0,0,
1706,92,60,-0.47,10.39,-3.37,-0.05,-0.23,-0.25,-13.75,174.48,-53.26,0,0,0,
1712,74,101,2.78,9.11,-3.51,-0.03,-0.22,-0.18,-14.34,174.67,-52.76,0,0,0,
1731,67,94,2.78,9.92,-1.80,-0.04,-0.08,-0.02,-14.34,174.45,-52.59,0,0,0,
1738,77,106,2.89,8.67,-2.39,0.03,-0.03,-0.03,-14.85,174.61,-51.97,0,0,0,
1744,77,106,2.89,8.67,-2.39,0.03,-0.03,-0.03,-14.86,175.02,-52.37,0,0,0,
1750,68,101,3.12,9.41,-2.72,0.08,-0.03,-0.02,-14.66,175.12,-52.88,0,0,0,
1756,80,96,2.19,9.05,-3.43,0.10,-0.06,-0.01,-14.69,174.64,-53.07,0,0,0,
1762,80,96,2.19,9.05,-3.43,0.10,-0.06,-0.01,-14.78,174.42,-51.48,0,0,0,
1768,93,90,1.10,8.72,-3.91,0.10,-0.06,0.00,-15.20,174.47,-51.07,0,0,0,
1779,91,89,1.17,8.82,-3.80,0.08,-0.06,0.01,-14.73,174.79,-52.57,0,0,0,
1785,94,87,0.91,8.80,-3.59,0.05,-0.06,0.01,-14.70,174.83,-52.51,0,0,0,
1792,92,87,1.01,8.89,-3.48,0.05,-0.06,0.01,-14.00,174.26,-52.46,0,0,0,
1798,92,87,1.01,8.89,-3.48,0.03,-0.04,0.01,-14.60,174.12,-52.12,0,0,0,
1803,89,88,1.21,9.04,-3.43,0.00,-0.02,0.00,-14.57,174.51,-51.71,0,0,0,
1809,89,88,1.21,9.04,-3.43,0.00,-0.02,0.00,-14.54,174.82,-52.70,0,0,0,
1816,88,91,1.47,8.92,-3.16,-0.00,-0.02,0.00,-14.44,174.38,-51.87,0,0,0,
1827,86,89,1.48,9.10,-2.83,0.00,-0.02,0.00,-15.16,174.42,-52.08,0,0,0,
1833,86,89,1.43,9.12,-2.95,0.03,-0.03,0.00,-15.59,174.33,-52.22,0,0,0,
1839,88,89,1.36,8.98,-3.21,0.04,-0.04,0.01,-14.64,175.64,-52.62,0,0,0,
1845,88,89,1.36,8.98,-3.21,0.04,-0.04,0.01,-15.01,175.21,-53.17,0,0,0,
1851,89,89,1.23,8.96,-3.26,0.05,-0.05,0.01,-14.70,174.54,-52.21,0,0,0,
1857,91,87,1.05,8.94,-3.30,0.05,-0.04,0.01,-14.94,175.05,-51.78,0,0,0,
1863,91,87,1.05,8.94,-3.30,0.04,-0.04,0.01,-14.59,174.48,-52.86,0,0,0,
1874,90,88,1.19,8.94,-3.40,0.03,-0.02,0.00,-14.63,174.58,-51.87,0,0,0,
1881,88,89,1.32,8.98,-3.34,0.01,-0.01,-0.00,-14.48,174.70,-52.08,0,0,0,
1886,90,88,1.19,8.96,-3.44,0.00,-0.00,-0.00,-18.34,175.11,-52.40,0,0,0,
1892,90,88,1.19,8.96,-3.44,0.00,-0.00,-0.00,-14.72,173.87,-52.53,0,0,0,
1905,89,90,1.33,8.89,-3.58,-0.01,-0.01,0.00,-14.75,174.63,-51.61,0,0,0,
1912,90,88,1.20,8.97,-3.26,-0.02,-0.01,0.01,-14.60,175.17,-52.05,0,0,0,
1918,90,88,1.20,8.97,-3.26,-0.02,-0.01,0.01,-14.83,174.99,-51.89,0,0,0,
1930,90,89,1.23,8.90,-3.33,-0.02,-0.00,0.00,-14.48,175.68,-52.25,0,0,0,
1936,88,90,1.34,8.96,-3.43,-0.03,0.00,0.00,-14.44,175.07,-51.81,0,0,0,
1942,88,90,1.37,8.95,-3.26,-0.05,0.01,0.00,-14.19,174.95,-51.07,0,0,0,
1948,88,90,1.37,8.95,-2.96,-0.05,0.01,0.00,-14.24,174.64,-50.83,0,0,0,
1954,87,89,1.36,9.05,-2.96,-0.05,0.01,0.01,-14.81,174.98,-51.70,0,0,0,
1960,87,87,1.28,9.18,-2.74,-0.03,0.00,0.00,-14.16,175.42,-51.14,0,0,0,
1967,87,87,1.28,9.18,-2.74,-0.03,0.00,0.00,-14.12,175.34,-51.37,0,0,0,
1978,88,88,1.30,9.07,-2.84,0.01,-0.02,0.00,-14.67,175.31,-51.62,0,0,0,
1984,88,88,1.30,9.07,-2.84,0.01,-0.02,0.00,-14.70,175.69,-51.84,0,0,0,
1990,89,87,1.13,9.06,-3.15,0.02,-0.01,0.00,-13.45,175.84,-50.73,0,0,0,
1996,89,91,1.38,8.82,-3.67,0.02,0.00,-0.00,-14.26,175.94,-51.30,0,0,0,
2003,89,91,1.38,8.82,-3.67,0.02,0.00,-0.00,-13.72,175.94,-51.61,0,0,0,
2009,90,87,1.10,9.03,-3.22,0.00,0.01,0.00,-13.78,175.75,-52.21,0,0,0,
2014,88,91,1.42,8.92,-3.41,-0.00,-0.00,0.00,-13.37,176.21,-51.70,0,0,0,
2025,89,89,1.29,8.93,-3.37,-0.01,-0.00,0.00,-13.20,176.16,-51.78,0,0,0,
2032,88,90,1.37,8.98,-3.23,-0.01,-0.00,0.00,-13.88,176.25,-51.75,0,0,0,
2038,88,90,1.37,8.98,-3.23,-0.01,-0.00,0.00,-13.91,176.32,-51.94,0,0,0,
2044,88,87,1.23,9.08,-3.03,-0.01,-0.01,0.00,-13.88,176.85,-51.58,0,0,0,
2050,88,87,1.23,9.08,-3.03,-0.01,-0.01,0.00,-13.99,176.21,-51.49,0,0,0,
2057,89,88,1.19,9.01,-3.12,0.00,-0.01,0.01,-14.40,176.09,-50.91,0,0,0,
2063,88,89,1.31,9.00,-3.21,0.00,-0.00,0.00,-14.09,176.29,-50.94,0,0,0,
2074,89,90,1.36,8.93,-3.37,-0.00,-0.00,0.00,-13.58,176.38,-51.52,0,0,0,
2080,90,90,1.27,8.86,-3.58,-0.02,0.00,0.00,-13.69,176.41,-51.89,0,0,0,
2086,90,90,1.27,8.86,-3.58,-0.02,0.00,0.00,-14.10,179.13,-51.32,0,0,0,
2093,89,89,1.29,8.94,-3.36,-0.04,0.02,0.00,-14.35,175.93,-51.67,0,0,0,
2099,89,89,1.33,8.96,-3.05,-0.04,0.02,0.01,-14.25,176.29,-52.29,0,0,0,
2105,89,89,1.33,8.96,-3.05,-0.04,0.02,0.01,-14.35,176.47,-52.43,0,0,0,
2111,90,85,1.06,9.12,-2.99,-0.04,0.01,0.02,-14.35,176.26,-51.96,0,0,0,
2122,87,89,1.42,9.06,-2.91,-0.01,-0.02,0.05,-14.63,176.12,-51.65,0,0,0,
2135,87,89,1.44,9.06,-3.11,0.02,-0.03,0.01,-14.13,176.07,-52.03,0,0,0,
2142,87,89,1.44,9.06,-3.11,0.02,-0.03,0.01,-13.80,176.12,-52.57,0,0,0,
2148,89,88,1.17,9.02,-3.04,0.01,-0.01,0.01,-14.07,176.03,-52.10,0,0,0,
2154,88,88,1.32,9.06,-2.99,0.02,-0.01,0.01,-14.09,176.05,-52.09,0,0,0,
2160,88,88,1.32,9.06,-2.99,0.02,-0.01,0.01,-14.54,175.84,-51.70,0,0,0,
2166,89,88,1.25,9.04,-3.03,0.03,-0.02,0.01,-14.29,176.41,-52.12,0,0,0,
2177,90,89,1.21,8.87,-3.56,0.04,-0.03,0.02,-14.63,175.74,-51.96,0,0,0,
2183,94,87,0.87,8.79,-3.41,0.04,-0.03,0.04,-15.08,175.40,-52.47,0,0,0,
2190,85,92,1.66,9.03,-3.32,0.04,-0.06,0.08,-15.30,175.36,-52.41,0,0,0,
2196,85,92,1.66,9.03,-3.32,0.04,-0.06,0.08,-15.33,175.53,-52.05,0,0,0,
2202,85,90,1.51,9.13,-3.24,0.02,-0.07,0.07,-15.55,174.85,-53.38,0,0,0,
2207,85,90,1.51,9.13,-3.24,0.02,-0.07,0.07,-15.70,174.79,-51.89,0,0,0,
2214,87,87,1.24,9.18,-3.05,0.02,-0.05,0.03,-15.65,174.58,-52.48,0,0,0,
2220,88,89,1.32,8.99,-3.01,0.02,-0.04,0.01,-15.95,174.48,-51.61,0,0,0,
2233,86,91,1.55,8.97,-3.08,0.02,-0.04,0.00,-16.44,174.82,-52.75,0,0,0,
2240,88,88,1.28,9.01,-3.26,0.03,-0.04,-0.00,-16.46,174.55,-51.04,0,0,0,
2246,88,86,1.20,9.15,-2.99,0.04,-0.03,0.00,-15.90,174.48,-52.59,0,0,0,
2252,88,86,1.20,9.15,-2.99,0.04,-0.03,0.00,-16.19,175.04,-52.84,0,0,0,
2258,88,89,1.34,9.04,-3.12,0.05,-0.03,0.00,-15.81,174.25,-52.28,0,0,0,
2264,90,90,1.29,8.88,-3.38,0.05,-0.03,-0.00,-15.68,174.54,-52.21,0,0,0,
2270,90,90,1.29,8.88,-3.38,0.05,-0.03,-0.00,-16.21,173.94,-56.07,0,0,0,
2281,90,89,1.22,8.90,-3.45,0.04,-0.03,-0.00,-15.67,174.09,-51.91,0,0,0,
2287,89,90,1.30,8.90,-3.60,0.02,-0.03,-0.00,-15.65,174.47,-53.13,0,0,0,
2294,89,90,1.34,8.86,-3.61,0.00,-0.02,-0.00,-15.51,173.93,-52.98,0,0,0,
2300,89,90,1.34,8.86,-3.61,0.00,-0.02,-0.00,-16.08,173.52,-55.58,0,0,0,
2306,90,90,1.30,8.86,-3.41,-0.01,-0.01,0.00,-16.09,173.33,-52.51,0,0,0,
2312,87,89,1.35,9.06,-3.02,-0.01,-0.01,0.00,-16.02,174.32,-51.97,0,0,0,
2319,85,87,1.37,9.26,-2.63,-0.01,-0.01,0.00,-15.87,174.71,-52.70,0,0,0,
2337,86,88,1.40,9.17,-2.67,0.03,-0.03,0.00,-15.49,174.20,-53.00,0,0,0,
2344,86,88,1.40,9.17,-2.67,0.06,-0.03,0.00,-14.98,174.29,-52.47,0,0,0,
2349,86,88,1.38,9.15,-2.73,0.09,-0.04,-0.00,-14.69,173.82,-52.78,0,0,0,
2356,88,89,1.32,8.99,-3.34,0.09,-0.04,-0.00,-14.98,173.95,-52.46,0,0,0,
2362,88,89,1.32,8.99,-3.34,0.12,-0.05,-0.00,-14.97,173.53,-52.06,0,0,0,
2368,92,90,1.17,8.76,-3.80,0.10,-0.05,-0.00,-15.42,173.49,-51.84,0,0,0,
2374,92,90,1.17,8.76,-3.80,0.10,-0.05,-0.00,-15.24,173.91,-52.70,0,0,0,
2385,93,90,1.11,8.71,-4.17,0.03,-0.04,0.00,-15.52,173.79,-51.94,0,0,0,
2392,93,90,1.11,8.71,-4.17,0.03,-0.04,0.00,-14.79,174.28,-51.64,0,0,0,
2398,89,91,1.38,8.86,-3.66,-0.00,-0.05,0.01,-15.24,174.12,-50.63,0,0,0,
2404,88,90,1.43,8.95,-3.16,-0.01,-0.04,0.01,-15.67,174.17,-51.24,0,0,0,
2410,88,90,1.43,8.95,-3.16,-0.01,-0.04,0.01,-15.07,174.32,-50.88,0,0,0,
2417,88,87,1.27,9.13,-2.94,-0.01,-0.02,0.00,-15.19,173.88,-51.27,0,0,0,
2422,86,88,1.39,9.21,-2.57,0.00,-0.00,-0.00,-15.57,173.79,-50.61,0,0,0,
2434,88,87,1.22,9.15,-2.86,0.03,-0.01,-0.00,-15.08,174.79,-51.14,0,0,0,
2440,92,87,1.01,8.95,-3.24,0.03,-0.01,-0.01,-14.97,175.02,-50.67,0,0,0,
2446,92,87,1.01,8.95,-3.24,0.04,-0.01,-0.01,-14.88,174.25,-51.62,0,0,0,
2452,91,82,0.82,9.23,-2.72,0.03,0.05,-0.02,-15.05,174.33,-50.07,0,0,0,
2458,83,88,1.55,9.32,-2.05,0.05,0.07,-0.03,-15.42,173.94,-50.57,0,0,0,
2464,83,88,1.55,9.32,-2.05,0.05,0.07,-0.03,-15.17,175.08,-50.45,0,0,0,
2471,88,92,1.51,8.88,-3.50,0.08,0.09,-0.04,-15.55,174.83,-49.99,0,0,0,
2489,83,91,1.77,9.19,-2.87,0.02,0.12,-0.05,-14.82,174.14,-50.96,0,0,0,
2496,84,94,1.82,8.93,-3.74,0.05,0.10,-0.04,-18.69,174.54,-50.44,0,0,0,
2502,84,94,1.82,8.93,-3.74,0.05,0.10,-0.04,-14.54,174.64,-50.31,0,0,0,
2508,90,94,1.50,8.62,-4.34,0.04,0.08,-0.04,-14.60,174.31,-50.51,0,0,0,
2514,95,88,0.92,8.66,-4.22,-0.00,0.07,-0.04,-15.13,173.94,-49.68,0,0,0,
2520,95,88,0.92,8.66,-4.22,-0.00,0.07,-0.04,-15.08,174.06,-50.39,0,0,0,
2526,94,86,0.88,8.84,-3.88,-0.02,0.04,-0.02,-14.41,174.03,-50.99,0,0,0,
2537,94,89,1.01,8.69,-4.02,-0.01,-0.01,0.00,-14.34,173.90,-51.11,0,0,0,
2544,93,90,1.08,8.68,-4.01,-0.03,-0.02,0.01,-14.63,174.32,-50.63,0,0,0,
2550,88,89,1.31,9.03,-3.13,-0.03,-0.02,0.01,-15.19,174.28,-50.95,0,0,0,
2556,88,89,1.31,9.03,-3.13,-0.06,-0.01,0.01,-14.92,174.45,-51.01,0,0,0,
2562,86,88,1.42,9.20,-2.67,-0.05,-0.01,0.01,-14.89,174.44,-50.26,0,0,0,
2569,85,88,1.48,9.22,-2.67,-0.05,-0.01,0.01,-14.43,174.23,-51.29,0,0,0,
2575,85,88,1.48,9.22,-2.67,-0.03,-0.00,0.00,-14.18,174.31,-50.10,0,0,0,
2586,82,91,1.74,9.23,-2.87,-0.00,-0.01,-0.00,-13.68,174.89,-50.23,0,0,0,
2592,91,86,0.99,9.00,-2.96,0.01,-0.01,-0.01,-13.81,174.28,-50.00,0,0,0,
2598,88,89,1.34,9.04,-3.14,0.03,-0.01,-0.01,-13.18,174.32,-50.57,0,0,0,
2604,88,89,1.34,9.04,-3.14,0.03,-0.01,-0.01,-13.55,174.31,-50.28,0,0,0,
2610,96,87,0.78,8.63,-3.44,0.04,-0.01,-0.01,-13.29,174.50,-49.65,0,0,0,
2616,90,90,1.28,8.88,-3.71,0.03,0.00,0.00,-12.92,174.90,-50.16,0,0,0,
2622,90,90,1.28,8.88,-3.71,0.03,0.00,0.00,-13.33,174.70,-50.41,0,0,0,
2633,88,87,1.23,9.07,-3.24,0.01,0.00,-0.00,-12.44,174.61,-50.64,0,0,0,
2640,87,89,1.39,9.04,-3.15,0.02,0.00,-0.01,-11.98,175.46,-51.15,0,0,0,
2652,88,90,1.44,8.96,-3.25,0.03,0.02,-0.02,-12.01,174.71,-50.03,0,0,0,
2658,88,90,1.44,8.96,-3.25,0.04,0.01,-0.02,-11.41,174.99,-49.91,0,0,0,
2664,83,94,1.90,8.99,-3.49,0.03,0.00,-0.01,-11.30,175.20,-49.99,0,0,0,
2670,89,90,1.29,8.90,-3.53,0.03,0.00,-0.01,-11.47,175.83,-51.04,0,0,0,
2676,89,90,1.31,8.90,-3.53,0.02,-0.00,-0.01,-12.03,175.78,-50.86,0,0,0,
2687,90,89,1.25,8.88,-3.58,0.01,-0.01,-0.00,-11.52,175.31,-50.89,0,0,0,
2694,89,90,1.29,8.91,-3.47,-0.00,-0.00,-0.00,-11.81,174.99,-50.51,0,0,0,
2700,90,89,1.20,8.91,-3.45,-0.01,-0.00,0.00,-11.12,175.53,-50.80,0,0,0,
2706,90,89,1.20,8.91,-3.45,-0.01,-0.00,0.00,-10.86,175.50,-50.61,0,0,0,
2712,90,89,1.23,8.95,-3.42,-0.02,-0.00,0.00,-10.70,174.88,-49.88,0,0,0,
2718,89,89,1.27,8.95,-3.33,-0.03,-0.00,0.01,-11.27,175.26,-50.75,0,0,0,
2725,89,89,1.27,8.95,-3.33,-0.03,-0.00,0.01,-11.44,175.58,-50.18,0,0,0,
2736,88,89,1.33,9.00,-3.29,-0.03,-0.00,0.00,-11.52,174.88,-51.40,0,0,0,
2742,88,89,1.33,9.00,-3.29,-0.03,-0.00,0.00,-11.28,174.82,-51.27,0,0,0,
2748,88,89,1.31,9.00,-3.21,-0.03,-0.00,0.00,-11.30,175.18,-51.04,0,0,0,
2755,88,89,1.29,9.01,-3.11,-0.03,-0.00,0.00,-11.68,175.46,-51.07,0,0,0,
2761,88,89,1.29,9.01,-3.11,-0.03,-0.00,0.00,-11.08,174.89,-51.32,0,0,0,
2767,89,88,1.22,9.01,-3.22,-0.02,-0.00,0.00,-11.37,174.95,-50.72,0,0,0,
2773,88,89,1.31,9.01,-3.23,-0.02,-0.01,0.00,-11.31,175.20,-51.17,0,0,0,
2784,88,89,1.29,9.01,-3.14,-0.00,-0.01,0.00,-10.68,174.61,-52.05,0,0,0,
2791,88,88,1.29,9.04,-3.11,-0.00,-0.01,0.00,-11.11,175.21,-51.62,0,0,0,
2797,88,88,1.29,9.04,-3.11,0.00,-0.01,0.00,-11.03,174.89,-51.53,0,0,0,
2809,89,89,1.30,8.99,-3.20,0.01,-0.01,0.00,-10.26,174.89,-50.07,0,0,0,
2816,89,89,1.26,8.99,-3.20,0.02,-0.01,0.00,-10.35,175.36,-50.86,0,0,0,
2823,89,89,1.31,8.98,-3.37,0.02,-0.01,0.00,-10.30,175.56,-51.20,0,0,0,
2828,89,89,1.26,8.92,-3.43,0.01,-0.01,0.00,-10.54,174.95,-51.65,0,0,0,
2840,89,89,1.29,8.95,-3.30,0.01,-0.01,0.00,-10.73,175.59,-51.45,0,0,0,
2846,89,89,1.29,9.00,-3.21,0.01,-0.01,0.00,-10.79,175.58,-50.53,0,0,0,
2853,88,89,1.30,9.00,-3.21,0.01,-0.01,0.00,-10.89,175.46,-51.78,0,0,0,
2859,88,89,1.35,9.01,-3.29,0.01,-0.01,0.00,-10.71,175.62,-50.38,0,0,0,
2865,88,89,1.35,8.97,-3.31,0.01,-0.01,0.00,-10.90,175.05,-50.83,0,0,0,
2870,88,89,1.34,8.97,-3.31,0.01,-0.01,-0.00,-10.87,175.08,-50.50,0,0,0,
2877,89,90,1.35,8.93,-3.23,0.01,-0.01,0.00,-10.48,175.24,-50.58,0,0,0,
2888,87,91,1.53,8.94,-3.30,0.01,-0.01,-0.00,-11.08,175.39,-50.57,0,0,0,
2894,88,91,1.45,8.92,-3.27,0.01,-0.00,-0.00,-10.58,174.12,-50.76,0,0,0,
2900,88,91,1.45,8.92,-3.27,0.01,-0.00,-0.00,-10.63,174.32,-50.61,0,0,0,
2906,91,88,1.10,8.94,-3.21,0.01,0.00,0.00,-10.52,173.87,-50.98,0,0,0,
2913,90,86,1.09,9.09,-3.36,0.02,-0.00,0.00,-11.44,173.81,-50.32,0,0,0,
2919,90,86,1.09,9.09,-3.36,0.02,-0.00,0.00,-11.01,173.98,-50.63,0,0,0,
2925,91,86,1.02,9.03,-3.41,0.01,-0.01,0.00,-10.36,173.71,-51.80,0,0,0,
2936,89,90,1.34,8.95,-3.28,0.00,-0.00,0.00,-11.22,173.21,-51.37,0,0,0,
2943,89,88,1.24,9.00,-3.25,0.01,-0.00,0.00,-11.41,173.41,-51.78,0,0,0,
2949,89,89,1.29,8.97,-3.32,0.01,-0.01,0.00,-10.89,173.33,-51.10,0,0,0,
2955,89,89,1.29,8.97,-3.32,0.01,-0.01,0.00,-11.01,173.09,-51.11,0,0,0,
2961,88,89,1.30,9.00,-3.21,0.01,-0.00,0.00,-11.41,173.40,-50.51,0,0,0,
2975,88,89,1.33,8.97,-3.28,0.01,-0.01,0.00,-11.68,174.36,-50.32,0,0,0,
2981,89,89,1.27,8.98,-3.37,0.01,-0.00,0.00,-11.30,172.87,-49.59,0,0,0,
2992,89,89,1.31,8.94,-3.29,0.01,-0.00,0.00,-11.22,173.00,-50.35,0,0,0,
2998,89,88,1.27,9.00,-3.25,0.00,-0.01,0.00,-11.49,173.94,-49.53,0,0,0,
3004,89,89,1.28,9.00,-3.27,0.00,-0.01,0.00,-10.90,173.57,-49.59,0,0,0,
3010,89,89,1.28,9.00,-3.27,0.01,-0.01,0.00,-11.68,173.31,-50.80,0,0,0,
3016,89,89,1.28,8.98,-3.27,0.01,-0.01,0.00,-11.63,173.30,-50.03,0,0,0,
3022,88,89,1.30,9.00,-3.22,0.01,-0.01,0.00,-12.06,173.33,-50.72,0,0,0,
3028,88,89,1.30,9.00,-3.22,0.01,-0.00,0.00,-11.50,173.78,-50.28,0,0,0,
3035,89,89,1.28,8.98,-3.32,0.01,-0.00,0.00,-11.30,173.46,-49.74,0,0,0,
3046,90,89,1.27,8.90,-3.42,0.00,0.00,0.00,-11.40,172.87,-50.82,0,0,0,
3052,88,90,1.37,8.96,-3.25,-0.01,0.01,0.00,-11.20,173.59,-50.50,0,0,0,
3057,88,90,1.37,8.96,-3.25,-0.01,0.01,0.00,-10.33,173.87,-49.93,0,0,0,
3064,88,87,1.24,9.10,-3.13,0.00,-0.00,0.00,-11.02,174.33,-50.60,0,0,0,
3070,90,89,1.27,8.89,-3.49,0.01,-0.01,0.00,-11.25,173.65,-50.32,0,0,0,
3076,90,89,1.27,8.89,-3.49,0.01,-0.01,0.00,-11.28,173.91,-50.57,0,0,0,
3081,89,88,1.23,8.99,-3.29,0.00,0.00,0.00,-11.15,173.37,-50.58,0,0,0,
3092,88,89,1.35,9.02,-3.11,0.00,-0.00,0.00,-10.83,173.27,-51.55,0,0,0,
3099,89,89,1.28,8.98,-3.36,0.01,-0.01,0.00,-10.90,172.68,-50.77,0,0,0,
3105,89,89,1.27,8.96,-3.26,0.01,0.30,0.00,-10.39,173.40,-50.64,0,0,0,
3111,89,89,1.27,8.96,-3.26,0.00,0.00,0.00,-14.31,172.60,-50.67,0,0,0,
3117,87,88,1.34,9.09,-3.00,0.01,0.00,0.00,-11.24,173.53,-50.91,0,0,0,
3124,90,89,1.26,8.92,-3.45,0.01,-0.00,0.00,-11.21,173.53,-51.01,0,0,0,
3137,89,89,1.27,8.96,-3.34,0.01,-0.00,0.00,-11.06,173.28,-49.99,0,0,0,
3148,89,89,1.29,8.97,-3.32,0.01,-0.00,0.00,-11.15,173.78,-50.09,0,0,0,
3154,89,89,1.26,8.97,-3.32,0.01,-0.00,0.00,-10.61,173.82,-51.37,0,0,0,
3161,88,89,1.33,8.99,-3.26,0.01,-0.00,0.00,-10.17,173.47,-50.47,0,0,0,
3167,88,89,1.33,8.99,-3.26,0.01,-0.00,0.00,-11.33,173.28,-50.69,0,0,0,
3173,89,89,1.30,8.97,-3.20,0.01,-0.00,0.00,-10.96,172.74,-50.39,0,0,0,
3179,89,89,1.30,8.97,-3.25,0.01,-0.00,0.00,-10.57,173.93,-49.25,0,0,0,
3185,88,88,1.27,9.03,-3.25,0.01,-0.00,0.00,-11.39,173.08,-49.81,0,0,0,
3197,88,89,1.31,9.02,-3.21,0.02,-0.00,0.00,-10.14,172.90,-50.26,0,0,0,
3203,89,89,1.30,8.95,-3.30,0.02,-0.00,0.00,-10.45,173.87,-50.98,0,0,0,
3209,89,89,1.31,8.96,-3.38,0.02,-0.01,0.00,-10.20,173.91,-50.75,0,0,0,
3215,89,89,1.31,8.96,-3.38,0.02,-0.01,0.00,-10.06,173.38,-50.28,0,0,0,
3222,89,90,1.30,8.89,-3.55,0.02,-0.01,0.00,-10.70,173.82,-49.77,0,0,0,
3227,90,89,1.27,8.89,-3.54,0.01,-0.01,0.00,-10.74,173.28,-50.16,0,0,0,
3233,90,89,1.27,8.89,-3.54,0.01,-0.01,0.00,-11.15,173.56,-49.82,0,0,0,
3244,88,89,1.33,9.00,-3.27,0.00,-0.01,0.00,-10.73,173.68,-49.53,0,0,0,
3251,88,89,1.33,9.00,-3.27,0.00,-0.01,0.00,-10.63,173.76,-50.26,0,0,0,
3257,90,89,1.26,8.92,-3.39,0.00,-0.01,0.00,-10.67,173.24,-49.69,0,0,0,
3263,89,89,1.31,8.96,-3.31,-0.00,-0.00,0.00,-10.95,173.59,-49.99,0,0,0,
3269,89,89,1.31,8.96,-3.31,-0.00,-0.00,0.00,-10.96,173.18,-50.98,0,0,0,
3273,88,88,1.31,9.06,-3.21,0.00,-0.01,0.00,-11.01,173.95,-50.20,0,0,0,
3280,88,88,1.31,9.06,-3.21,0.00,-0.01,0.00,-10.76,174.07,-50.15,0,0,0,
3299,88,89,1.32,8.98,-3.23,0.00,-0.01,0.00,-9.81,174.52,-50.39,0,0,0,
3305,88,89,1.34,8.96,-3.33,0.00,-0.01,0.00,-10.76,173.98,-51.05,0,0,0,
3311,89,88,1.21,8.99,-3.42,0.00,-0.01,0.00,-10.20,174.29,-50.35,0,0,0,
3317,89,88,1.21,8.99,-3.42,0.00,-0.01,0.00,-10.39,173.46,-50.32,0,0,0,
3324,88,89,1.33,8.98,-3.24,0.00,-0.01,0.00,-10.06,173.87,-50.25,0,0,0,
3330,90,89,1.25,8.92,-3.38,0.01,-0.01,0.00,-10.49,173.84,-50.48,0,0,0,
3336,90,89,1.25,8.92,-3.38,0.01,-0.01,0.00,-10.08,173.95,-51.14,0,0,0,
3347,88,89,1.32,9.00,-3.36,0.00,-0.01,0.00,-10.65,173.93,-50.22,0,0,0,
3354,88,89,1.32,9.00,-3.36,0.00,-0.01,0.00,-10.54,174.31,-49.50,0,0,0,
3360,88,88,1.30,9.04,-3.06,-0.00,-0.01,0.00,-10.57,174.03,-50.22,0,0,0,
3366,88,89,1.30,9.00,-3.28,0.01,-0.01,0.00,-10.14,174.09,-50.22,0,0,0,
3371,88,89,1.30,9.00,-3.28,0.01,-0.01,0.00,-10.32,173.59,-50.44,0,0,0,
3378,89,89,1.26,8.92,-3.40,0.01,-0.01,0.00,-10.68,173.95,-50.07,0,0,0,
3384,89,89,1.28,8.96,-3.38,0.00,-0.01,0.00,-10.57,174.47,-50.53,0,0,0,
3395,89,89,1.27,8.98,-3.33,-0.00,-0.01,0.00,-10.49,174.12,-51.75,0,0,0,
3401,89,88,1.25,8.99,-3.26,-0.00,-0.01,0.00,-10.55,174.14,-50.89,0,0,0,
3407,89,88,1.25,8.99,-3.26,-0.00,-0.01,0.00,-10.46,173.94,-50.95,0,0,0,
3414,88,89,1.32,8.99,-3.19,0.00,-0.01,0.00,-10.57,173.56,-50.63,0,0,0,
3419,88,89,1.32,8.99,-3.33,0.00,-0.01,0.00,-10.61,174.09,-51.07,0,0,0,
3425,89,89,1.29,8.99,-3.33,0.00,-0.01,0.00,-10.29,173.91,-50.61,0,0,0,
3431,89,89,1.31,8.97,-3.35,0.00,-0.01,0.00,-10.04,173.93,-51.77,0,0,0,
3442,89,89,1.28,8.99,-3.24,0.00,-0.01,0.00,-10.49,173.44,-51.05,0,0,0,
3455,90,88,1.20,8.94,-3.27,0.00,-0.01,0.00,-10.22,174.58,-51.77,0,0,0,
3461,88,89,1.37,9.03,-3.19,0.00,-0.01,0.00,-10.07,173.60,-51.07,0,0,0,
3467,88,89,1.30,9.02,-3.27,0.01,-0.01,0.00,-10.32,173.78,-51.26,0,0,0,
3474,88,89,1.30,9.02,-3.27,0.01,-0.01,0.00,-10.13,174.14,-51.01,0,0,0,
3480,90,89,1.25,8.90,-3.45,0.00,-0.01,0.00,-9.88,174.04,-50.94,0,0,0,
3485,90,89,1.25,8.93,-3.44,-0.00,-0.00,0.00,-10.01,174.07,-51.81,0,0,0,
3491,90,89,1.25,8.93,-3.44,-0.00,-0.00,0.00,-10.10,173.59,-51.33,0,0,0,
3503,89,90,1.34,8.94,-3.25,-0.01,-0.01,0.01,-10.08,173.91,-51.18,0,0,0,
3510,88,89,1.31,9.00,-3.25,-0.01,-0.01,0.00,-10.42,173.94,-51.84,0,0,0,
3515,88,88,1.30,9.07,-3.14,-0.00,-0.01,0.00,-10.06,173.36,-50.45,0,0,0,
3521,88,89,1.34,9.05,-3.11,-0.00,-0.01,0.00,-9.75,173.72,-50.73,0,0,0,
3527,88,89,1.34,9.05,-3.11,0.00,-0.01,0.00,-9.88,172.80,-51.48,0,0,0,
3534,88,89,1.30,9.03,-3.09,0.01,-0.01,0.00,-9.91,173.49,-50.99,0,0,0,
3540,88,89,1.34,9.01,-3.23,0.01,-0.01,0.00,-9.11,173.60,-51.01,0,0,0,
3551,90,88,1.16,8.92,-3.39,0.02,-0.01,0.00,-9.57,173.93,-50.86,0,0,0,
3557,90,88,1.16,8.92,-3.39,0.02,-0.01,0.00,-9.76,174.03,-50.82,0,0,0,
3564,90,89,1.21,8.91,-3.35,0.01,-0.00,0.00,-9.56,173.27,-51.90,0,0,0,
3570,89,89,1.27,8.96,-3.37,0.01,0.00,0.01,-9.34,173.49,-51.04,0,0,0,
3576,89,89,1.27,8.96,-3.37,0.01,0.00,0.01,-9.06,174.03,-51.58,0,0,0,
3582,88,89,1.35,8.98,-3.42,0.01,-0.00,0.00,-9.44,173.17,-50.86,0,0,0,
3588,88,89,1.35,8.98,-3.36,0.00,-0.00,0.00,-9.54,172.90,-52.16,0,0,0,
3600,88,89,1.31,8.98,-3.27,0.00,-0.00,0.00,-9.91,173.57,-51.15,0,0,0,
3606,88,89,1.33,9.02,-3.21,0.00,-0.00,0.00,-9.81,172.87,-50.32,0,0,0,
3619,88,89,1.32,9.02,-3.19,0.01,-0.01,0.00,-10.67,173.68,-50.01,0,0,0,
3625,88,89,1.30,9.01,-3.16,0.01,-0.01,0.00,-10.49,172.54,-50.63,0,0,0,
3632,88,89,1.30,9.01,-3.30,0.01,-0.01,0.00,-10.46,173.52,-50.75,0,0,0,
3638,88,89,1.31,9.03,-3.30,0.01,-0.00,-0.00,-9.60,173.27,-51.02,0,0,0,
3644,89,89,1.27,8.95,-3.41,0.01,-0.01,-0.00,-10.29,172.95,-50.91,0,0,0,
3655,89,89,1.28,8.94,-3.37,0.01,-0.00,-0.00,-10.04,172.87,-49.84,0,0,0,
3662,89,89,1.30,8.97,-3.34,0.01,-0.00,-0.00,-10.46,173.24,-50.96,0,0,0,
3668,89,89,1.30,8.97,-3.34,0.01,-0.00,-0.00,-10.44,172.05,-51.27,0,0,0,
3674,89,89,1.28,8.95,-3.38,0.00,-0.00,0.00,-10.14,172.26,-50.13,0,0,0,
3680,89,89,1.28,8.99,-3.23,-0.00,0.00,0.00,-10.13,171.97,-50.53,0,0,0,
3686,89,89,1.28,8.99,-3.23,-0.00,0.00,0.00,-10.92,171.95,-49.71,0,0,0,
3693,88,89,1.32,9.00,-3.18,0.00,-0.00,0.00,-10.60,172.84,-50.56,0,0,0,
3704,88,89,1.31,9.02,-3.23,0.01,-0.00,0.00,-10.55,172.35,-50.19,0,0,0,
3710,88,89,1.31,8.99,-3.25,0.01,-0.00,-0.00,-10.63,172.48,-49.90,0,0,0,
3716,89,89,1.25,8.98,-3.32,0.01,-0.00,-0.00,-10.41,172.74,-50.19,0,0,0,
3722,89,89,1.25,8.98,-3.32,0.01,-0.00,-0.00,-9.76,173.46,-50.22,0,0,0,
3728,90,89,1.25,8.91,-3.45,0.01,-0.00,-0.00,-9.79,173.02,-50.28,0,0,0,
3734,90,89,1.23,8.90,-3.50,0.01,-0.00,0.00,-10.35,172.76,-50.25,0,0,0,
3740,90,89,1.23,8.90,-3.50,0.00,-0.00,0.00,-10.04,172.51,-50.60,0,0,0,
3751,89,89,1.32,8.96,-3.37,-0.00,-0.00,0.00,-10.01,173.08,-49.25,0,0,0,
3758,89,89,1.29,9.00,-3.23,-0.01,-0.00,0.00,-9.60,173.38,-49.97,0,0,0,
3764,89,88,1.25,9.00,-3.20,-0.00,0.00,0.00,-9.57,172.58,-50.25,0,0,0,
3776,89,89,1.27,8.99,-3.14,-0.00,0.01,0.00,-9.79,173.33,-49.78,0,0,0,
3784,88,89,1.31,8.99,-3.35,0.00,0.01,0.00,-9.84,173.41,-51.29,0,0,0,
3790,89,89,1.30,8.93,-3.45,-0.31,0.00,0.00,-9.62,172.13,-51.37,0,0,0,
3796,89,89,1.30,8.93,-3.45,-0.00,0.00,0.00,-9.72,173.44,-50.92,0,0,0,
3807,89,89,1.31,8.94,-3.36,-0.01,0.01,0.00,-9.57,173.40,-50.94,0,0,0,
3813,88,89,1.32,9.01,-3.30,-0.01,0.01,-0.00,-9.32,173.19,-50.95,0,0,0,
3820,89,89,1.29,8.97,-3.35,-0.01,0.00,-0.00,-9.32,172.80,-50.85,0,0,0,
3826,89,89,1.29,8.97,-3.35,-0.01,0.00,-0.00,-9.57,172.83,-50.95,0,0,0,
3831,89,89,1.29,8.94,-3.38,-0.01,-0.00,0.00,-8.97,173.06,-51.18,0,0,0,
3837,89,89,1.25,8.96,-3.33,-0.01,-0.00,0.00,-9.06,173.30,-51.32,0,0,0,
3844,89,89,1.25,8.96,-3.33,-0.01,-0.00,0.00,-9.60,173.17,-51.43,0,0,0,
3855,89,89,1.29,8.99,-3.21,-0.01,-0.00,0.00,-9.81,172.70,-50.45,0,0,0,
3861,89,89,1.29,8.99,-3.21,-0.01,-0.00,0.00,-9.51,173.11,-50.56,0,0,0,
3867,89,89,1.30,8.99,-3.21,-0.01,-0.00,0.00,-9.44,172.87,-50.25,0,0,0,
3873,88,89,1.30,9.03,-3.16,-0.00,-0.00,0.00,-9.46,173.62,-51.13,0,0,0,
3879,88,89,1.30,9.03,-3.16,-0.00,-0.00,0.00,-8.73,173.52,-50.25,0,0,0,
3885,88,89,1.35,9.05,-3.14,0.00,-0.01,0.00,-8.52,173.34,-50.42,0,0,0,
3891,88,89,1.35,9.05,-2.83,0.00,-0.01,0.00,-9.21,173.00,-50.48,0,0,0,
3897,87,88,1.35,9.10,-2.93,0.02,-0.01,0.00,-9.00,173.34,-50.60,0,0,0,
3908,87,88,1.35,9.09,-2.99,0.03,-0.01,0.00,-8.54,173.41,-50.80,0,0,0,
3915,87,89,1.37,9.04,-3.15,0.05,-0.02,0.00,-8.68,173.60,-50.89,0,0,0,
3921,89,90,1.38,8.89,-3.33,0.05,-0.01,-0.00,-8.64,173.34,-50.77,0,0,0,
3926,89,90,1.38,8.89,-3.33,0.05,-0.01,-0.00,-9.35,173.93,-50.94,0,0,0,
3939,91,89,1.17,8.84,-3.79,0.03,-0.01,-0.00,-8.21,174.14,-50.69,0,0,0,
3956,87,87,1.27,9.18,-3.38,0.00,-0.00,0.00,-8.86,173.34,-51.51,0,0,0,
3962,89,89,1.28,8.94,-3.38,-0.01,-0.01,0.00,-8.33,174.10,-50.80,0,0,0,
3973,89,89,1.29,8.98,-3.34,-0.01,-0.01,0.00,-9.00,173.63,-50.70,0,0,0,
3980,88,89,1.34,8.99,-3.24,-0.01,-0.00,0.00,-9.15,173.90,-50.66,0,0,0,
3986,88,89,1.33,8.98,-3.30,-0.01,-0.00,0.00,-9.06,174.03,-50.85,0,0,0,
3992,88,89,1.33,8.98,-3.30,-0.01,-0.00,0.00,-9.54,174.03,-50.45,0,0,0,
3998,88,90,1.39,8.96,-3.36,-0.01,-0.00,0.00,-8.13,174.00,-51.42,0,0,0,
4005,88,91,1.41,8.92,-3.21,-0.01,-0.01,0.01,-8.29,173.78,-50.73,0,0,0,
4011,88,91,1.41,8.92,-3.21,-0.01,-0.01,0.01,-9.12,174.14,-50.96,0,0,0,
4022,88,89,1.33,9.03,-3.15,0.01,-0.01,0.00,-9.51,173.84,-50.51,0,0,0,
4028,88,89,1.33,9.03,-3.15,0.01,-0.01,0.00,-9.18,174.32,-51.74,0,0,0,
4034,89,88,1.18,9.01,-3.28,0.01,-0.01,0.00,-9.19,173.93,-50.86,0,0,0,
4041,90,87,1.12,9.04,-3.26,0.00,-0.01,0.00,-9.98,173.02,-50.92,0,0,0,
4046,90,87,1.12,9.04,-3.26,0.00,-0.01,0.00,-9.30,174.12,-50.16,0,0,0,
4052,88,88,1.24,9.08,-3.10,0.00,-0.01,0.00,-9.41,174.20,-49.93,0,0,0,
4058,88,88,1.29,9.04,-3.18,0.00,-0.01,0.00,-9.15,174.36,-50.98,0,0,0,
4069,89,89,1.27,8.96,-3.28,0.02,-0.01,0.00,-8.56,172.96,-50.85,0,0,0,
4076,89,90,1.32,8.93,-3.40,0.02,-0.01,0.00,-8.83,173.46,-50.37,0,0,0,
4082,89,90,1.32,8.93,-3.40,0.02,-0.01,0.00,-9.21,173.75,-50.91,0,0,0,
4088,89,89,1.28,8.95,-3.48,0.01,-0.01,0.00,-9.12,173.78,-51.30,0,0,0,
4095,89,89,1.28,8.94,-3.37,0.01,-0.01,0.00,-8.93,173.43,-50.79,0,0,0,
4101,89,89,1.28,8.94,-3.37,0.00,-0.01,0.00,-8.94,173.79,-51.39,0,0,0,
4114,88,89,1.30,9.00,-3.26,0.00,-0.01,0.00,-9.51,174.41,-51.34,0,0,0,
4125,89,89,1.29,8.99,-3.30,0.01,-0.01,0.00,-9.31,173.37,-51.53,0,0,0,
4131,89,89,1.29,8.99,-3.30,0.01,-0.01,0.00,-9.65,173.00,-51.45,0,0,0,
4138,88,89,1.31,9.01,-3.18,0.01,-0.01,0.00,-9.08,172.80,-50.77,0,0,0,
4144,89,89,1.31,8.98,-3.26,0.01,-0.01,0.00,-9.34,173.31,-50.47,0,0,0,
4150,89,89,1.31,8.98,-3.26,0.01,-0.01,0.00,-9.32,172.90,-50.07,0,0,0,
4156,89,89,1.28,8.95,-3.35,0.01,-0.01,0.00,-9.63,172.74,-49.42,0,0,0,
4162,89,89,1.29,8.99,-3.26,0.01,-0.01,0.00,-9.97,172.83,-50.34,0,0,0,
4168,89,89,1.29,8.99,-3.22,0.01,-0.01,0.00,-9.44,173.25,-50.25,0,0,0,
4179,89,89,1.26,8.98,-3.26,0.01,-0.01,0.00,-9.24,173.46,-50.41,0,0,0,
4185,89,89,1.26,8.98,-3.26,0.01,-0.01,0.00,-9.30,173.09,-50.79,0,0,0,
4190,88,89,1.33,8.99,-3.25,0.01,-0.01,0.00,-9.35,172.99,-50.32,0,0,0,
4197,89,89,1.28,8.99,-3.26,0.01,-0.01,0.00,-9.11,173.09,-51.04,0,0,0,
4203,89,89,1.28,8.99,-3.26,0.01,-0.01,0.00,-9.69,173.02,-50.58,0,0,0,
4209,89,89,1.31,8.97,-3.36,0.01,-0.01,0.00,-9.15,173.03,-51.02,0,0,0,
4215,89,89,1.28,8.99,-3.27,0.01,-0.01,0.00,-9.27,172.64,-50.26,0,0,0,
4226,89,89,1.28,8.96,-3.25,0.01,-0.01,0.00,-9.22,172.52,-50.99,0,0,0,
4233,89,89,1.28,8.96,-3.25,0.01,-0.01,0.00,-9.02,172.80,-51.01,0,0,0,
4239,89,89,1.30,8.99,-3.27,0.01,-0.00,0.00,-8.86,172.89,-51.36,0,0,0,
4244,89,89,1.31,8.99,-3.34,0.01,-0.00,0.00,-9.32,172.71,-51.37,0,0,0,
4251,89,89,1.31,8.99,-3.34,0.01,-0.00,0.00,-9.05,172.73,-50.38,0,0,0,
4257,89,89,1.27,8.99,-3.27,0.01,-0.00,0.00,-9.65,172.54,-50.95,0,0,0,
4269,89,89,1.30,8.97,-3.35,0.01,-0.00,0.00,-8.81,173.24,-52.29,0,0,0,
4282,89,90,1.33,8.93,-3.41,0.00,-0.00,0.00,-9.18,172.55,-51.24,0,0,0,
4288,89,90,1.33,8.93,-3.41,0.00,-0.00,0.00,-9.22,172.74,-51.04,0,0,0,
4294,89,89,1.30,8.99,-3.27,0.00,-0.00,0.00,-8.59,172.54,-51.52,0,0,0,
4300,88,89,1.30,8.99,-3.27,0.00,-0.01,0.00,-8.33,172.80,-50.89,0,0,0,
4306,88,89,1.30,8.99,-3.27,0.00,-0.01,0.00,-8.36,172.36,-49.85,0,0,0,
4312,88,89,1.31,8.99,-3.24,0.00,-0.00,0.00,-8.51,172.55,-50.77,0,0,0,
4319,88,89,1.32,8.98,-3.23,0.00,-0.01,0.00,-8.70,172.17,-51.21,0,0,0,
4330,89,89,1.32,8.97,-3.41,0.01,-0.01,0.00,-8.07,172.83,-51.55,0,0,0,
4336,89,89,1.28,8.99,-3.28,0.01,-0.01,0.00,-9.00,172.83,-50.60,0,0,0,
4341,89,89,1.28,8.99,-3.28,0.00,-0.01,0.00,-8.52,172.29,-49.90,0,0,0,
4348,88,89,1.34,9.01,-3.16,0.00,-0.00,0.00,-8.61,172.73,-50.76,0,0,0,
4354,88,89,1.31,9.01,-3.20,0.01,-0.01,0.00,-9.12,172.87,-50.48,0,0,0,
4360,88,89,1.31,9.01,-3.20,0.01,-0.01,0.00,-8.81,171.94,-51.11,0,0,0,
4366,89,89,1.31,8.98,-3.32,0.01,-0.00,0.00,-8.77,172.38,-49.91,0,0,0,
4377,89,89,1.29,8.99,-3.28,0.01,-0.00,0.00,-8.84,172.24,-50.29,0,0,0,
4384,89,89,1.27,8.96,-3.37,0.01,-0.01,0.00,-8.89,172.64,-50.73,0,0,0,
4390,89,89,1.27,8.96,-3.37,0.01,-0.01,0.00,-9.15,172.46,-51.23,0,0,0,
4396,89,89,1.30,8.95,-3.34,0.01,-0.00,0.00,-9.44,172.99,-50.31,0,0,0,
4402,89,89,1.30,8.98,-3.26,0.01,-0.01,0.00,-9.59,172.35,-50.03,0,0,0,
4409,89,89,1.30,8.98,-3.26,0.01,-0.01,0.00,-9.40,173.25,-49.94,0,0,0,
4415,88,89,1.33,9.01,-3.21,0.01,-0.00,0.00,-9.13,172.58,-50.77,0,0,0,
4420,88,89,1.30,9.01,-3.30,0.01,-0.00,-0.00,-9.21,172.80,-50.13,0,0,0,
4440,89,89,1.29,8.95,-3.29,0.01,-0.00,-0.00,-9.49,173.47,-50.18,0,0,0,
4447,91,89,1.20,8.87,-3.62,0.01,-0.00,0.00,-8.99,173.25,-50.85,0,0,0,
4453,91,89,1.20,8.87,-3.62,0.01,-0.00,0.00,-8.90,172.77,-50.82,0,0,0,
4459,89,89,1.33,8.95,-3.44,-0.01,-0.00,0.00,-9.09,172.55,-49.75,0,0,0,
4465,88,88,1.31,9.06,-3.10,-0.01,-0.00,0.00,-9.08,172.00,-50.79,0,0,0,
4472,88,88,1.31,9.06,-3.10,-0.01,-0.00,0.00,-9.62,172.36,-49.65,0,0,0,
4478,89,89,1.25,8.94,-3.30,0.00,-0.01,0.00,-9.85,173.27,-50.39,0,0,0,
4489,90,90,1.30,8.88,-3.46,0.00,-0.01,0.00,-10.08,172.89,-49.85,0,0,0,
4495,88,89,1.35,9.02,-3.26,-0.00,-0.01,0.00,-10.10,172.19,-49.87,0,0,0,
4501,88,89,1.35,9.02,-3.26,-0.00,-0.01,0.00,-9.34,172.98,-49.91,0,0,0,
4508,88,89,1.36,9.01,-3.25,-0.01,-0.00,0.00,-9.21,173.97,-50.28,0,0,0,
4513,87,88,1.37,9.11,-3.01,-0.01,-0.00,0.00,-9.47,173.14,-50.07,0,0,0,
4519,87,88,1.37,9.11,-3.01,-0.01,-0.00,0.00,-9.50,173.14,-50.70,0,0,0,
4525,89,88,1.26,9.02,-3.10,0.01,-0.01,-0.00,-9.38,173.34,-49.94,0,0,0,
4536,89,89,1.31,8.97,-3.32,0.01,-0.01,-0.00,-8.93,173.52,-50.19,0,0,0,
4543,89,88,1.24,8.98,-3.38,0.01,-0.01,0.00,-9.05,173.56,-50.20,0,0,0,
4549,90,89,1.26,8.89,-3.46,0.01,-0.01,0.00,-9.00,173.41,-50.35,0,0,0,
4555,90,89,1.26,8.89,-3.46,0.01,-0.01,0.00,-9.47,173.33,-49.85,0,0,0,
4562,89,89,1.28,8.93,-3.36,0.00,-0.00,0.00,-9.50,173.38,-49.74,0,0,0,
4568,89,89,1.28,8.92,-3.47,-0.00,-0.01,0.00,-8.90,173.36,-50.35,0,0,0,
4574,89,89,1.28,8.92,-3.47,-0.00,-0.01,0.00,-8.99,173.14,-50.16,0,0,0,
4593,89,90,1.32,8.92,-3.46,-0.02,-0.00,0.00,-9.08,173.36,-50.44,0,0,0,
4599,89,89,1.29,8.93,-3.42,-0.03,-0.00,0.00,-9.08,173.18,-50.79,0,0,0,
4606,89,89,1.31,8.95,-3.38,-0.04,-0.00,0.01,-8.14,172.80,-50.25,0,0,0,
4612,89,89,1.31,8.95,-3.38,-0.04,-0.00,0.01,-8.96,173.56,-50.41,0,0,0,
4617,88,89,1.34,9.00,-3.23,-0.04,-0.00,0.00,-8.73,172.62,-51.13,0,0,0,
4623,88,88,1.32,9.08,-3.09,-0.04,0.00,0.00,-9.12,173.46,-50.32,0,0,0,
4630,88,88,1.32,9.08,-3.09,-0.04,0.00,0.00,-8.86,173.30,-50.98,0,0,0,
4641,91,88,1.12,8.93,-3.55,0.02,0.01,-0.00,-8.17,173.72,-49.82,0,0,0,
4647,91,88,1.12,8.93,-3.55,0.02,0.01,-0.00,-8.65,173.41,-49.39,0,0,0,
4653,89,85,1.05,9.19,-3.13,-0.02,0.00,0.00,-8.17,172.95,-50.67,0,0,0,
4660,88,89,1.33,9.02,-3.19,-0.02,-0.01,0.01,-8.46,173.93,-50.53,0,0,0,
4666,88,89,1.33,9.02,-3.19,-0.02,-0.01,0.01,-8.58,172.89,-50.69,0,0,0,
4671,89,89,1.30,8.98,-3.23,-0.02,-0.01,0.01,-7.91,172.89,-50.79,0,0,0,
4677,89,89,1.30,8.98,-3.23,-0.02,-0.01,0.01,-8.73,172.90,-50.95,0,0,0,
4688,89,90,1.34,8.95,-3.35,-0.02,-0.01,0.00,-8.65,172.95,-51.48,0,0,0,
4695,89,90,1.34,8.95,-3.35,-0.02,-0.01,0.00,-8.11,172.57,-50.94,0,0,0,
4701,89,89,1.31,8.95,-3.34,-0.02,-0.01,0.00,-7.88,172.76,-51.40,0,0,0,
4706,88,89,1.35,9.03,-3.11,-0.03,-0.00,0.00,-8.24,173.15,-50.70,0,0,0,
4712,88,89,1.35,9.03,-3.11,-0.03,-0.00,0.00,-8.39,172.76,-51.02,0,0,0,
4719,88,88,1.29,9.04,-2.96,-0.02,-0.01,0.00,-8.23,172.83,-50.42,0,0,0,
4725,88,88,1.29,9.05,-3.08,0.00,-0.01,0.00,-8.37,173.24,-50.22,0,0,0,
4742,89,90,1.33,8.92,-3.18,0.01,-0.01,0.00,-8.39,173.14,-50.66,0,0,0,
4750,89,90,1.33,8.92,-3.18,0.01,-0.01,0.00,-8.04,173.37,-50.19,0,0,0,
4756,89,90,1.33,8.91,-3.42,0.01,-0.01,0.00,-8.49,173.52,-51.43,0,0,0,
4762,88,88,1.29,9.02,-3.32,0.00,-0.01,0.00,-7.92,172.95,-51.13,0,0,0,
4768,88,88,1.29,9.02,-3.32,0.00,-0.01,0.00,-8.71,173.11,-50.56,0,0,0,
4774,89,89,1.29,8.92,-3.30,0.00,-0.01,0.00,-8.11,173.02,-52.02,0,0,0,
4781,88,89,1.30,9.00,-3.35,-0.00,-0.01,0.00,-7.97,172.80,-51.81,0,0,0,
4787,88,89,1.30,9.00,-3.35,-0.00,-0.01,0.00,-8.37,172.93,-50.42,0,0,0,
4798,89,89,1.32,8.96,-3.18,-0.01,0.31,0.00,-8.65,173.00,-51.21,0,0,0,
4804,89,89,1.32,8.96,-3.18,-0.01,0.00,0.00,-7.82,172.39,-51.27,0,0,0,
4810,88,88,1.31,9.05,-3.17,-0.01,0.00,0.00,-8.33,173.00,-51.97,0,0,0,
4817,88,89,1.33,9.03,-3.22,-0.01,-0.00,0.00,-8.56,171.53,-50.95,0,0,0,
4823,88,89,1.33,9.03,-3.22,-0.01,-0.00,0.00,-8.71,172.33,-51.33,0,0,0,
4828,88,89,1.30,9.00,-3.23,-0.00,-0.00,0.00,-8.89,171.63,-51.84,0,0,0,
4834,88,89,1.30,9.00,-3.26,-0.00,-0.00,0.00,-8.68,172.05,-50.34,0,0,0,
4845,89,89,1.27,8.96,-3.33,0.00,-0.00,0.00,-8.67,171.82,-50.13,0,0,0,
4853,89,89,1.27,8.96,-3.33,0.00,-0.00,0.00,-8.02,171.76,-50.91,0,0,0,
4858,89,89,1.27,8.98,-3.21,-0.00,-0.01,0.00,-9.11,171.24,-50.73,0,0,0,

4871,88,89,1.30,9.00,-3.27,-0.00,-0.01,0.00,-9.22,171.95,-51.23,0,0,0,
4877,89,89,1.29,9.00,-3.33,-0.00,-0.00,0.00,-9.68,171.60,-50.69,0,0,0,
4881,89,89,1.31,8.98,-3.24,-0.00,-0.00,0.00,-8.96,171.86,-50.53,0,0,0,
4887,89,89,1.31,8.98,-3.24,-0.00,-0.01,0.00,-9.70,171.50,-51.01,0,0,0,

4913,88,89,1.33,8.98,-3.22,0.00,-0.00,0.00,-9.70,171.63,-49.28,0,0,0,
4920,89,89,1.28,8.96,-3.32,0.00,-0.00,0.00,-9.59,171.72,-50.47,0,0,0,
4926,89,89,1.28,8.96,-3.32,0.00,-0.00,0.00,-9.38,171.85,-50.45,0,0,0,
4931,89,89,1.27,8.96,-3.40,-0.00,-0.00,0.00,-9.75,171.63,-50.58,0,0,0,

4944,89,89,1.29,8.97,-3.34,-0.01,-0.00,0.00,-9.50,171.67,-50.19,0,0,0,
4950,88,89,1.31,8.99,-3.27,-0.01,-0.00,0.00,-9.09,171.88,-50.44,0,0,0,
4956,88,89,1.33,9.04,-3.15,-0.01,0.00,0.00,-9.79,172.10,-50.29,0,0,0,
4967,88,89,1.35,9.00,-3.15,-0.01,-0.00,0.00,-9.13,171.28,-50.42,0,0,0,
4974,87,89,1.36,9.08,-2.91,-0.00,-0.00,0.00,-9.41,172.13,-51.11,0,0,0,
4980,87,89,1.36,9.08,-2.91,-0.00,-0.00,0.00,-9.09,171.78,-51.67,0,0,0,
4986,87,88,1.34,9.10,-2.89,0.01,-0.01,0.00,-8.73,171.50,-50.80,0,0,0,
4992,87,88,1.34,9.09,-2.99,0.01,-0.01,0.00,-8.58,171.95,-50.48,0,0,0,
4998,87,88,1.33,9.09,-2.99,0.02,-0.01,-0.00,-8.64,171.56,-51.49,0,0,0,

5010,89,88,1.27,9.02,-3.26,0.03,-0.01,-0.00,-8.39,172.14,-51.34,0,0,0,
5022,88,89,1.33,8.98,-3.38,0.04,-0.01,-0.00,-8.80,171.72,-52.16,0,0,0,
5028,88,89,1.33,8.98,-3.38,0.04,-0.01,-0.00,-8.87,171.27,-50.92,0,0,0,
5034,89,89,1.29,8.93,-3.37,0.03,-0.01,-0.00,-9.32,171.46,-51.37,0,0,0,
5040,89,89,1.31,8.98,-3.33,0.03,-0.00,-0.00,-8.68,171.66,-51.36,0,0,0,
5046,89,89,1.31,8.98,-3.33,0.03,-0.00,-0.00,-9.00,171.70,-50.04,0,0,0,
5052,88,89,1.35,8.98,-3.29,0.02,-0.00,-0.00,-8.59,171.81,-50.63,0,0,0,
5059,88,89,1.35,9.02,-3.12,0.02,0.00,-0.00,-9.16,171.46,-50.69,0,0,0,
5078,88,89,1.35,9.05,-3.10,0.04,-0.00,-0.00,-9.12,171.88,-50.61,0,0,0,
5084,88,89,1.35,9.05,-3.10,0.04,-0.00,-0.00,-9.21,168.42,-50.39,0,0,0,
5090,89,89,1.29,8.98,-3.42,0.05,-0.01,-0.00,-9.28,172.11,-50.91,0,0,0,

5102,90,89,1.23,8.90,-3.54,0.05,-0.01,-0.00,-8.94,172.60,-50.85,0,0,0,
5108,90,90,1.28,8.87,-3.52,0.03,-0.01,-0.00,-8.49,172.89,-50.13,0,0,0,
5114,89,89,1.27,8.94,-3.43,0.02,-0.01,-0.00,-8.67,172.45,-50.15,0,0,0,
5120,89,89,1.27,8.94,-3.43,0.02,-0.01,-0.00,-8.55,172.14,-50.67,0,0,0,
5131,89,88,1.28,9.01,-3.20,0.01,-0.01,-0.00,-8.48,172.73,-50.42,0,0,0,
5137,89,88,1.28,9.01,-3.20,0.01,-0.01,-0.00,-8.83,173.25,-51.32,0,0,0,
5143,89,89,1.31,8.99,-3.25,0.01,-0.00,0.00,-8.30,172.48,-50.70,0,0,0,
5149,89,89,1.31,8.96,-3.34,0.01,-0.00,0.00,-8.51,172.42,-50.53,0,0,0,


5167,89,89,1.28,8.97,-3.35,0.01,-0.01,0.00,-8.36,172.99,-50.23,0,0,0,
5173,89,89,1.26,8.97,-3.36,0.00,-0.01,0.00,-8.46,173.21,-50.42,0,0,0,
5180,89,89,1.29,8.97,-3.36,0.00,-0.01,0.00,-8.33,172.46,-50.92,0,0,0,
5191,88,89,1.32,9.01,-3.24,0.00,-0.01,0.00,-8.92,173.84,-51.02,0,0,0,
5197,88,89,1.33,8.98,-3.25,0.00,-0.01,0.00,-9.49,172.96,-51.04,0,0,0,
5203,88,89,1.33,8.98,-3.25,0.00,-0.01,0.00,-9.41,173.59,-51.15,0,0,0,


5221,88,89,1.36,8.99,-3.21,0.00,-0.01,0.00,-8.36,172.76,-51.34,0,0,0,
5235,89,89,1.31,8.97,-3.31,-0.00,-0.01,0.00,-8.51,173.40,-51.33,0,0,0,
5241,89,89,1.31,8.97,-3.24,-0.00,-0.01,0.00,-9.40,173.82,-50.28,0,0,0,
5247,88,89,1.31,8.99,-3.24,-0.00,-0.00,0.00,-9.25,173.33,-50.47,0,0,0,
5253,89,89,1.30,8.98,-3.24,-0.00,-0.01,0.00,-9.12,173.76,-50.56,0,0,0,
5265,88,89,1.31,8.98,-3.30,-0.00,-0.01,0.00,-8.07,173.47,-50.51,0,0,0,
5271,89,89,1.28,8.99,-3.31,-0.00,-0.01,0.00,-8.51,173.27,-50.89,0,0,0,

5284,88,89,1.33,8.99,-3.25,-0.00,-0.01,0.00,-8.13,173.75,-49.96,0,0,0,

5295,88,88,1.30,9.04,-3.18,-0.00,-0.01,0.00,-8.23,173.28,-50.28,0,0,0,
5302,88,89,1.30,9.02,-3.15,0.00,-0.01,0.00,-9.21,172.64,-50.86,0,0,0,

5314,88,89,1.31,9.00,-3.15,0.01,-0.01,0.00,-8.67,172.83,-50.83,0,0,0,

5327,89,89,1.28,8.99,-3.28,0.01,-0.01,0.00,-8.56,173.33,-50.70,0,0,0,

5344,88,89,1.33,8.99,-3.25,0.00,-0.00,0.00,-8.89,172.98,-51.01,0,0,0,
5350,88,89,1.33,8.99,-3.25,0.00,-0.00,0.00,-8.73,173.43,-50.92,0,0,0,


5368,88,89,1.31,9.02,-3.23,0.01,-0.01,0.00,-8.80,172.51,-50.53,0,0,0,
5374,88,89,1.29,9.00,-3.18,0.01,-0.01,0.00,-9.89,172.57,-50.72,0,0,0,
5381,89,89,1.31,8.97,-3.25,0.01,-0.01,0.00,-9.49,172.87,-50.66,0,0,0,
5387,89,89,1.31,8.97,-3.25,0.01,-0.01,0.00,-9.12,172.49,-51.01,0,0,0,


5414,87,89,1.41,9.06,-3.16,0.00,-0.01,0.00,-9.34,172.33,-51.39,0,0,0,
5425,89,89,1.28,8.91,-3.42,0.01,-0.01,0.00,-9.43,172.64,-51.05,0,0,0,
5431,90,89,1.25,8.90,-3.41,0.00,-0.01,0.00,-8.96,172.23,-50.98,0,0,0,
5437,87,89,1.35,9.07,-3.16,-0.00,-0.01,0.00,-8.68,172.86,-51.10,0,0,0,
5443,87,89,1.35,9.07,-3.16,-0.00,-0.01,0.00,-9.16,172.87,-51.61,0,0,0,
5450,89,89,1.28,8.99,-3.26,0.00,-0.01,0.00,-8.74,172.22,-51.33,0,0,0,
5456,88,89,1.33,9.04,-3.09,0.00,-0.01,0.00,-9.21,171.43,-50.89,0,0,0,




5486,89,89,1.27,8.97,-3.37,0.02,-0.01,0.00,-8.74,172.64,-51.43,0,0,0,
5497,90,89,1.24,8.94,-3.37,0.01,-0.00,0.00,-8.90,172.22,-51.11,0,0,0,
5504,89,89,1.27,8.96,-3.33,0.01,-0.01,0.00,-9.00,172.54,-51.05,0,0,0,
5510,88,89,1.32,8.99,-3.25,0.01,-0.01,0.00,-8.80,172.07,-51.45,0,0,0,
5516,88,89,1.32,8.99,-3.25,0.01,-0.01,0.00,-8.71,172.23,-52.40,0,0,0,
5522,88,89,1.34,9.03,-3.16,0.01,-0.01,0.00,-8.71,172.43,-51.14,0,0,0,
5529,88,89,1.32,9.02,-3.23,0.01,-0.01,0.00,-8.56,172.70,-51.40,0,0,0,
5535,88,89,1.32,9.02,-3.23,0.01,-0.00,0.00,-8.78,172.60,-51.62,0,0,0,
5546,88,89,1.33,8.96,-3.28,0.01,-0.00,0.00,-9.30,171.72,-50.80,0,0,0,

5565,89,89,1.30,8.95,-3.43,0.01,-0.00,-0.00,-9.11,171.16,-50.92,0,0,0,
5572,89,89,1.25,8.95,-3.43,0.01,0.00,-0.00,-8.70,171.60,-50.57,0,0,0,
5578,90,89,1.26,8.92,-3.38,0.00,0.00,-0.00,-9.03,171.19,-51.23,0,0,0,
5584,89,89,1.26,8.95,-3.30,0.00,0.00,-0.00,-9.03,172.22,-51.43,0,0,0,
5590,89,89,1.31,8.95,-3.30,0.00,0.00,0.00,-8.77,171.69,-52.12,0,0,0,
5597,89,89,1.29,8.97,-3.37,-0.00,-0.00,0.00,-9.06,171.89,-51.58,0,0,0,
5608,89,89,1.27,8.97,-3.29,-0.00,-0.00,0.00,-9.19,171.19,-51.27,0,0,0,
5614,88,89,1.30,9.02,-3.18,-0.00,-0.00,0.00,-8.73,171.75,-51.40,0,0,0,
5619,88,89,1.30,9.02,-3.18,-0.00,-0.00,0.00,-8.89,171.43,-50.50,0,0,0,
5626,88,89,1.29,9.01,-3.17,-0.00,-0.00,0.00,-9.16,171.34,-50.53,0,0,0,

5638,88,89,1.32,9.02,-3.16,0.00,-0.00,0.00,-8.93,170.53,-50.47,0,0,0,

5650,89,89,1.30,8.98,-3.38,0.01,-0.01,0.00,-8.96,171.62,-51.18,0,0,0,

5662,89,89,1.31,8.95,-3.38,0.00,-0.01,0.00,-8.70,171.18,-50.66,0,0,0,
5673,89,89,1.30,8.98,-3.20,0.00,-0.01,0.00,-9.03,171.82,-50.86,0,0,0,
5679,88,89,1.36,9.04,-3.10,0.01,-0.01,0.00,-8.92,171.94,-51.13,0,0,0,
5686,88,89,1.31,9.01,-3.21,0.01,-0.01,0.00,-8.64,172.49,-51.37,0,0,0,

5697,88,89,1.32,9.02,-3.16,0.01,-0.01,0.00,-9.12,172.01,-50.66,0,0,0,




5734,88,88,1.29,9.03,-3.18,0.02,0.00,-0.00,-9.81,171.79,-50.77,0,0,0,

5747,88,89,1.31,9.02,-3.23,0.03,0.00,-0.00,-9.12,172.39,-51.46,0,0,0,

5758,89,89,1.30,8.93,-3.37,0.02,0.00,-0.00,-8.78,172.42,-50.63,0,0,0,
5770,89,89,1.30,8.96,-3.29,0.02,0.00,-0.00,-9.28,172.46,-50.57,0,0,0,
5777,89,89,1.30,8.96,-3.29,0.02,0.00,-0.00,-9.30,172.33,-50.95,0,0,0,
5783,89,89,1.28,8.95,-3.34,0.02,0.00,-0.00,-9.11,172.52,-50.42,0,0,0,

5795,90,89,1.23,8.91,-3.44,0.02,-0.00,-0.00,-8.81,172.30,-51.10,0,0,0,
5801,89,89,1.32,8.96,-3.32,0.01,-0.00,-0.00,-9.00,172.99,-51.10,0,0,0,

5813,89,90,1.31,8.93,-3.54,0.01,-0.01,0.00,-8.74,173.06,-51.30,0,0,0,
5820,90,90,1.24,8.86,-3.65,0.00,-0.02,0.00,-8.71,172.77,-50.94,0,0,0,
5831,89,89,1.29,8.97,-3.34,-0.01,-0.02,0.01,-8.99,173.59,-50.58,0,0,0,
5837,88,89,1.30,9.02,-3.18,-0.01,-0.02,0.01,-8.48,173.06,-50.47,0,0,0,

5849,88,89,1.33,9.05,-3.04,-0.01,-0.02,0.01,-8.93,172.11,-51.96,0,0,0,




5888,89,89,1.26,8.95,-3.32,0.02,-0.01,0.00,-8.73,173.74,-50.19,0,0,0,

5900,89,89,1.28,8.93,-3.42,0.01,-0.01,0.00,-7.56,173.53,-50.60,0,0,0,


5919,89,89,1.29,9.00,-3.22,0.01,-0.01,0.00,-7.76,173.52,-50.80,0,0,0,

5931,88,89,1.31,8.99,-3.27,0.01,-0.01,0.00,-8.40,173.43,-50.06,0,0,0,
5942,88,89,1.33,9.00,-3.16,0.01,-0.01,0.00,-8.54,173.36,-49.96,0,0,0,



5968,89,89,1.27,8.94,-3.30,0.00,-0.02,0.00,-8.67,172.86,-51.11,0,0,0,


5985,88,88,1.30,9.09,-3.11,0.00,-0.01,0.00,-8.73,173.62,-50.79,0,0,0,
5992,88,89,1.36,9.01,-3.11,0.01,-0.02,0.00,-8.48,173.93,-51.11,0,0,0,

6004,88,88,1.29,9.02,-3.13,0.02,-0.01,0.00,-8.02,172.89,-50.58,0,0,0,
6010,88,89,1.35,9.05,-3.11,0.03,-0.02,0.00,-8.61,172.81,-50.66,0,0,0,

6023,88,89,1.35,9.01,-3.19,0.04,-0.02,0.00,-8.26,173.06,-51.17,0,0,0,
6034,88,89,1.35,8.98,-3.21,0.04,-0.02,0.00,-8.83,172.61,-50.54,0,0,0,
6040,88,89,1.29,9.01,-3.18,0.04,-0.01,0.00,-8.52,172.84,-50.03,0,0,0,

6060,90,89,1.23,8.94,-3.42,0.05,-0.02,0.00,-8.55,172.41,-52.16,0,0,0,



6084,90,89,1.24,8.93,-3.46,0.01,-0.01,0.00,-9.19,172.60,-50.23,0,0,0,

6096,88,89,1.30,8.99,-3.29,0.00,-0.01,0.00,-9.38,172.96,-50.09,0,0,0,
6102,88,88,1.30,9.05,-3.18,0.00,-0.01,0.00,-9.03,172.29,-50.89,0,0,0,
6109,88,88,1.32,9.05,-3.18,0.01,-0.01,0.00,-8.75,172.24,-50.94,0,0,0,



6180,89,90,1.31,8.93,-3.44,0.03,-0.01,-0.00,-8.81,171.66,-51.75,0,0,0,

6192,89,89,1.29,8.97,-3.30,0.03,-0.01,-0.00,-9.76,171.76,-50.45,0,0,0,

6205,89,89,1.32,8.97,-3.25,0.02,-0.01,-0.00,-8.58,171.76,-51.07,0,0,0,
6211,89,89,1.32,8.97,-3.25,0.02,-0.01,-0.00,-9.03,172.08,-50.76,0,0,0,
6217,89,89,1.30,8.96,-3.25,0.03,-0.00,-0.00,-9.27,172.14,-51.20,0,0,0,
6223,88,89,1.29,9.01,-3.33,0.03,-0.00,-0.00,-8.73,171.97,-51.33,0,0,0,
6229,88,89,1.29,9.01,-3.33,0.03,-0.00,-0.00,-9.13,171.65,-51.26,0,0,0,

6247,90,89,1.26,8.88,-3.52,0.03,-0.00,-0.00,-8.75,172.05,-50.94,0,0,0,

6266,89,89,1.28,8.92,-3.43,0.02,-0.01,0.00,-8.37,172.64,-50.29,0,0,0,




6395,89,89,1.26,8.98,-3.34,0.04,-0.01,-0.01,-8.17,172.58,-50.23,0,0,0,






6437,88,89,1.30,9.00,-3.31,0.06,-0.01,-0.00,-8.49,173.31,-50.01,0,0,0,

6450,89,89,1.31,8.96,-3.35,0.06,-0.01,-0.01,-8.84,172.51,-50.57,0,0,0,

6462,89,89,1.30,8.95,-3.30,0.06,-0.01,-0.01,-8.33,173.02,-49.69,0,0,0,
6469,89,89,1.29,8.98,-3.32,0.06,-0.01,-0.01,-8.32,173.95,-49.33,0,0,0,











6621,89,89,1.30,8.98,-3.31,-0.01,-0.01,0.00,-7.91,173.85,-50.38,0,0,0,

6633,89,88,1.28,9.01,-3.23,-0.00,-0.01,0.00,-7.94,173.66,-49.53,0,0,0,
6639,89,89,1.29,8.99,-3.24,0.00,-0.01,0.00,-7.06,173.41,-49.69,0,0,0,

6656,88,89,1.30,9.00,-3.31,0.01,-0.01,0.00,-8.05,173.68,-50.47,0,0,0,


6678,88,89,1.32,8.99,-3.35,0.02,-0.01,-0.00,-7.91,174.17,-50.06,0,0,0,




6783,90,89,1.22,8.87,-3.57,0.02,-0.01,-0.00,-7.85,172.71,-49.24,0,0,0,

6843,89,89,1.30,8.94,-3.36,-0.00,-0.01,0.00,-8.67,172.38,-49.72,0,0,0,
6856,90,89,1.21,8.93,-3.52,-0.00,-0.01,0.00,-8.99,172.00,-50.15,0,0,0,
6964,89,89,1.27,8.94,-3.35,0.01,-0.00,-0.00,-8.42,172.57,-49.97,0,0,0,
