Start of File
1029,90,90,0.20,9.46,1.69,-0.04,-0.01,0.00,-48.89,28.16,19.94,0,0,0,
1036,89,89,0.20,9.50,1.65,-0.05,-0.01,0.00,-49.46,27.74,20.40,0,0,0,
1042,89,89,0.20,9.50,1.65,-0.05,-0.01,0.00,-49.46,27.38,20.59,0,0,0,
1048,90,90,0.21,9.43,1.75,-0.03,-0.01,0.00,-49.66,27.05,19.95,0,0,0,
1055,89,89,0.20,9.50,1.66,-0.01,-0.01,0.00,-50.03,27.48,19.32,0,0,0,
1061,89,89,0.20,9.50,1.77,-0.01,-0.01,0.00,-49.68,27.73,19.54,0,0,0,
1067,90,90,0.20,9.43,1.77,0.01,-0.01,0.00,-49.82,27.59,20.05,0,0,0,
1073,89,89,0.20,9.55,1.61,0.02,-0.01,0.00,-49.20,27.59,20.18,0,0,0,
1084,90,90,0.21,9.46,1.72,-0.02,-0.01,0.00,-49.42,28.08,19.42,0,0,0,
1092,89,90,0.20,9.49,1.72,-0.01,-0.01,0.00,-49.47,27.78,19.91,0,0,0,
1098,89,90,0.20,9.49,1.73,-0.01,-0.01,0.00,-49.50,27.90,20.45,0,0,0,
1104,90,90,0.20,9.48,1.73,-0.01,-0.01,0.00,-49.66,27.51,19.85,0,0,0,
1111,90,89,0.19,9.49,1.72,-0.00,-0.01,0.00,-49.24,27.45,20.86,0,0,0,
1117,89,90,0.20,9.49,1.72,-0.00,-0.01,0.00,-49.90,26.51,20.99,0,0,0,
1130,90,90,0.20,9.47,1.74,-0.01,-0.01,0.00,-49.50,27.11,20.39,0,0,0,
1142,89,89,0.21,9.51,1.70,-0.00,-0.01,0.00,-49.15,27.19,20.30,0,0,0,
1148,90,90,0.21,9.47,1.76,-0.02,-0.01,0.00,-49.36,26.92,20.20,0,0,0,
1155,90,90,0.20,9.49,1.73,-0.01,-0.01,0.00,-49.91,27.77,19.57,0,0,0,
1161,90,90,0.20,9.49,1.73,-0.01,-0.01,0.00,-49.47,27.80,20.23,0,0,0,
1167,90,90,0.21,9.47,1.75,-0.01,-0.01,0.00,-49.62,27.73,20.13,0,0,0,
1173,89,90,0.21,9.48,1.73,-0.01,-0.01,0.00,-49.18,27.01,19.75,0,0,0,
1180,89,90,0.21,9.48,1.73,-0.01,-0.01,0.00,-49.75,27.10,19.95,0,0,0,
1192,90,90,0.20,9.47,1.74,-0.00,-0.01,0.00,-49.01,27.10,20.93,0,0,0,
1198,90,90,0.20,9.47,1.74,-0.00,-0.01,0.00,-49.05,27.42,21.18,0,0,0,
1204,90,90,0.20,9.48,1.74,0.00,-0.01,0.00,-49.21,27.49,20.83,0,0,0,
1211,90,90,0.20,9.47,1.76,0.01,-0.01,0.00,-48.77,27.76,20.10,0,0,0,
1217,90,90,0.20,9.47,1.76,0.01,-0.01,0.00,-49.44,27.83,21.08,0,0,0,
1223,89,90,0.20,9.49,1.75,0.02,-0.01,0.00,-49.34,27.57,20.11,0,0,0,
1229,90,90,0.20,9.47,1.76,0.02,-0.01,0.00,-49.36,27.19,19.25,0,0,0,
1236,90,90,0.20,9.47,1.76,0.02,-0.01,0.00,-49.74,27.38,19.91,0,0,0,
1247,90,90,0.21,9.47,1.74,0.04,-0.01,0.00,-49.62,27.08,20.75,0,0,0,
1254,90,90,0.21,9.47,1.74,0.04,-0.01,0.00,-49.36,27.20,20.21,0,0,0,
1260,89,90,0.20,9.49,1.74,0.05,-0.01,0.00,-49.21,27.55,20.51,0,0,0,
1266,89,90,0.21,9.49,1.72,0.04,-0.01,0.00,-49.25,28.05,19.85,0,0,0,
1273,89,90,0.21,9.49,1.72,0.04,-0.01,0.00,-48.98,27.57,20.42,0,0,0,
1285,90,90,0.20,9.48,1.73,0.03,-0.00,0.00,-49.93,27.73,19.95,0,0,0,
1292,90,90,0.20,9.49,1.72,0.03,-0.00,0.00,-49.12,27.38,20.39,0,0,0,
1304,89,90,0.21,9.49,1.71,0.03,-0.00,0.00,-49.30,27.71,20.24,0,0,0,
1311,89,90,0.21,9.48,1.72,0.03,-0.00,0.00,-49.49,27.45,20.64,0,0,0,
1317,89,90,0.20,9.48,1.72,0.03,-0.00,0.00,-49.30,27.68,20.17,0,0,0,
1323,90,90,0.20,9.48,1.72,0.04,-0.00,0.00,-49.31,27.80,20.80,0,0,0,
1328,90,90,0.20,9.48,1.72,0.04,-0.00,0.00,-49.75,27.65,20.34,0,0,0,
1335,90,90,0.20,9.48,1.71,0.04,-0.01,0.00,-49.23,28.03,21.19,0,0,0,
1341,89,90,0.21,9.49,1.70,0.04,-0.01,0.00,-49.52,28.14,21.03,0,0,0,
1353,89,89,0.20,9.51,1.69,0.03,-0.01,0.00,-50.10,27.58,20.64,0,0,0,
1359,89,90,0.20,9.49,1.70,0.02,-0.01,0.00,-49.74,27.73,20.56,0,0,0,
1365,89,90,0.20,9.49,1.70,0.02,-0.01,0.00,-49.37,27.83,20.84,0,0,0,
1372,89,89,0.20,9.53,1.64,0.01,-0.01,0.00,-49.84,27.40,20.17,0,0,0,
1378,89,90,0.21,9.48,1.73,-0.02,-0.01,0.00,-49.20,26.76,20.80,0,0,0,
1384,89,90,0.21,9.48,1.73,-0.02,-0.01,0.00,-49.63,27.20,20.67,0,0,0,
1389,90,90,0.21,9.48,1.72,-0.00,-0.01,0.00,-49.20,27.64,19.76,0,0,0,
1396,90,90,0.20,9.48,1.71,0.01,-0.01,0.00,-48.67,27.68,19.72,0,0,0,
1408,89,90,0.20,9.50,1.69,0.01,-0.01,0.00,-48.98,27.62,19.73,0,0,0,
1414,89,90,0.20,9.49,1.70,0.00,-0.01,0.00,-49.17,27.38,20.87,0,0,0,
1420,89,90,0.20,9.49,1.70,0.00,-0.01,0.00,-49.11,27.42,20.56,0,0,0,
1427,90,90,0.20,9.48,1.71,0.00,-0.01,0.00,-48.82,27.49,19.85,0,0,0,
1433,90,90,0.19,9.48,1.70,0.00,-0.01,0.00,-49.40,27.26,19.91,0,0,0,
1445,90,90,0.20,9.47,1.73,0.01,-0.01,0.00,-49.52,27.49,20.32,0,0,0,
1452,90,90,0.20,9.48,1.70,0.02,-0.01,0.00,-49.40,27.38,20.23,0,0,0,
1464,89,90,0.21,9.48,1.72,0.03,-0.01,0.00,-49.59,27.54,19.56,0,0,0,
1471,90,90,0.20,9.46,1.72,0.04,-0.01,0.00,-49.75,26.89,20.30,0,0,0,
1477,90,90,0.20,9.46,1.72,0.04,-0.01,0.00,-49.43,27.35,19.80,0,0,0,
1483,90,90,0.20,9.47,1.72,0.06,-0.01,0.00,-49.71,27.02,20.77,0,0,0,
1489,89,89,0.20,9.51,1.66,0.06,-0.01,0.00,-49.43,26.79,21.13,0,0,0,
1496,89,89,0.21,9.52,1.66,0.06,-0.01,0.00,-49.84,27.61,21.05,0,0,0,
1502,89,89,0.21,9.52,1.66,0.04,-0.01,0.00,-49.42,26.92,19.72,0,0,0,
1508,89,89,0.20,9.50,1.66,0.02,-0.01,0.00,-49.11,27.32,20.02,0,0,0,
1519,89,89,0.20,9.50,1.66,0.00,-0.01,0.00,-49.91,27.58,20.37,0,0,0,
1526,89,90,0.20,9.49,1.67,-0.00,-0.01,0.00,-49.58,27.24,20.02,0,0,0,
1533,89,90,0.20,9.49,1.66,-0.00,-0.01,0.00,-49.88,27.24,20.39,0,0,0,
1539,89,89,0.20,9.51,1.66,-0.01,-0.01,0.00,-49.31,27.62,21.08,0,0,0,
1545,89,89,0.20,9.51,1.66,-0.03,-0.01,0.00,-49.30,27.74,20.45,0,0,0,
1552,90,89,0.20,9.49,1.68,-0.03,-0.01,0.00,-49.53,27.59,21.69,0,0,0,
1558,90,89,0.20,9.49,1.68,-0.04,-0.01,0.00,-49.62,27.40,21.13,0,0,0,
1569,89,90,0.20,9.49,1.68,-0.04,-0.01,0.00,-49.34,27.08,21.37,0,0,0,
1575,90,90,0.20,9.48,1.70,-0.05,-0.01,0.00,-49.94,27.57,20.75,0,0,0,
1581,90,90,0.20,9.48,1.72,-0.05,-0.01,0.00,-49.88,27.67,20.01,0,0,0,
1588,89,89,0.21,9.50,1.69,-0.05,-0.01,0.00,-49.99,28.15,20.18,0,0,0,
1594,89,89,0.21,9.50,1.69,-0.04,-0.01,0.00,-49.43,27.73,20.14,0,0,0,
1608,90,90,0.21,9.48,1.73,-0.04,-0.01,0.00,-50.06,27.54,20.20,0,0,0,
1614,90,90,0.21,9.48,1.73,-0.04,-0.01,0.00,-49.71,27.39,19.82,0,0,0,
1626,90,90,0.21,9.48,1.72,-0.03,-0.01,0.00,-49.05,27.51,19.91,0,0,0,
1633,90,90,0.21,9.48,1.72,-0.01,-0.01,0.00,-49.14,27.08,19.47,0,0,0,
1639,89,90,0.21,9.49,1.70,-0.02,-0.01,0.00,-49.20,26.85,19.76,0,0,0,
1645,90,90,0.21,9.47,1.74,-0.03,-0.01,0.00,-49.25,27.32,20.21,0,0,0,
1652,90,90,0.21,9.47,1.74,-0.03,-0.01,0.00,-49.40,27.19,19.96,0,0,0,
1658,90,90,0.20,9.45,1.78,-0.01,-0.01,0.00,-49.81,27.38,20.11,0,0,0,
1665,90,90,0.19,9.48,1.71,0.01,-0.01,0.00,-49.15,27.43,19.83,0,0,0,
1670,90,90,0.19,9.48,1.71,0.01,-0.01,0.00,-49.12,27.51,19.20,0,0,0,
1682,90,90,0.20,9.48,1.71,0.01,-0.01,0.00,-49.27,27.14,19.86,0,0,0,
1689,90,90,0.20,9.48,1.71,0.01,-0.01,0.00,-49.44,27.54,20.29,0,0,0,
1695,90,90,0.21,9.47,1.73,0.01,-0.01,0.00,-48.99,27.16,19.53,0,0,0,
1701,89,90,0.20,9.48,1.73,0.01,-0.01,0.00,-49.44,27.33,19.79,0,0,0,
1707,89,90,0.20,9.48,1.73,0.01,-0.01,0.00,-49.36,27.73,20.87,0,0,0,
1714,90,90,0.20,9.48,1.72,0.01,-0.01,0.00,-49.39,27.13,19.22,0,0,0,
1720,90,90,0.20,9.48,1.72,0.01,-0.01,0.00,-49.42,26.59,19.79,0,0,0,
1732,89,90,0.21,9.48,1.72,0.01,-0.01,0.00,-49.43,27.21,20.90,0,0,0,
1738,90,90,0.20,9.49,1.73,0.01,-0.01,0.00,-49.50,27.04,19.85,0,0,0,
1744,90,90,0.20,9.49,1.73,0.01,-0.01,0.00,-49.42,26.97,19.53,0,0,0,
1751,90,90,0.19,9.48,1.73,0.01,-0.01,0.00,-49.30,26.78,19.75,0,0,0,
1763,89,90,0.20,9.49,1.72,0.00,-0.01,0.00,-49.11,26.75,19.48,0,0,0,
1770,89,90,0.22,9.48,1.73,0.00,-0.01,0.00,-49.61,27.52,19.56,0,0,0,
1776,89,90,0.21,9.48,1.72,-0.01,-0.01,0.00,-48.76,27.45,19.10,0,0,0,
1782,89,90,0.21,9.50,1.71,-0.01,-0.01,0.00,-49.24,27.20,19.60,0,0,0,
1794,89,89,0.20,9.52,1.67,-0.05,-0.01,0.00,-49.50,27.24,19.83,0,0,0,
1800,89,89,0.20,9.52,1.67,-0.05,-0.01,0.00,-49.52,27.48,19.32,0,0,0,
1806,90,90,0.20,9.46,1.77,-0.06,-0.01,0.00,-49.31,27.05,20.05,0,0,0,
1813,90,90,0.20,9.47,1.75,-0.05,-0.01,0.00,-49.81,27.48,20.37,0,0,0,
1819,90,90,0.20,9.47,1.75,-0.05,-0.01,0.00,-49.78,27.62,20.46,0,0,0,
1825,90,90,0.21,9.46,1.76,-0.05,-0.00,0.00,-49.78,27.05,19.89,0,0,0,
1831,89,90,0.21,9.49,1.71,-0.04,0.00,0.00,-49.40,26.81,19.29,0,0,0,
1842,89,89,0.23,9.55,1.56,-0.04,0.04,0.01,-49.65,26.92,20.96,0,0,0,
1850,90,90,0.18,9.41,1.93,-0.11,0.04,0.01,-49.34,27.00,19.73,0,0,0,
1855,90,90,0.18,9.41,1.93,-0.11,0.04,0.01,-49.46,27.65,20.53,0,0,0,
1861,90,90,0.19,9.44,1.85,-0.05,0.01,0.00,-49.34,27.11,20.11,0,0,0,
1868,90,90,0.21,9.48,1.78,-0.04,-0.00,0.00,-49.12,27.07,19.79,0,0,0,
1875,90,90,0.21,9.48,1.78,-0.04,-0.00,0.00,-48.99,27.14,19.42,0,0,0,
1881,90,90,0.20,9.46,1.81,-0.03,-0.00,0.00,-49.02,27.51,19.47,0,0,0,
1892,89,90,0.20,9.49,1.77,-0.01,-0.01,0.00,-49.66,27.16,19.51,0,0,0,
1898,90,90,0.19,9.45,1.81,-0.01,-0.01,0.00,-49.88,27.33,19.60,0,0,0,
1905,90,90,0.20,9.45,1.80,-0.00,-0.01,0.00,-49.66,27.08,19.94,0,0,0,
1911,90,90,0.20,9.45,1.80,-0.00,-0.01,0.00,-49.12,26.91,20.20,0,0,0,
1923,90,90,0.21,9.47,1.79,0.00,-0.01,0.00,-49.61,26.88,20.68,0,0,0,
1930,90,90,0.21,9.47,1.79,0.00,-0.01,0.00,-49.43,27.74,19.80,0,0,0,
1937,90,90,0.20,9.47,1.79,0.00,-0.01,0.00,-49.55,27.27,20.20,0,0,0,
1943,90,90,0.20,9.46,1.78,0.00,-0.01,0.00,-45.37,26.95,19.69,0,0,0,
1955,90,90,0.21,9.47,1.78,0.01,-0.01,0.00,-49.62,26.92,20.11,0,0,0,
1961,89,90,0.21,9.48,1.78,0.01,-0.01,0.00,-49.59,27.01,18.90,0,0,0,
1968,90,90,0.20,9.47,1.78,0.00,-0.01,0.00,-49.49,26.92,20.01,0,0,0,
1974,90,90,0.20,9.47,1.78,0.00,-0.01,0.00,-49.33,27.61,20.15,0,0,0,
1980,90,90,0.20,9.48,1.79,-0.00,-0.01,0.00,-49.14,27.29,20.40,0,0,0,
1986,90,90,0.20,9.46,1.79,-0.00,-0.01,0.00,-49.30,27.30,19.76,0,0,0,
1993,90,90,0.20,9.46,1.79,0.00,-0.01,0.00,-49.17,27.67,19.57,0,0,0,
2005,90,90,0.20,9.46,1.80,0.01,-0.01,0.00,-48.89,27.62,20.08,0,0,0,
2011,90,90,0.20,9.46,1.80,0.02,-0.01,0.00,-49.08,27.21,19.83,0,0,0,
2017,90,90,0.18,9.46,1.79,0.02,-0.01,0.00,-49.40,27.24,19.61,0,0,0,
2023,90,90,0.19,9.47,1.78,0.02,-0.01,0.00,-49.05,27.38,18.91,0,0,0,
2030,90,90,0.19,9.47,1.78,0.02,-0.01,0.00,-49.37,27.58,19.72,0,0,0,
2036,89,90,0.21,9.49,1.76,0.02,-0.01,0.00,-49.04,27.36,19.44,0,0,0,
2042,89,90,0.21,9.48,1.77,0.01,-0.01,0.00,-48.77,27.04,18.93,0,0,0,
2054,90,90,0.19,9.48,1.77,-0.00,-0.01,0.00,-49.01,27.33,19.44,0,0,0,
2061,90,90,0.20,9.47,1.77,-0.01,-0.01,0.00,-48.74,26.73,19.86,0,0,0,
2067,90,90,0.20,9.47,1.77,-0.01,-0.01,0.00,-49.08,27.52,19.10,0,0,0,
2073,90,90,0.20,9.48,1.77,-0.02,-0.01,0.00,-49.49,26.70,19.76,0,0,0,
2086,90,90,0.20,9.44,1.83,-0.01,-0.01,0.00,-49.82,26.72,19.66,0,0,0,
2093,89,89,0.21,9.52,1.70,-0.02,-0.01,0.00,-48.67,26.92,19.57,0,0,0,
2100,90,90,0.20,9.45,1.83,-0.04,-0.01,0.00,-49.66,27.17,20.02,0,0,0,
2106,90,90,0.20,9.45,1.83,-0.04,-0.01,0.00,-49.25,27.51,19.61,0,0,0,
2117,90,90,0.22,9.47,1.74,-0.01,0.00,0.00,-49.40,27.27,20.40,0,0,0,
2124,90,90,0.22,9.47,1.74,-0.01,0.00,0.00,-49.85,27.16,20.51,0,0,0,
2131,90,90,0.20,9.49,1.77,-0.00,0.02,0.01,-49.28,27.30,20.55,0,0,0,
2137,90,90,0.19,9.44,1.89,-0.01,0.01,0.01,-49.34,27.01,19.48,0,0,0,
2143,90,90,0.19,9.44,1.89,-0.01,0.01,0.01,-49.40,27.05,19.54,0,0,0,
2149,90,90,0.20,9.48,1.78,-0.01,-0.01,0.00,-49.77,27.01,20.52,0,0,0,
2156,90,90,0.21,9.47,1.79,-0.02,-0.01,0.00,-49.02,27.35,19.67,0,0,0,
2167,90,90,0.20,9.46,1.80,-0.03,-0.00,0.00,-50.06,26.92,19.66,0,0,0,
2173,90,90,0.20,9.45,1.80,-0.03,-0.00,0.00,-49.30,27.11,19.79,0,0,0,
2179,90,90,0.20,9.45,1.80,-0.03,-0.00,0.00,-49.77,27.62,20.33,0,0,0,
2186,90,90,0.20,9.45,1.81,-0.02,-0.01,0.00,-48.95,27.67,19.73,0,0,0,
2192,90,90,0.21,9.43,1.84,-0.01,-0.01,0.00,-49.49,27.61,19.63,0,0,0,
2198,90,90,0.21,9.43,1.84,-0.01,-0.01,0.00,-49.62,27.83,19.32,0,0,0,
2204,89,89,0.21,9.52,1.75,-0.00,-0.00,0.00,-49.50,27.13,19.37,0,0,0,
2215,90,90,0.19,9.45,1.83,-0.03,-0.01,0.00,-48.64,27.36,20.18,0,0,0,
2222,90,90,0.20,9.44,1.83,-0.02,-0.01,0.00,-49.56,27.21,20.81,0,0,0,
2228,90,90,0.21,9.46,1.83,0.00,-0.01,0.00,-49.40,27.74,20.21,0,0,0,
2234,90,90,0.21,9.46,1.83,0.00,-0.01,0.00,-49.18,27.57,20.11,0,0,0,
2246,90,90,0.20,9.46,1.82,0.01,-0.01,0.00,-49.12,27.23,20.11,0,0,0,
2253,90,90,0.20,9.46,1.82,0.01,-0.01,0.00,-49.01,27.70,19.66,0,0,0,
2259,90,90,0.21,9.46,1.82,0.01,-0.01,0.00,-49.21,27.55,19.34,0,0,0,
2265,90,90,0.20,9.45,1.81,0.01,-0.01,0.00,-48.95,26.75,20.42,0,0,0,
2277,90,90,0.21,9.48,1.80,0.01,-0.01,0.00,-49.06,27.10,19.54,0,0,0,
2284,90,90,0.21,9.47,1.82,0.01,-0.01,0.00,-49.20,27.07,19.95,0,0,0,
2290,90,90,0.21,9.47,1.82,0.01,-0.01,0.00,-49.18,27.27,19.63,0,0,0,
2296,90,90,0.19,9.46,1.81,0.01,-0.01,0.00,-49.09,27.40,20.15,0,0,0,
2302,90,90,0.20,9.46,1.83,0.00,-0.01,0.00,-49.04,27.05,19.96,0,0,0,
2309,90,90,0.20,9.46,1.83,0.00,-0.01,0.00,-49.69,27.05,19.69,0,0,0,
2315,90,90,0.21,9.47,1.81,0.01,-0.01,0.00,-49.24,27.38,19.63,0,0,0,
2327,90,90,0.20,9.46,1.82,0.01,-0.01,0.00,-49.46,27.21,18.44,0,0,0,
2333,90,90,0.20,9.46,1.81,0.01,-0.01,0.00,-48.96,27.40,19.64,0,0,0,
2339,90,90,0.21,9.46,1.81,0.02,-0.01,0.00,-49.39,27.32,19.50,0,0,0,
2346,90,90,0.21,9.46,1.81,0.02,-0.01,0.00,-49.34,27.43,20.14,0,0,0,
2352,90,90,0.21,9.46,1.81,0.01,-0.01,0.00,-48.67,26.95,19.64,0,0,0,
2358,90,90,0.20,9.46,1.82,0.02,-0.01,0.00,-48.79,27.68,19.22,0,0,0,
2364,90,90,0.20,9.46,1.82,0.02,-0.01,0.00,-49.01,26.78,19.58,0,0,0,
2371,90,90,0.20,9.47,1.81,0.02,-0.01,0.00,-49.44,27.04,19.42,0,0,0,
2383,90,90,0.20,9.47,1.81,0.02,-0.01,0.00,-49.77,27.55,19.77,0,0,0,
2389,90,90,0.20,9.47,1.80,0.02,-0.01,0.00,-48.74,27.21,19.66,0,0,0,
2401,90,90,0.20,9.47,1.81,0.02,-0.01,0.00,-49.31,26.97,20.39,0,0,0,
2409,90,90,0.20,9.47,1.79,0.01,-0.01,0.00,-49.37,27.02,19.80,0,0,0,
2415,90,90,0.20,9.47,1.80,0.01,-0.01,0.00,-49.24,26.98,20.13,0,0,0,
2421,90,90,0.20,9.47,1.80,0.00,-0.01,0.00,-49.58,27.73,20.53,0,0,0,
2428,90,90,0.20,9.47,1.80,0.00,-0.01,0.00,-49.63,26.82,20.32,0,0,0,
2439,90,90,0.21,9.46,1.82,-0.00,-0.01,0.00,-49.44,27.05,20.43,0,0,0,
2446,90,90,0.20,9.46,1.82,-0.00,-0.01,0.00,-49.46,26.94,20.89,0,0,0,
2452,90,90,0.20,9.45,1.81,0.00,-0.01,0.00,-48.95,27.49,20.40,0,0,0,
2458,90,90,0.21,9.47,1.79,0.00,-0.01,0.00,-49.50,27.13,19.94,0,0,0,
2464,90,90,0.21,9.47,1.79,0.00,-0.01,0.00,-48.74,27.20,19.48,0,0,0,
2471,90,90,0.20,9.46,1.81,-0.00,-0.01,0.00,-49.09,26.92,20.18,0,0,0,
2487,90,90,0.20,9.46,1.81,0.00,-0.01,0.00,-49.28,27.11,20.26,0,0,0,
2586,90,90,0.20,9.46,1.81,0.01,-0.01,0.00,-49.06,27.00,19.58,0,0,0,
2592,90,90,0.20,9.46,1.82,0.01,-0.01,0.00,-48.67,27.33,19.76,0,0,0,
2599,90,90,0.20,9.47,1.82,0.01,-0.01,0.00,-49.36,27.11,19.61,0,0,0,
2605,90,90,0.20,9.47,1.82,0.01,-0.01,0.00,-49.33,27.43,19.54,0,0,0,
2611,90,90,0.21,9.46,1.81,0.01,-0.01,0.00,-49.36,27.32,20.56,0,0,0,
2617,90,90,0.20,9.46,1.82,0.01,-0.01,0.00,-49.04,26.82,20.15,0,0,0,
2624,90,90,0.20,9.46,1.82,0.01,-0.01,0.00,-49.78,27.24,19.77,0,0,0,
2630,90,90,0.19,9.46,1.82,0.01,-0.01,0.00,-49.15,27.16,19.75,0,0,0,
2641,90,90,0.20,9.44,1.82,0.02,-0.01,0.00,-48.95,26.83,20.23,0,0,0,
2648,90,90,0.20,9.46,1.80,0.03,-0.01,0.00,-49.68,26.50,20.20,0,0,0,
2654,90,90,0.21,9.47,1.80,0.03,-0.01,0.00,-48.89,27.33,20.18,0,0,0,
2661,90,90,0.21,9.47,1.80,0.03,-0.01,0.00,-49.04,27.27,19.22,0,0,0,
2667,90,90,0.20,9.48,1.80,0.03,-0.01,0.00,-48.99,27.01,20.55,0,0,0,
2673,90,90,0.20,9.46,1.80,0.02,-0.01,0.00,-49.08,27.32,19.82,0,0,0,
2679,90,90,0.20,9.46,1.80,0.02,-0.01,0.00,-49.43,27.08,19.77,0,0,0,
2690,90,90,0.21,9.47,1.79,0.01,-0.01,0.00,-49.12,27.55,20.39,0,0,0,
2697,90,90,0.21,9.47,1.79,0.01,-0.01,0.00,-49.23,27.55,19.70,0,0,0,
2703,90,90,0.20,9.46,1.81,0.01,-0.01,0.00,-48.82,27.16,20.04,0,0,0,
2709,90,90,0.20,9.46,1.82,0.01,-0.01,0.00,-48.77,27.43,20.49,0,0,0,
2715,90,90,0.20,9.46,1.82,0.01,-0.01,0.00,-49.34,27.04,20.26,0,0,0,
2729,90,90,0.21,9.47,1.80,0.03,-0.01,0.00,-49.18,27.54,19.98,0,0,0,
2735,90,90,0.20,9.46,1.81,0.03,-0.01,0.00,-49.05,27.36,20.90,0,0,0,
2741,90,90,0.20,9.46,1.81,0.03,-0.01,0.00,-49.34,27.00,20.18,0,0,0,
2753,90,90,0.20,9.47,1.79,0.03,-0.01,0.00,-48.58,27.07,20.11,0,0,0,
2760,90,90,0.20,9.48,1.78,0.02,-0.01,0.00,-48.90,27.29,19.66,0,0,0,
2766,90,90,0.20,9.48,1.79,0.01,-0.01,0.00,-49.24,27.77,19.73,0,0,0,
2772,90,90,0.20,9.48,1.79,0.01,-0.01,0.00,-49.43,27.05,19.51,0,0,0,
2778,90,90,0.20,9.46,1.79,0.01,-0.01,0.00,-48.90,27.62,19.58,0,0,0,
2785,90,90,0.20,9.47,1.79,0.02,-0.01,0.00,-49.09,27.16,20.15,0,0,0,
2790,90,90,0.20,9.46,1.78,0.02,-0.01,0.00,-49.09,27.64,20.39,0,0,0,
2802,90,90,0.20,9.48,1.78,0.01,-0.01,0.00,-49.31,27.68,21.59,0,0,0,
2808,90,90,0.20,9.48,1.78,0.01,-0.01,0.00,-49.59,27.13,19.72,0,0,0,
2815,90,90,0.19,9.48,1.78,0.00,-0.01,0.00,-49.44,27.78,20.23,0,0,0,
2821,90,90,0.20,9.47,1.79,-0.00,-0.01,0.00,-49.34,26.98,19.25,0,0,0,
2827,90,90,0.20,9.47,1.79,-0.00,-0.01,0.00,-49.09,27.55,19.64,0,0,0,
2833,90,90,0.20,9.47,1.79,-0.00,-0.01,0.00,-49.42,26.60,19.89,0,0,0,
2840,90,90,0.20,9.46,1.78,-0.00,-0.01,0.00,-49.77,27.01,20.14,0,0,0,
2851,90,90,0.20,9.46,1.80,-0.01,-0.01,0.00,-48.57,26.92,20.11,0,0,0,
2858,90,90,0.21,9.46,1.79,-0.00,-0.01,0.00,-49.04,27.23,20.53,0,0,0,
2864,90,90,0.21,9.46,1.79,-0.00,-0.01,0.00,-45.69,27.21,20.53,0,0,0,
2870,90,90,0.20,9.46,1.80,-0.00,-0.01,0.00,-48.54,27.13,20.96,0,0,0,
2877,90,90,0.21,9.47,1.80,0.00,-0.01,0.00,-48.99,27.27,19.94,0,0,0,
2890,90,90,0.21,9.47,1.81,0.00,-0.01,0.00,-48.48,27.10,20.49,0,0,0,
2896,90,90,0.20,9.45,1.80,0.01,-0.01,0.00,-49.15,26.75,20.78,0,0,0,
2902,89,90,0.21,9.49,1.76,0.01,-0.01,0.00,-48.90,27.13,20.20,0,0,0,
2914,89,90,0.22,9.48,1.77,-0.01,-0.01,0.00,-49.05,26.89,20.34,0,0,0,
2921,90,90,0.20,9.45,1.82,-0.02,-0.01,0.00,-49.50,27.48,20.42,0,0,0,
2927,90,90,0.20,9.45,1.82,-0.02,-0.01,0.00,-49.46,27.24,19.22,0,0,0,
2933,90,90,0.21,9.45,1.81,-0.01,-0.01,0.00,-48.89,26.97,20.83,0,0,0,
2940,90,90,0.21,9.47,1.78,-0.00,-0.01,0.00,-48.96,27.16,20.68,0,0,0,
2946,90,90,0.21,9.47,1.78,-0.00,-0.01,0.00,-48.49,27.19,20.10,0,0,0,
2952,89,89,0.21,9.53,1.72,-0.03,-0.01,0.00,-48.67,27.20,19.88,0,0,0,
2963,90,90,0.20,9.44,1.83,-0.08,-0.01,0.00,-49.08,27.20,20.04,0,0,0,
2969,90,90,0.21,9.43,1.81,-0.05,0.00,0.00,-49.18,26.81,20.62,0,0,0,
2976,90,90,0.20,9.48,1.75,-0.02,0.02,0.01,-49.21,26.89,19.82,0,0,0,
2982,90,90,0.20,9.48,1.75,-0.02,0.02,0.01,-45.53,26.95,20.21,0,0,0,
2988,90,90,0.20,9.47,1.75,-0.03,0.05,0.01,-49.40,26.59,19.91,0,0,0,
2994,90,90,0.19,9.42,1.93,-0.03,0.05,0.01,-49.40,26.89,19.63,0,0,0,
3001,90,90,0.19,9.42,1.93,-0.05,0.05,0.01,-49.20,27.35,19.92,0,0,0,
3007,90,90,0.20,9.43,1.94,-0.02,0.01,0.00,-49.28,26.89,19.77,0,0,0,
3019,90,90,0.21,9.47,1.82,-0.01,-0.00,0.00,-48.93,26.86,20.37,0,0,0,
3025,90,90,0.19,9.45,1.84,-0.01,-0.00,0.00,-48.99,26.62,20.36,0,0,0,
3032,90,90,0.20,9.47,1.81,-0.01,-0.00,0.00,-49.01,26.66,20.27,0,0,0,
3045,90,90,0.21,9.44,1.84,-0.00,-0.00,0.00,-49.72,26.59,19.80,0,0,0,
3051,90,90,0.20,9.47,1.82,-0.00,-0.00,0.00,-49.33,26.91,19.31,0,0,0,
3057,90,90,0.20,9.47,1.82,-0.00,-0.00,0.00,-48.90,27.27,20.84,0,0,0,
3064,90,90,0.21,9.46,1.81,-0.01,0.00,0.00,-49.40,27.10,19.98,0,0,0,
3076,90,90,0.21,9.46,1.83,-0.02,0.00,0.00,-49.75,26.64,20.14,0,0,0,
3082,90,90,0.19,9.44,1.86,-0.01,0.00,0.00,-49.14,27.33,20.64,0,0,0,
3088,90,90,0.20,9.43,1.89,-0.00,-0.00,0.00,-49.36,27.07,20.78,0,0,0,
3094,90,90,0.20,9.43,1.89,-0.00,-0.00,0.00,-48.77,27.27,20.37,0,0,0,
3101,90,90,0.20,9.46,1.83,0.01,-0.01,0.00,-49.14,27.49,20.53,0,0,0,
3107,90,90,0.20,9.45,1.83,0.01,-0.01,0.00,-49.18,27.36,20.34,0,0,0,
3113,90,90,0.20,9.45,1.83,0.01,-0.01,0.00,-49.09,27.43,20.61,0,0,0,
3125,90,90,0.21,9.45,1.85,-0.01,-0.01,0.00,-49.30,26.91,20.58,0,0,0,
3132,90,90,0.21,9.45,1.85,-0.01,-0.01,0.00,-48.90,27.01,20.17,0,0,0,
3138,90,90,0.20,9.45,1.86,0.00,-0.01,0.00,-49.11,27.49,20.23,0,0,0,
3144,90,90,0.20,9.45,1.85,0.01,-0.01,0.00,-49.59,26.88,19.83,0,0,0,
3149,90,90,0.20,9.45,1.85,0.01,-0.01,0.00,-49.12,27.32,19.96,0,0,0,
3156,90,90,0.20,9.46,1.84,0.01,-0.01,0.00,-48.82,27.48,19.41,0,0,0,
3162,90,90,0.20,9.46,1.84,0.01,-0.01,0.00,-49.99,26.97,19.76,0,0,0,
3168,90,90,0.20,9.46,1.84,0.01,-0.01,0.00,-49.62,27.20,20.29,0,0,0,
3179,90,90,0.21,9.46,1.84,0.01,-0.01,0.00,-49.08,26.86,20.10,0,0,0,
3185,90,90,0.21,9.46,1.84,0.01,-0.01,0.00,-49.49,27.23,19.01,0,0,0,
3192,90,90,0.20,9.44,1.84,0.01,-0.01,0.00,-48.76,27.80,20.26,0,0,0,
3204,90,90,0.20,9.47,1.82,0.01,-0.01,0.00,-48.92,27.01,20.23,0,0,0,
3211,90,90,0.20,9.45,1.85,0.01,-0.01,0.00,-49.18,26.82,19.61,0,0,0,
3217,90,90,0.20,9.46,1.83,0.01,-0.01,0.00,-49.52,27.11,20.80,0,0,0,
3224,90,90,0.20,9.46,1.83,0.01,-0.01,0.00,-49.58,27.45,19.76,0,0,0,
3235,90,90,0.21,9.46,1.83,0.01,-0.01,0.00,-49.21,27.39,20.33,0,0,0,
3242,90,90,0.21,9.46,1.83,0.01,-0.01,0.00,-48.82,26.88,20.91,0,0,0,
3248,90,90,0.20,9.46,1.83,-0.00,-0.01,0.00,-49.21,26.79,20.21,0,0,0,
3254,90,90,0.20,9.46,1.84,-0.00,-0.01,0.00,-49.20,26.70,19.77,0,0,0,
3261,90,90,0.20,9.46,1.84,-0.00,-0.01,0.00,-49.31,27.40,20.53,0,0,0,
3267,90,90,0.20,9.46,1.84,-0.00,-0.01,0.00,-49.74,27.21,20.83,0,0,0,
3272,90,90,0.20,9.46,1.84,-0.00,-0.01,0.00,-48.80,26.72,21.21,0,0,0,
3284,90,90,0.20,9.45,1.85,0.00,-0.01,0.00,-49.36,27.38,20.46,0,0,0,
3291,90,90,0.21,9.46,1.83,0.00,-0.01,0.00,-48.52,27.24,20.65,0,0,0,
3297,90,90,0.21,9.46,1.83,0.00,-0.01,0.00,-48.33,26.94,20.51,0,0,0,
3303,90,90,0.20,9.47,1.83,0.00,-0.00,0.00,-48.60,27.29,20.80,0,0,0,
3309,90,90,0.21,9.47,1.77,0.00,0.01,0.00,-49.30,26.82,20.40,0,0,0,
3316,90,90,0.21,9.47,1.77,-0.01,0.01,0.00,-49.08,27.26,20.56,0,0,0,
3322,90,90,0.20,9.43,1.93,-0.02,0.01,0.00,-49.28,27.04,20.10,0,0,0,
3328,90,90,0.21,9.46,1.85,-0.01,-0.00,0.00,-49.20,27.10,19.56,0,0,0,
3339,90,90,0.21,9.46,1.85,-0.01,-0.00,0.00,-49.40,27.07,21.02,0,0,0,
3346,90,90,0.21,9.46,1.85,-0.00,-0.01,0.00,-49.25,27.11,20.91,0,0,0,
3353,90,90,0.21,9.46,1.85,-0.00,-0.01,0.00,-49.36,26.91,20.75,0,0,0,
3365,90,90,0.20,9.45,1.85,0.01,-0.01,0.00,-49.44,26.73,19.82,0,0,0,
3372,90,90,0.20,9.45,1.85,0.01,-0.01,0.00,-49.25,27.33,20.30,0,0,0,
3379,90,90,0.20,9.44,1.86,0.01,-0.01,0.00,-49.27,26.91,19.91,0,0,0,
3385,90,90,0.20,9.46,1.86,0.01,-0.01,0.00,-49.68,27.00,19.83,0,0,0,
3397,90,90,0.21,9.46,1.84,0.02,-0.01,0.00,-49.65,26.83,20.78,0,0,0,
3403,90,90,0.20,9.47,1.85,0.02,-0.01,0.00,-49.27,26.76,20.36,0,0,0,
3409,90,90,0.20,9.47,1.85,0.02,-0.01,0.00,-49.30,26.79,20.36,0,0,0,
3416,90,90,0.19,9.45,1.84,0.02,-0.01,0.00,-49.52,27.30,19.75,0,0,0,
3422,90,90,0.20,9.45,1.83,0.01,-0.01,0.00,-49.75,26.54,20.68,0,0,0,
3428,90,90,0.20,9.45,1.83,0.01,-0.01,0.00,-49.93,27.11,19.61,0,0,0,
3434,90,90,0.20,9.46,1.84,0.01,-0.01,0.00,-49.46,26.79,20.14,0,0,0,
3441,90,90,0.20,9.45,1.86,0.02,-0.01,0.00,-49.63,26.75,19.92,0,0,0,
3452,90,90,0.20,9.45,1.85,0.02,-0.01,0.00,-49.47,26.72,20.23,0,0,0,
3459,90,90,0.21,9.47,1.83,0.02,-0.01,0.00,-49.47,27.13,20.87,0,0,0,
3465,90,90,0.21,9.47,1.83,0.02,-0.01,0.00,-49.81,27.00,20.32,0,0,0,
3471,90,90,0.21,9.45,1.83,0.00,-0.01,0.00,-49.09,27.23,20.65,0,0,0,
3478,90,90,0.21,9.48,1.81,0.03,-0.01,0.00,-49.69,26.83,20.83,0,0,0,
3484,90,90,0.21,9.48,1.81,0.03,-0.01,0.00,-49.66,26.92,21.22,0,0,0,
3490,90,90,0.20,9.45,1.85,-0.01,-0.01,0.00,-49.59,26.78,20.24,0,0,0,
3501,90,90,0.21,9.48,1.82,-0.00,-0.01,0.00,-49.65,27.30,21.24,0,0,0,
3509,90,90,0.20,9.47,1.82,-0.02,-0.01,0.00,-49.31,26.89,21.37,0,0,0,
3514,90,90,0.20,9.47,1.83,-0.03,-0.01,0.00,-48.98,27.23,20.34,0,0,0,
3527,90,90,0.20,9.47,1.83,-0.04,-0.01,0.00,-49.31,27.42,21.02,0,0,0,
3534,90,90,0.20,9.47,1.84,-0.05,-0.00,0.00,-48.51,27.54,21.21,0,0,0,
3541,90,90,0.21,9.46,1.84,-0.06,0.00,0.00,-48.85,27.33,20.37,0,0,0,
3547,90,90,0.21,9.46,1.84,-0.06,0.00,0.00,-49.09,27.23,21.29,0,0,0,
3558,90,90,0.20,9.44,1.89,-0.05,0.01,0.00,-48.73,27.58,20.52,0,0,0,
3564,90,90,0.19,9.44,1.89,-0.03,0.01,0.00,-49.08,27.43,21.25,0,0,0,
3571,90,90,0.20,9.43,1.89,-0.02,0.00,0.00,-48.83,27.33,20.91,0,0,0,
3577,90,90,0.20,9.45,1.87,-0.02,0.00,0.01,-49.20,26.91,20.51,0,0,0,
3583,90,90,0.20,9.45,1.87,-0.01,0.01,0.01,-49.31,27.11,19.88,0,0,0,
3589,90,90,0.19,9.44,1.90,-0.01,0.01,0.01,-48.44,27.16,20.20,0,0,0,
3596,90,90,0.20,9.44,1.90,-0.00,-0.00,0.00,-48.93,27.30,20.42,0,0,0,
3602,90,90,0.20,9.44,1.90,-0.00,-0.00,0.00,-48.82,27.21,21.06,0,0,0,
3613,90,90,0.20,9.44,1.87,0.00,-0.00,0.00,-48.54,27.74,21.03,0,0,0,
3619,90,90,0.20,9.44,1.87,0.00,-0.00,0.00,-48.98,26.83,20.78,0,0,0,
3625,90,90,0.20,9.45,1.87,0.00,-0.01,0.00,-48.76,27.00,20.86,0,0,0,
3632,90,90,0.20,9.46,1.87,0.00,-0.01,0.00,-48.30,26.81,20.90,0,0,0,
3638,90,90,0.20,9.46,1.87,-0.00,-0.00,0.00,-49.23,27.23,20.59,0,0,0,
3644,90,90,0.21,9.46,1.87,-0.01,-0.01,0.00,-49.39,27.92,21.56,0,0,0,
3650,90,90,0.21,9.46,1.87,-0.01,-0.01,0.00,-48.82,27.33,20.91,0,0,0,
3661,90,90,0.20,9.46,1.86,-0.00,0.00,0.00,-49.24,27.19,21.06,0,0,0,
3668,90,90,0.20,9.46,1.86,-0.00,0.00,0.00,-45.76,27.01,20.37,0,0,0,
3674,90,90,0.20,9.43,1.90,-0.01,0.01,0.00,-49.44,27.74,21.00,0,0,0,
3680,90,90,0.19,9.44,1.89,0.00,0.00,0.00,-48.68,27.13,20.83,0,0,0,
3694,90,90,0.20,9.46,1.87,0.00,0.00,0.00,-48.85,27.23,20.43,0,0,0,
3700,90,90,0.20,9.46,1.86,-0.00,0.00,0.00,-48.80,27.29,19.92,0,0,0,
3706,90,90,0.20,9.44,1.89,-0.00,0.00,0.00,-49.09,27.13,20.08,0,0,0,
3712,90,90,0.22,9.44,1.89,-0.01,0.00,0.00,-49.24,26.98,19.69,0,0,0,
3724,90,90,0.19,9.46,1.86,-0.01,-0.00,0.00,-49.23,26.95,20.11,0,0,0,
3731,90,89,0.15,9.50,1.70,-0.04,0.01,0.00,-48.85,27.19,20.86,0,0,0,
3737,89,90,0.24,9.46,1.81,-0.07,0.05,0.01,-49.06,26.98,20.13,0,0,0,
3743,89,90,0.24,9.46,2.20,-0.07,0.05,0.01,-49.04,26.97,20.08,0,0,0,
3749,91,91,0.20,9.34,2.20,-0.06,0.03,0.01,-49.56,27.02,20.45,0,0,0,
3756,90,90,0.21,9.45,1.89,-0.01,-0.00,0.00,-49.46,27.39,20.56,0,0,0,
3762,90,90,0.19,9.43,1.90,-0.01,-0.00,0.00,-48.60,27.20,20.53,0,0,0,
3773,90,90,0.21,9.44,1.91,-0.00,-0.00,0.00,-49.15,27.21,20.26,0,0,0,
3780,90,90,0.21,9.44,1.91,-0.00,-0.00,0.00,-49.06,27.23,20.14,0,0,0,
3787,90,90,0.21,9.45,1.91,0.00,0.00,0.00,-49.11,27.08,20.04,0,0,0,
3793,90,90,0.21,9.43,1.95,0.00,0.00,0.00,-49.27,28.12,21.03,0,0,0,
3799,90,90,0.21,9.43,1.93,0.00,0.00,0.00,-49.21,27.13,20.67,0,0,0,
3805,90,90,0.20,9.43,1.93,0.02,-0.00,0.00,-49.66,27.40,20.43,0,0,0,
3811,90,90,0.20,9.45,1.89,0.02,-0.01,0.00,-49.33,27.52,20.27,0,0,0,
3823,90,90,0.20,9.43,1.90,0.02,-0.01,0.00,-49.33,27.11,19.92,0,0,0,
3829,90,90,0.20,9.44,1.90,0.02,-0.01,0.00,-47.85,27.43,20.75,0,0,0,
3835,90,90,0.20,9.44,1.90,0.02,-0.01,0.00,-48.68,27.51,20.55,0,0,0,
3841,90,90,0.20,9.45,1.88,0.02,-0.01,0.00,-48.33,27.61,19.41,0,0,0,
3856,90,90,0.20,9.46,1.88,0.01,-0.01,0.00,-48.68,27.38,20.74,0,0,0,
3862,90,90,0.20,9.46,1.88,0.01,-0.01,0.00,-49.28,27.00,20.99,0,0,0,
3868,90,90,0.21,9.43,1.91,-0.00,-0.01,0.00,-49.06,26.98,20.34,0,0,0,
3874,90,90,0.18,9.44,1.88,0.01,-0.01,0.00,-49.15,27.11,19.96,0,0,0,
3885,90,90,0.20,9.45,1.87,0.02,-0.00,0.00,-49.08,26.94,19.98,0,0,0,
3893,90,90,0.21,9.42,1.94,0.02,0.00,0.00,-49.09,27.43,20.97,0,0,0,
3899,90,90,0.21,9.42,1.94,0.02,0.00,0.00,-49.17,27.29,20.32,0,0,0,
3905,90,90,0.21,9.43,1.92,0.03,-0.01,0.00,-48.74,27.19,20.39,0,0,0,
3911,90,90,0.21,9.45,1.89,0.03,-0.01,0.00,-49.09,26.78,20.20,0,0,0,
3918,90,90,0.21,9.45,1.89,0.03,-0.01,0.00,-49.01,27.20,19.56,0,0,0,
3924,90,90,0.20,9.44,1.89,0.03,-0.01,0.00,-49.01,27.02,20.49,0,0,0,
3935,90,90,0.21,9.46,1.87,0.03,-0.01,0.00,-49.12,27.64,20.11,0,0,0,
3941,90,90,0.20,9.45,1.88,0.02,-0.01,0.00,-49.55,27.04,20.80,0,0,0,
3948,90,90,0.20,9.44,1.90,0.02,-0.01,0.00,-49.36,27.08,20.23,0,0,0,
3954,90,90,0.20,9.44,1.90,0.02,-0.01,0.00,-45.26,27.39,20.11,0,0,0,
3960,90,90,0.20,9.44,1.89,0.03,-0.01,0.00,-49.01,27.27,20.45,0,0,0,
3966,90,90,0.19,9.44,1.88,0.03,-0.01,0.00,-48.90,27.16,20.55,0,0,0,
3974,90,90,0.19,9.44,1.88,0.03,-0.01,0.00,-48.93,27.07,20.91,0,0,0,
3979,90,90,0.21,9.45,1.90,0.03,-0.01,0.00,-49.39,27.02,19.82,0,0,0,
3991,90,90,0.21,9.44,1.90,0.03,-0.01,0.00,-49.15,27.08,20.65,0,0,0,
3997,90,90,0.20,9.44,1.89,0.05,-0.01,0.00,-49.46,27.32,20.55,0,0,0,
4003,90,90,0.20,9.44,1.88,0.05,-0.01,0.00,-49.36,27.30,20.51,0,0,0,
4017,90,90,0.21,9.44,1.87,0.06,-0.01,0.00,-49.11,27.05,21.24,0,0,0,
4023,90,90,0.21,9.45,1.87,0.06,-0.01,0.00,-48.67,27.65,19.76,0,0,0,
4028,90,90,0.21,9.45,1.87,0.06,-0.01,0.00,-48.48,27.17,20.13,0,0,0,
4035,90,90,0.20,9.44,1.87,0.06,-0.01,0.00,-48.82,27.40,20.32,0,0,0,
4047,90,90,0.20,9.44,1.89,0.08,-0.01,0.00,-49.61,27.17,20.14,0,0,0,
4053,90,90,0.20,9.45,1.86,0.11,-0.01,0.00,-48.80,27.43,21.12,0,0,0,
4059,90,90,0.21,9.46,1.84,0.11,-0.01,0.00,-49.18,27.45,20.52,0,0,0,
4065,90,90,0.21,9.46,1.84,0.11,-0.01,0.00,-48.89,27.83,19.66,0,0,0,
4072,90,90,0.20,9.45,1.83,0.12,-0.01,0.00,-49.14,27.92,20.61,0,0,0,
4078,90,90,0.20,9.46,1.81,0.13,-0.01,0.00,-48.80,27.97,19.80,0,0,0,
4084,90,90,0.20,9.46,1.81,0.13,-0.01,0.00,-48.96,27.55,20.04,0,0,0,
4089,90,90,0.20,9.46,1.82,0.12,-0.01,0.00,-48.67,27.59,19.04,0,0,0,
4101,89,89,0.20,9.51,1.76,0.13,-0.02,0.00,-49.39,28.25,20.20,0,0,0,
4108,89,90,0.21,9.48,1.76,0.09,-0.02,0.00,-48.58,27.92,19.57,0,0,0,
4114,90,90,0.21,9.41,1.85,0.10,-0.03,-0.00,-48.86,27.78,19.79,0,0,0,
4120,90,90,0.21,9.41,1.85,0.10,-0.03,-0.00,-48.92,27.73,19.53,0,0,0,
4127,89,89,0.20,9.51,1.78,0.12,-0.04,-0.00,-49.55,27.27,20.01,0,0,0,
4133,89,89,0.20,9.51,1.67,0.06,-0.04,-0.00,-48.22,27.49,20.30,0,0,0,
4139,89,89,0.20,9.51,1.67,0.06,-0.04,-0.00,-48.38,27.33,20.80,0,0,0,
4150,90,90,0.20,9.46,1.77,0.04,-0.02,0.00,-49.25,27.70,19.86,0,0,0,
4157,90,90,0.20,9.46,1.77,0.05,-0.01,0.00,-48.95,27.57,19.07,0,0,0,
4164,89,90,0.21,9.48,1.72,0.04,-0.01,0.00,-49.01,28.02,19.99,0,0,0,
4175,89,90,0.21,9.49,1.72,0.02,-0.01,0.00,-48.47,27.20,19.77,0,0,0,
4182,90,90,0.20,9.47,1.76,0.02,-0.01,0.00,-48.86,27.24,19.82,0,0,0,
4188,90,90,0.21,9.43,1.80,0.03,-0.01,0.00,-49.69,27.33,19.01,0,0,0,
4195,90,90,0.21,9.43,1.80,0.03,-0.01,0.00,-48.87,27.74,20.42,0,0,0,
4207,90,90,0.20,9.46,1.74,0.03,-0.01,0.00,-45.60,27.89,20.86,0,0,0,
4213,90,90,0.20,9.46,1.74,0.03,-0.01,0.00,-48.99,27.45,20.40,0,0,0,
4219,90,90,0.20,9.47,1.74,0.04,-0.01,0.00,-49.23,27.61,20.65,0,0,0,
4226,89,89,0.20,9.51,1.70,0.03,-0.01,0.00,-49.15,28.37,19.06,0,0,0,
4232,89,89,0.20,9.51,1.70,0.03,-0.01,0.00,-49.24,28.19,19.80,0,0,0,
4238,90,90,0.20,9.49,1.72,0.01,-0.01,0.00,-48.93,28.05,19.73,0,0,0,
4244,89,90,0.21,9.48,1.71,-0.01,-0.01,0.00,-48.92,27.81,20.26,0,0,0,
4251,89,90,0.21,9.48,1.71,-0.01,-0.01,0.00,-49.24,27.62,20.40,0,0,0,
4262,90,90,0.20,9.47,1.74,-0.03,-0.01,0.00,-49.36,27.49,20.29,0,0,0,
4269,90,90,0.20,9.47,1.74,-0.03,-0.01,0.00,-49.09,27.57,19.39,0,0,0,
4275,90,90,0.21,9.46,1.76,-0.03,-0.01,0.00,-49.47,27.64,20.46,0,0,0,
4281,90,90,0.19,9.48,1.74,-0.02,-0.01,0.00,-49.36,27.62,20.97,0,0,0,
4288,90,90,0.19,9.48,1.74,-0.02,-0.01,0.00,-49.39,27.32,19.22,0,0,0,
4294,90,90,0.20,9.45,1.77,-0.02,-0.01,0.00,-49.53,27.55,20.30,0,0,0,
4300,90,90,0.20,9.47,1.76,-0.01,-0.01,0.00,-49.62,27.43,20.71,0,0,0,
4311,90,90,0.20,9.47,1.76,-0.01,-0.01,0.00,-49.21,27.46,21.03,0,0,0,
4318,90,90,0.21,9.47,1.76,0.00,-0.01,0.00,-49.59,26.83,21.91,0,0,0,
4324,90,90,0.21,9.47,1.76,0.00,-0.01,0.00,-49.55,27.30,20.65,0,0,0,
4337,90,90,0.21,9.46,1.76,0.01,-0.01,0.00,-49.96,27.45,20.14,0,0,0,
4344,90,90,0.21,9.46,1.76,0.01,-0.01,0.00,-49.33,27.73,20.30,0,0,0,
4351,90,90,0.20,9.47,1.74,0.02,-0.01,0.00,-49.47,27.45,20.36,0,0,0,
4357,89,90,0.21,9.49,1.74,0.01,-0.01,0.00,-48.79,27.93,20.34,0,0,0,
4369,89,89,0.20,9.52,1.69,-0.01,-0.01,0.00,-49.20,27.59,20.53,0,0,0,
4375,90,90,0.23,9.42,1.80,-0.03,-0.01,0.00,-49.37,27.61,19.79,0,0,0,
4381,90,90,0.23,9.42,1.80,-0.03,-0.01,0.00,-49.31,26.94,19.91,0,0,0,
4388,89,90,0.21,9.49,1.74,0.01,-0.01,0.00,-49.17,28.03,20.36,0,0,0,
4394,90,90,0.21,9.44,1.78,-0.00,-0.01,0.00,-48.86,27.96,20.45,0,0,0,
4400,90,90,0.21,9.46,1.77,-0.00,-0.01,0.00,-49.63,28.08,21.03,0,0,0,
4406,90,90,0.20,9.46,1.77,0.01,-0.01,0.00,-49.04,27.78,20.55,0,0,0,
4413,90,90,0.20,9.48,1.76,0.02,-0.01,0.00,-48.58,27.48,20.77,0,0,0,
4424,89,90,0.21,9.48,1.75,0.02,-0.01,0.00,-48.66,27.35,19.98,0,0,0,
4430,90,90,0.21,9.47,1.77,0.02,-0.01,0.00,-49.25,27.54,19.61,0,0,0,
4436,90,90,0.21,9.47,1.77,0.02,-0.01,0.00,-48.95,27.00,20.62,0,0,0,
4443,90,90,0.21,9.46,1.76,0.03,-0.01,0.00,-49.43,27.67,21.00,0,0,0,
4449,90,90,0.21,9.46,1.76,0.04,-0.01,0.00,-48.77,27.17,20.74,0,0,0,
4455,90,90,0.21,9.46,1.76,0.04,-0.01,0.00,-49.34,27.73,20.13,0,0,0,
4461,90,90,0.21,9.47,1.75,0.05,-0.01,0.00,-49.42,27.65,20.56,0,0,0,
4472,90,90,0.20,9.47,1.73,0.05,-0.01,0.00,-49.44,27.35,20.77,0,0,0,
4479,90,90,0.20,9.48,1.72,0.04,-0.01,0.00,-49.12,27.45,20.21,0,0,0,
4485,89,90,0.21,9.49,1.73,0.03,-0.01,0.00,-49.63,27.70,20.39,0,0,0,
4491,89,90,0.21,9.49,1.73,0.03,-0.01,0.00,-48.82,27.46,21.06,0,0,0,
4504,90,90,0.20,9.48,1.72,0.02,-0.01,0.00,-48.85,27.70,20.97,0,0,0,
4511,90,90,0.20,9.48,1.72,0.02,-0.01,0.00,-49.11,27.42,20.91,0,0,0,
4516,90,90,0.20,9.48,1.73,0.01,-0.01,0.00,-48.80,27.43,19.92,0,0,0,
4522,90,90,0.20,9.48,1.73,0.00,-0.01,0.00,-49.14,27.86,19.80,0,0,0,
4534,89,89,0.20,9.50,1.73,0.00,-0.01,0.00,-48.61,27.73,20.58,0,0,0,
4541,90,90,0.20,9.47,1.73,-0.00,-0.01,0.00,-49.24,27.23,20.58,0,0,0,
4547,90,90,0.20,9.47,1.73,-0.00,-0.01,0.00,-49.08,27.05,19.69,0,0,0,
4553,90,90,0.20,9.47,1.74,0.00,-0.01,0.00,-49.39,27.68,20.01,0,0,0,
4559,90,90,0.20,9.47,1.74,0.01,-0.01,0.00,-49.39,27.30,20.13,0,0,0,
4566,90,90,0.20,9.47,1.72,0.01,-0.01,0.00,-48.86,26.94,20.21,0,0,0,
4572,89,90,0.21,9.49,1.72,0.01,-0.01,0.00,-48.90,27.39,20.59,0,0,0,
4584,89,90,0.25,9.46,1.74,-0.00,-0.01,0.00,-49.39,27.08,19.45,0,0,0,
4590,90,89,0.17,9.50,1.71,0.01,-0.01,0.00,-49.78,27.02,19.53,0,0,0,
4596,90,90,0.20,9.45,1.77,-0.01,-0.01,0.00,-49.55,27.54,19.70,0,0,0,
4603,90,90,0.20,9.45,1.74,-0.01,-0.01,0.00,-49.63,27.64,20.10,0,0,0,
4609,90,90,0.19,9.48,1.74,0.01,-0.01,0.00,-49.34,27.55,20.07,0,0,0,
4615,89,89,0.20,9.51,1.69,0.00,-0.01,0.00,-49.21,27.57,20.30,0,0,0,
4621,89,89,0.20,9.51,1.69,0.00,-0.01,0.00,-49.31,27.46,20.67,0,0,0,
4632,89,90,0.21,9.48,1.75,-0.02,-0.01,0.00,-49.28,27.45,19.18,0,0,0,
4640,89,90,0.21,9.48,1.75,-0.02,-0.01,0.00,-49.09,27.07,20.40,0,0,0,
4646,90,90,0.20,9.46,1.76,-0.01,-0.01,0.00,-49.42,27.32,20.05,0,0,0,
4652,90,90,0.20,9.47,1.75,-0.01,-0.01,0.00,-48.95,27.97,19.83,0,0,0,
4666,90,90,0.21,9.44,1.78,0.01,-0.01,0.00,-49.01,27.73,19.26,0,0,0,
4672,90,90,0.21,9.45,1.76,0.03,-0.01,0.00,-49.34,27.05,20.18,0,0,0,
4678,89,90,0.21,9.48,1.73,0.05,-0.01,0.00,-49.28,27.89,19.86,0,0,0,
4684,89,90,0.21,9.48,1.73,0.05,-0.01,0.00,-48.45,27.42,19.76,0,0,0,
4696,90,90,0.20,9.47,1.74,0.04,-0.01,0.00,-49.14,27.40,19.64,0,0,0,
4703,90,90,0.20,9.47,1.74,0.04,-0.01,0.00,-49.66,27.35,19.34,0,0,0,
4709,90,90,0.21,9.48,1.73,0.04,-0.01,0.00,-50.01,27.33,20.34,0,0,0,
4715,89,90,0.20,9.49,1.71,0.04,-0.01,0.00,-49.63,27.32,20.17,0,0,0,
4721,89,90,0.20,9.49,1.71,0.04,-0.01,0.00,-49.47,27.16,19.42,0,0,0,
4728,90,90,0.20,9.47,1.72,0.03,-0.01,0.00,-49.85,26.98,19.60,0,0,0,
4734,89,90,0.22,9.48,1.72,0.03,-0.01,0.00,-48.96,27.64,19.96,0,0,0,
4746,89,90,0.21,9.49,1.72,0.02,-0.01,0.00,-49.78,27.14,20.53,0,0,0,
4752,90,90,0.20,9.48,1.72,0.02,-0.01,0.00,-50.10,27.29,18.97,0,0,0,
4759,90,90,0.20,9.48,1.72,0.01,-0.01,0.00,-49.62,27.05,19.29,0,0,0,
4765,90,90,0.20,9.49,1.73,0.01,-0.01,0.00,-49.36,26.63,19.92,0,0,0,
4771,89,90,0.20,9.49,1.71,0.02,-0.01,0.00,-49.42,27.45,19.67,0,0,0,
4777,89,90,0.20,9.49,1.71,0.02,-0.01,0.00,-49.37,27.32,19.70,0,0,0,
4784,89,90,0.20,9.49,1.71,0.00,-0.01,0.00,-49.17,27.49,20.11,0,0,0,
4790,90,90,0.20,9.45,1.75,0.00,-0.01,0.00,-49.77,27.54,20.17,0,0,0,
4801,89,89,0.20,9.50,1.70,0.01,-0.01,0.00,-49.39,27.19,19.63,0,0,0,
4808,89,90,0.20,9.49,1.72,-0.00,-0.01,0.00,-49.44,27.23,20.48,0,0,0,
4814,89,90,0.20,9.49,1.72,-0.00,-0.01,0.00,-49.40,27.14,21.40,0,0,0,
4828,90,90,0.20,9.47,1.74,-0.02,-0.01,0.00,-49.06,27.27,20.45,0,0,0,
4834,90,90,0.20,9.47,1.74,-0.02,-0.01,0.00,-48.95,27.52,20.55,0,0,0,
4840,90,90,0.19,9.46,1.73,-0.00,-0.01,0.00,-49.08,27.17,21.18,0,0,0,
4846,90,90,0.20,9.48,1.72,-0.00,-0.01,0.00,-48.76,27.36,21.43,0,0,0,
4857,89,90,0.20,9.48,1.73,-0.01,-0.01,0.00,-49.40,27.65,20.61,0,0,0,
4865,90,90,0.20,9.47,1.75,-0.01,-0.01,0.00,-49.34,27.64,20.42,0,0,0,
4871,90,90,0.20,9.47,1.75,-0.01,-0.01,0.00,-49.74,27.21,20.78,0,0,0,
4877,90,90,0.20,9.48,1.73,-0.01,-0.01,0.00,-49.27,27.81,20.81,0,0,0,
4883,90,90,0.21,9.46,1.74,-0.01,-0.01,0.00,-49.52,27.43,20.10,0,0,0,
4890,90,90,0.21,9.46,1.74,-0.01,-0.01,0.00,-49.74,27.87,19.80,0,0,0,
4896,89,90,0.21,9.49,1.72,-0.01,-0.01,0.00,-49.65,27.52,19.89,0,0,0,
4907,90,90,0.21,9.45,1.77,-0.01,-0.01,0.00,-50.19,26.66,20.23,0,0,0,
4913,89,90,0.20,9.49,1.72,0.01,-0.01,0.00,-50.00,27.02,20.20,0,0,0,
4920,90,90,0.21,9.45,1.77,0.00,-0.01,0.00,-49.74,27.07,21.00,0,0,0,
4926,90,90,0.21,9.45,1.77,0.00,-0.01,0.00,-49.88,27.42,20.59,0,0,0,
4931,90,90,0.20,9.47,1.75,0.03,-0.01,0.00,-49.09,27.57,20.36,0,0,0,
4937,90,90,0.20,9.47,1.73,0.02,-0.01,0.00,-49.09,27.71,19.82,0,0,0,
4944,90,90,0.20,9.47,1.73,0.02,-0.01,0.00,-49.08,27.64,20.14,0,0,0,
4950,90,90,0.21,9.47,1.74,0.02,-0.01,0.00,-49.68,26.97,20.62,0,0,0,
4962,89,89,0.19,9.50,1.70,0.02,-0.01,0.00,-49.71,27.02,20.48,0,0,0,
4968,89,89,0.20,9.50,1.71,0.00,-0.01,0.00,-49.43,27.27,19.69,0,0,0,
4975,89,90,0.21,9.48,1.72,-0.02,-0.01,0.00,-49.28,27.35,19.15,0,0,0,
4987,89,90,0.21,9.49,1.74,-0.02,-0.01,0.00,-49.61,27.26,19.77,0,0,0,
4994,90,90,0.21,9.48,1.75,-0.02,-0.01,0.00,-49.84,27.10,20.39,0,0,0,
5000,90,90,0.21,9.48,1.75,-0.02,-0.01,0.00,-49.43,27.59,18.61,0,0,0,
5007,90,90,0.20,9.44,1.78,-0.01,-0.01,0.00,-50.07,26.54,20.58,0,0,0,
5018,90,90,0.20,9.48,1.73,0.01,-0.01,0.00,-49.23,27.68,19.95,0,0,0,
5025,91,91,0.19,9.32,1.95,0.08,-0.02,0.00,-48.89,27.17,21.18,0,0,0,
5031,88,89,0.22,9.62,1.54,0.14,-0.02,0.00,-49.72,27.51,20.53,0,0,0,
5037,88,89,0.22,9.62,1.54,0.14,-0.02,0.00,-49.40,26.89,20.80,0,0,0,
5044,89,89,0.20,9.51,1.66,0.01,-0.01,0.00,-49.55,27.19,19.06,0,0,0,
5050,90,90,0.20,9.46,1.76,-0.01,-0.01,0.00,-49.99,27.20,20.05,0,0,0,
5056,90,90,0.20,9.46,1.76,-0.01,-0.01,0.00,-49.04,27.46,19.75,0,0,0,
5067,90,90,0.20,9.47,1.73,0.01,-0.01,0.00,-49.34,27.14,18.88,0,0,0,
5074,90,90,0.20,9.47,1.73,0.01,-0.01,0.00,-48.70,27.84,21.05,0,0,0,
5081,89,90,0.20,9.49,1.72,0.02,-0.01,0.00,-49.33,27.42,20.21,0,0,0,
5087,90,90,0.19,9.47,1.72,0.01,-0.01,0.00,-48.98,27.87,20.48,0,0,0,
5093,90,90,0.19,9.47,1.72,0.01,-0.01,0.00,-49.44,26.94,19.85,0,0,0,
5099,90,90,0.21,9.48,1.72,0.01,-0.01,0.00,-49.11,26.83,19.66,0,0,0,
5105,90,90,0.20,9.48,1.71,0.01,-0.01,0.00,-48.90,27.45,19.48,0,0,0,
5111,90,90,0.20,9.48,1.71,0.01,-0.01,0.00,-49.44,27.39,20.49,0,0,0,
5123,90,90,0.21,9.48,1.72,0.01,-0.01,0.00,-49.50,26.91,20.67,0,0,0,
5129,90,90,0.21,9.48,1.72,0.01,-0.01,0.00,-49.78,27.33,19.82,0,0,0,
5136,90,90,0.20,9.48,1.71,0.01,-0.01,0.00,-49.36,27.23,20.17,0,0,0,
5149,90,90,0.20,9.48,1.72,0.01,-0.01,0.00,-49.25,27.02,19.66,0,0,0,
5155,90,90,0.20,9.49,1.72,0.01,-0.01,0.00,-45.56,26.97,20.17,0,0,0,
5162,90,90,0.20,9.47,1.72,0.01,-0.01,0.00,-49.40,27.30,20.59,0,0,0,
5169,90,90,0.20,9.48,1.72,0.01,-0.01,0.00,-48.93,27.02,19.83,0,0,0,
5180,90,90,0.20,9.48,1.72,0.01,-0.01,0.00,-49.49,27.23,19.15,0,0,0,
5186,90,89,0.19,9.49,1.71,0.01,-0.01,0.00,-48.96,27.55,19.31,0,0,0,
5192,90,89,0.19,9.49,1.71,0.01,-0.01,0.00,-49.02,26.86,19.99,0,0,0,
5199,90,90,0.20,9.48,1.72,0.01,-0.01,0.00,-48.73,27.33,19.58,0,0,0,
5205,90,90,0.20,9.47,1.71,0.01,-0.01,0.00,-49.17,27.43,19.45,0,0,0,
5211,90,90,0.20,9.47,1.71,0.01,-0.01,0.00,-49.06,27.49,19.76,0,0,0,
5217,90,90,0.20,9.47,1.71,0.01,-0.01,0.00,-48.99,27.33,19.98,0,0,0,
5224,90,90,0.21,9.47,1.71,0.01,-0.01,0.00,-49.20,26.54,19.79,0,0,0,
5236,89,90,0.20,9.49,1.72,0.01,-0.01,0.00,-49.14,26.26,20.48,0,0,0,
5242,90,90,0.20,9.48,1.72,0.01,-0.01,0.00,-49.11,26.89,21.38,0,0,0,
5248,90,90,0.20,9.48,1.72,0.01,-0.01,0.00,-49.24,27.16,19.61,0,0,0,
5254,89,90,0.20,9.48,1.70,0.01,-0.01,0.00,-49.08,26.79,20.59,0,0,0,
5262,90,90,0.21,9.47,1.72,0.01,-0.01,0.00,-49.63,26.94,20.13,0,0,0,
5267,90,90,0.21,9.47,1.72,0.01,-0.01,0.00,-49.63,27.42,20.07,0,0,0,
5273,90,90,0.21,9.47,1.71,0.01,-0.01,0.00,-49.58,26.88,19.39,0,0,0,
5285,89,90,0.21,9.48,1.71,0.01,-0.01,0.00,-49.17,26.72,19.82,0,0,0,
5292,90,90,0.20,9.48,1.71,0.01,-0.01,0.00,-49.18,27.23,20.48,0,0,0,
5298,89,90,0.22,9.48,1.72,0.01,-0.01,0.00,-49.17,27.17,20.14,0,0,0,
5310,90,90,0.20,9.49,1.71,0.01,-0.01,0.00,-49.20,27.14,20.24,0,0,0,
5317,90,90,0.20,9.48,1.71,0.01,-0.01,0.00,-49.39,27.07,18.93,0,0,0,
5323,90,90,0.20,9.48,1.71,0.01,-0.01,0.00,-48.87,26.57,19.18,0,0,0,
5329,90,90,0.20,9.48,1.71,0.01,-0.01,0.00,-49.63,27.20,19.09,0,0,0,
5335,89,90,0.21,9.48,1.71,0.01,-0.01,0.00,-49.30,26.97,18.71,0,0,0,
5346,90,90,0.20,9.47,1.73,0.01,-0.01,0.00,-49.75,29.74,19.99,0,0,0,
5352,90,90,0.20,9.47,1.71,0.01,-0.01,0.00,-48.87,26.38,19.91,0,0,0,
5359,89,90,0.20,9.49,1.71,0.01,-0.01,0.00,-49.43,26.43,19.96,0,0,0,
5365,89,90,0.20,9.49,1.71,0.01,-0.01,0.00,-49.18,26.54,19.63,0,0,0,
5371,90,90,0.20,9.48,1.71,0.01,-0.01,0.00,-49.28,27.08,19.77,0,0,0,
5377,89,90,0.21,9.48,1.71,0.01,-0.01,0.00,-49.46,26.81,19.13,0,0,0,
5383,90,90,0.21,9.47,1.71,0.01,-0.01,0.00,-49.04,27.23,19.98,0,0,0,
5395,90,90,0.20,9.46,1.71,0.01,-0.01,0.00,-48.68,26.86,19.51,0,0,0,
5401,89,90,0.21,9.48,1.71,0.01,-0.01,0.00,-49.25,27.62,20.07,0,0,0,
5407,89,90,0.21,9.48,1.71,0.01,-0.01,0.00,-49.17,27.05,19.23,0,0,0,
5413,90,90,0.20,9.47,1.71,0.01,-0.01,0.00,-49.23,27.11,20.64,0,0,0,
5420,90,90,0.20,9.47,1.72,0.01,-0.01,0.00,-48.95,27.43,19.73,0,0,0,
5426,90,90,0.20,9.47,1.72,0.01,-0.01,0.00,-49.02,27.20,19.76,0,0,0,
5432,90,90,0.20,9.48,1.72,0.01,-0.01,0.00,-49.12,26.88,20.08,0,0,0,
5444,90,90,0.20,9.47,1.72,0.01,-0.01,0.00,-49.56,27.01,20.49,0,0,0,
5451,89,90,0.20,9.49,1.72,0.01,-0.01,0.00,-49.40,27.48,20.75,0,0,0,
5457,90,90,0.20,9.48,1.71,0.01,-0.01,0.00,-49.40,26.97,19.75,0,0,0,
5463,90,90,0.20,9.48,1.71,0.01,-0.01,0.00,-49.36,26.63,19.92,0,0,0,
5476,89,90,0.21,9.49,1.71,0.01,-0.01,0.00,-49.43,27.55,20.08,0,0,0,
5482,90,90,0.20,9.48,1.71,0.01,-0.01,0.00,-48.83,27.24,19.91,0,0,0,
5488,90,90,0.20,9.48,1.71,0.01,-0.01,0.00,-49.49,26.91,19.92,0,0,0,
5494,90,90,0.20,9.48,1.72,0.01,-0.01,0.00,-49.17,27.02,20.05,0,0,0,
5506,90,90,0.21,9.47,1.70,0.01,-0.01,0.00,-49.44,27.02,19.60,0,0,0,
5512,90,90,0.20,9.48,1.70,0.01,-0.01,0.00,-49.49,27.61,19.79,0,0,0,
5584,90,90,0.20,9.46,1.70,0.01,-0.01,0.00,-49.72,26.86,20.67,0,0,0,
5618,90,90,0.20,9.47,1.72,0.01,-0.01,0.00,-49.72,27.17,19.83,0,0,0,
5624,90,90,0.20,9.48,1.70,0.01,-0.01,0.00,-49.43,26.83,19.63,0,0,0,
5630,90,90,0.19,9.47,1.70,0.01,-0.01,0.00,-49.81,26.69,19.80,0,0,0,
5637,90,90,0.19,9.47,1.70,0.01,-0.01,0.00,-49.37,27.39,19.96,0,0,0,
5649,89,90,0.21,9.49,1.72,0.01,-0.01,0.00,-49.74,26.24,19.75,0,0,0,
5655,89,90,0.21,9.49,1.72,0.01,-0.01,0.00,-49.55,27.08,19.60,0,0,0,
5661,90,90,0.20,9.48,1.71,0.01,-0.01,0.00,-49.43,26.76,19.98,0,0,0,
5668,90,90,0.20,9.48,1.71,0.01,-0.01,0.00,-49.46,27.20,20.52,0,0,0,
5674,90,90,0.20,9.48,1.71,0.01,-0.01,0.00,-49.59,27.07,20.86,0,0,0,
5680,89,90,0.21,9.49,1.71,0.01,-0.01,0.00,-49.96,27.08,19.91,0,0,0,
5686,89,90,0.21,9.48,1.70,0.01,-0.01,0.00,-49.47,26.82,19.96,0,0,0,
5693,89,90,0.21,9.48,1.70,0.01,-0.01,0.00,-49.02,26.75,20.24,0,0,0,
5704,90,90,0.20,9.48,1.71,0.01,-0.01,0.00,-49.36,27.29,20.02,0,0,0,
5711,90,90,0.20,9.48,1.71,0.01,-0.01,0.00,-49.15,26.54,19.80,0,0,0,
5717,90,90,0.20,9.48,1.70,0.01,-0.01,0.00,-49.66,27.16,19.50,0,0,0,
5723,90,90,0.20,9.48,1.69,0.01,-0.01,0.00,-49.14,26.92,20.24,0,0,0,
5730,90,90,0.20,9.48,1.69,0.01,-0.01,0.00,-49.15,26.19,20.34,0,0,0,
5736,90,90,0.20,9.48,1.70,0.01,-0.01,0.00,-49.65,26.95,20.29,0,0,0,
5742,90,90,0.20,9.48,1.71,0.01,-0.01,0.00,-49.85,27.35,20.94,0,0,0,
5753,90,90,0.20,9.48,1.71,0.01,-0.01,0.00,-48.96,26.97,20.33,0,0,0,
5767,90,89,0.19,9.49,1.71,0.01,-0.01,0.00,-49.68,26.88,20.23,0,0,0,
5774,89,90,0.21,9.48,1.70,0.01,-0.01,0.00,-49.24,27.07,21.22,0,0,0,
5780,90,90,0.20,9.48,1.70,0.01,-0.01,0.00,-49.74,27.17,20.93,0,0,0,
5786,90,90,0.20,9.48,1.70,0.01,-0.01,0.00,-49.61,27.05,19.83,0,0,0,
5793,90,90,0.20,9.48,1.71,0.01,-0.01,0.00,-49.44,26.53,20.21,0,0,0,
5799,90,90,0.20,9.48,1.71,0.01,-0.01,0.00,-49.43,26.72,19.94,0,0,0,
5811,89,90,0.20,9.49,1.70,0.01,-0.01,0.00,-50.10,26.43,20.10,0,0,0,
5817,90,90,0.20,9.48,1.70,0.01,-0.01,0.00,-49.44,27.10,20.11,0,0,0,
5822,90,90,0.20,9.48,1.70,0.01,-0.01,0.00,-49.30,27.00,20.32,0,0,0,
5829,90,90,0.20,9.47,1.71,0.01,-0.01,0.00,-49.65,26.88,20.11,0,0,0,
5835,89,90,0.22,9.49,1.71,0.01,-0.01,0.00,-49.14,26.95,20.86,0,0,0,
5841,89,90,0.22,9.49,1.71,0.01,-0.01,0.00,-49.87,27.43,21.53,0,0,0,
5847,90,90,0.20,9.49,1.70,0.01,-0.01,0.00,-49.47,26.89,20.13,0,0,0,
5854,90,90,0.20,9.47,1.71,0.01,-0.01,0.00,-50.10,27.17,20.32,0,0,0,
5865,89,90,0.21,9.48,1.70,0.01,-0.01,0.00,-49.28,26.56,19.92,0,0,0,
5871,90,90,0.21,9.48,1.71,0.01,-0.01,0.00,-49.33,26.69,20.27,0,0,0,
5877,90,90,0.21,9.48,1.71,0.01,-0.01,0.00,-49.23,27.07,21.85,0,0,0,
5884,90,90,0.20,9.47,1.70,0.01,-0.01,0.00,-49.66,27.23,20.39,0,0,0,
5890,90,90,0.20,9.47,1.70,0.01,-0.01,0.00,-49.27,27.08,20.11,0,0,0,
5896,90,90,0.20,9.47,1.70,0.01,-0.01,0.00,-49.09,27.35,18.97,0,0,0,
5902,90,90,0.20,9.49,1.70,0.01,-0.01,0.00,-49.75,27.19,19.76,0,0,0,
5913,90,90,0.20,9.47,1.71,0.01,-0.01,0.00,-49.46,27.32,20.58,0,0,0,
5927,89,90,0.20,9.49,1.70,0.01,-0.01,0.00,-49.65,27.07,20.02,0,0,0,
5934,89,90,0.20,9.49,1.70,0.01,-0.01,0.00,-49.37,26.47,20.68,0,0,0,
5940,90,90,0.20,9.49,1.70,0.01,-0.01,0.00,-49.31,27.19,20.99,0,0,0,
5946,90,90,0.20,9.48,1.71,0.01,-0.01,0.00,-49.37,27.36,21.27,0,0,0,
5953,90,90,0.20,9.48,1.71,0.01,-0.01,0.00,-49.82,27.58,21.13,0,0,0,
5959,90,90,0.21,9.47,1.70,0.01,-0.01,0.00,-49.21,27.19,19.96,0,0,0,
5965,90,90,0.20,9.47,1.70,0.01,-0.01,0.00,-49.39,26.94,21.09,0,0,0,
5977,90,90,0.20,9.48,1.71,0.01,-0.01,0.00,-49.30,26.86,20.23,0,0,0,
5984,89,90,0.21,9.49,1.70,0.01,-0.01,0.00,-49.65,26.92,20.91,0,0,0,
5990,89,90,0.21,9.49,1.70,0.01,-0.01,0.00,-49.36,27.42,20.11,0,0,0,
5996,90,90,0.20,9.48,1.71,0.01,-0.01,0.00,-49.08,27.23,20.17,0,0,0,
6002,90,90,0.19,9.48,1.71,0.01,-0.01,0.00,-49.44,27.16,20.13,0,0,0,
6009,90,90,0.19,9.48,1.71,0.01,-0.01,0.00,-49.66,26.98,19.92,0,0,0,
6015,90,90,0.20,9.48,1.72,0.01,-0.01,0.00,-49.52,27.46,19.91,0,0,0,
6026,90,90,0.20,9.47,1.70,0.01,-0.01,0.00,-49.52,27.10,21.15,0,0,0,
6032,90,90,0.20,9.47,1.70,0.01,-0.01,0.00,-48.99,27.35,20.10,0,0,0,
6038,90,90,0.20,9.49,1.70,0.01,-0.01,0.00,-49.31,27.43,21.44,0,0,0,
6045,90,90,0.20,9.49,1.70,0.01,-0.01,0.00,-49.02,27.14,20.78,0,0,0,
6051,90,90,0.20,9.48,1.71,0.01,-0.01,0.00,-49.25,27.67,20.42,0,0,0,
6058,89,90,0.20,9.48,1.70,0.01,-0.01,0.00,-49.59,27.26,21.34,0,0,0,
6064,89,90,0.20,9.48,1.70,0.01,-0.01,0.00,-49.49,27.84,20.94,0,0,0,
6071,90,90,0.20,9.47,1.70,0.01,-0.01,0.00,-49.68,27.76,20.72,0,0,0,
6089,90,90,0.20,9.48,1.70,0.01,-0.01,0.00,-49.65,27.65,20.36,0,0,0,
6095,89,90,0.21,9.49,1.70,0.01,-0.01,0.00,-49.37,27.64,21.27,0,0,0,
6101,89,90,0.21,9.49,1.70,0.01,-0.01,0.00,-49.30,27.39,20.71,0,0,0,
6108,90,90,0.19,9.47,1.71,0.01,-0.01,0.00,-49.39,27.23,20.33,0,0,0,
6114,90,90,0.20,9.48,1.70,0.01,-0.01,0.00,-48.86,27.00,19.83,0,0,0,
6120,90,90,0.20,9.48,1.70,0.01,-0.01,0.00,-49.44,27.40,20.64,0,0,0,
6126,90,90,0.20,9.48,1.70,0.01,-0.01,0.00,-49.36,27.40,19.94,0,0,0,
6137,89,89,0.20,9.50,1.71,0.01,-0.01,0.00,-49.65,27.40,19.79,0,0,0,
6144,90,90,0.20,9.48,1.69,0.01,-0.01,0.00,-49.02,27.07,19.15,0,0,0,
6150,90,90,0.21,9.48,1.70,0.01,-0.01,0.00,-49.42,27.67,19.67,0,0,0,
6157,90,90,0.21,9.48,1.70,0.01,-0.01,0.00,-49.46,27.23,20.33,0,0,0,
6163,90,90,0.20,9.47,1.70,0.01,-0.01,0.00,-49.94,27.21,20.30,0,0,0,
6170,90,90,0.20,9.48,1.71,0.01,-0.01,0.00,-50.00,27.38,20.43,0,0,0,
6176,90,90,0.20,9.48,1.70,0.01,-0.01,0.00,-49.49,27.30,20.36,0,0,0,
6187,90,90,0.20,9.47,1.70,0.01,-0.01,0.00,-49.37,27.51,19.54,0,0,0,
6193,90,90,0.20,9.47,1.70,0.01,-0.01,0.00,-49.11,26.88,19.99,0,0,0,
6200,90,90,0.20,9.48,1.70,0.01,-0.01,0.00,-49.63,27.27,20.40,0,0,0,
6206,90,90,0.20,9.48,1.71,0.01,-0.01,0.00,-49.75,27.24,19.85,0,0,0,
6212,90,90,0.20,9.48,1.71,0.01,-0.01,0.00,-49.30,27.23,20.32,0,0,0,
6218,90,90,0.20,9.48,1.71,0.01,-0.01,0.00,-49.31,27.54,19.73,0,0,0,
6225,90,90,0.21,9.47,1.70,0.01,-0.01,0.00,-49.20,27.20,20.48,0,0,0,
6231,90,90,0.21,9.47,1.71,0.01,-0.01,0.00,-49.72,27.59,19.79,0,0,0,
6250,89,90,0.20,9.48,1.69,0.01,-0.01,0.00,-49.15,27.73,19.89,0,0,0,
6256,89,90,0.20,9.48,1.69,0.01,-0.01,0.00,-49.39,27.40,19.86,0,0,0,
6262,89,90,0.21,9.48,1.69,0.01,-0.01,0.00,-49.58,26.70,20.02,0,0,0,
6269,89,90,0.21,9.49,1.70,0.01,-0.01,0.00,-49.68,27.55,20.45,0,0,0,
6275,89,90,0.21,9.49,1.70,0.01,-0.01,0.00,-49.62,27.92,20.64,0,0,0,
6281,90,90,0.19,9.47,1.70,0.01,-0.01,0.00,-49.21,27.51,19.99,0,0,0,
6287,90,90,0.20,9.48,1.69,0.01,-0.01,0.00,-49.34,27.08,19.77,0,0,0,
6298,90,90,0.20,9.48,1.69,0.01,-0.01,0.00,-49.84,27.58,20.68,0,0,0,
6305,89,90,0.21,9.49,1.71,0.01,-0.01,0.00,-49.55,27.70,20.97,0,0,0,
6311,89,90,0.21,9.49,1.71,0.01,-0.01,0.00,-49.66,27.73,20.15,0,0,0,
6317,90,90,0.20,9.47,1.72,0.01,-0.01,0.00,-49.14,26.98,20.21,0,0,0,
6324,90,90,0.19,9.47,1.71,0.01,-0.01,0.00,-49.77,27.29,21.12,0,0,0,
6330,90,90,0.19,9.47,1.71,0.01,-0.01,0.00,-49.99,27.24,19.72,0,0,0,
6336,90,90,0.20,9.49,1.70,0.01,-0.01,0.00,-49.59,27.68,19.77,0,0,0,
6342,90,90,0.20,9.49,1.70,0.01,-0.01,0.00,-49.62,27.68,20.78,0,0,0,
6353,90,90,0.20,9.47,1.71,0.01,-0.01,0.00,-49.44,27.33,21.15,0,0,0,
6360,90,90,0.20,9.47,1.70,0.01,-0.01,0.00,-49.40,27.67,20.26,0,0,0,
6366,90,90,0.20,9.48,1.70,0.01,-0.01,0.00,-49.80,27.38,20.24,0,0,0,
6372,90,90,0.20,9.47,1.70,0.01,-0.01,0.00,-49.58,27.27,19.95,0,0,0,
6378,90,90,0.20,9.47,1.70,0.01,-0.01,0.00,-49.58,27.01,20.45,0,0,0,
6385,89,90,0.21,9.48,1.69,0.01,-0.01,0.00,-49.39,27.71,20.61,0,0,0,
6391,90,90,0.20,9.48,1.69,0.01,-0.01,0.00,-49.27,27.19,19.86,0,0,0,
6410,90,90,0.20,9.48,1.72,0.01,-0.01,0.00,-49.81,27.26,20.24,0,0,0,
6416,90,90,0.20,9.47,1.70,0.01,-0.01,0.00,-49.30,27.64,20.33,0,0,0,
6423,90,90,0.20,9.47,1.70,0.01,-0.01,0.00,-49.50,27.78,20.45,0,0,0,
6429,89,90,0.20,9.49,1.69,0.01,-0.01,0.00,-49.53,27.92,20.40,0,0,0,
6435,90,90,0.21,9.47,1.70,0.01,-0.01,0.00,-49.27,27.42,21.03,0,0,0,
6441,90,90,0.21,9.47,1.70,0.01,-0.01,0.00,-49.09,27.52,19.67,0,0,0,
6448,89,90,0.21,9.48,1.68,0.01,-0.01,0.00,-49.23,27.24,20.10,0,0,0,
6460,90,90,0.21,9.47,1.70,0.01,-0.01,0.00,-49.62,27.29,20.59,0,0,0,
6466,90,90,0.20,9.48,1.70,0.01,-0.01,0.00,-49.15,27.38,19.35,0,0,0,
6472,90,90,0.20,9.47,1.70,0.01,-0.01,0.00,-49.78,27.97,20.61,0,0,0,
6478,90,90,0.20,9.47,1.70,0.01,-0.01,0.00,-49.31,27.48,20.89,0,0,0,
6485,89,90,0.21,9.49,1.70,0.01,-0.01,0.00,-49.44,27.73,20.34,0,0,0,
6491,90,90,0.19,9.48,1.70,0.01,-0.01,0.00,-49.84,27.40,21.13,0,0,0,
6497,90,90,0.19,9.48,1.70,0.01,-0.01,0.00,-49.81,27.35,20.59,0,0,0,
6503,89,90,0.20,9.48,1.71,0.01,-0.01,0.00,-49.80,27.43,20.89,0,0,0,
6514,90,90,0.20,9.48,1.70,0.01,-0.01,0.00,-48.98,27.55,20.81,0,0,0,
6522,90,90,0.20,9.48,1.71,0.01,-0.01,0.00,-49.24,27.61,20.70,0,0,0,
6528,89,90,0.20,9.49,1.70,0.01,-0.01,0.00,-49.11,27.49,19.79,0,0,0,
6534,89,90,0.20,9.49,1.70,0.01,-0.01,0.00,-49.08,27.57,19.88,0,0,0,
6541,90,90,0.20,9.48,1.70,0.01,-0.01,0.00,-49.63,27.64,20.37,0,0,0,
6547,90,90,0.21,9.47,1.70,0.01,-0.01,0.00,-49.17,27.58,19.73,0,0,0,
6553,90,90,0.21,9.47,1.70,0.01,-0.01,0.00,-49.01,27.57,19.95,0,0,0,
6572,90,90,0.20,9.49,1.70,0.01,-0.01,0.00,-49.23,27.84,20.45,0,0,0,
6578,89,90,0.21,9.48,1.70,0.01,-0.01,0.00,-49.39,27.73,19.60,0,0,0,
6585,89,90,0.21,9.49,1.71,0.01,-0.01,0.00,-49.17,27.93,20.81,0,0,0,
6591,89,90,0.21,9.49,1.71,0.01,-0.01,0.00,-48.63,27.20,19.95,0,0,0,
6597,90,90,0.20,9.48,1.70,0.01,-0.01,0.00,-49.11,27.23,20.14,0,0,0,
6603,90,90,0.20,9.47,1.70,0.01,-0.01,0.00,-49.31,27.32,20.37,0,0,0,
6610,89,90,0.21,9.48,1.69,0.01,-0.01,0.00,-49.93,28.11,19.29,0,0,0,
6616,89,90,0.21,9.48,1.69,0.01,-0.01,0.00,-48.99,27.93,19.63,0,0,0,
6628,89,90,0.21,9.48,1.69,0.01,-0.01,0.00,-49.30,27.30,19.85,0,0,0,
6634,90,90,0.20,9.48,1.70,0.01,-0.01,0.00,-49.30,27.38,20.27,0,0,0,
6641,90,90,0.19,9.47,1.70,0.01,-0.01,0.00,-49.40,27.11,19.47,0,0,0,
6647,90,90,0.19,9.47,1.69,0.01,-0.01,0.00,-49.33,27.24,20.04,0,0,0,
6653,90,90,0.20,9.47,1.69,0.01,-0.01,0.00,-49.31,27.51,20.33,0,0,0,
6659,89,90,0.21,9.49,1.70,0.01,-0.01,0.00,-48.99,27.21,19.45,0,0,0,
6666,89,90,0.20,9.49,1.71,0.01,-0.01,0.00,-49.20,28.09,19.48,0,0,0,
6677,89,90,0.20,9.49,1.70,0.01,-0.01,0.00,-49.69,27.40,18.72,0,0,0,
6684,89,90,0.20,9.49,1.70,0.01,-0.01,0.00,-48.99,27.74,19.82,0,0,0,
6689,90,90,0.20,9.48,1.70,0.01,-0.01,0.00,-49.77,27.27,19.91,0,0,0,
6695,90,90,0.20,9.48,1.70,0.01,-0.01,0.00,-49.01,27.80,20.27,0,0,0,
6702,90,90,0.20,9.48,1.70,0.01,-0.01,0.00,-49.33,27.59,20.39,0,0,0,
6708,90,90,0.21,9.48,1.70,0.01,-0.01,0.00,-49.40,27.95,19.38,0,0,0,
6714,90,90,0.20,9.47,1.71,0.01,-0.01,0.00,-48.96,28.03,19.47,0,0,0,
6726,90,90,0.21,9.48,1.71,0.01,-0.01,0.00,-49.14,27.43,19.91,0,0,0,
6739,90,90,0.20,9.48,1.70,0.01,-0.01,0.00,-49.58,27.62,20.30,0,0,0,
6746,89,90,0.21,9.49,1.70,0.01,-0.01,0.00,-49.31,27.58,20.05,0,0,0,
6752,89,90,0.21,9.49,1.70,0.01,-0.01,0.00,-49.52,28.12,20.64,0,0,0,
6758,89,90,0.21,9.49,1.70,0.01,-0.01,0.00,-49.74,27.55,20.27,0,0,0,
6765,90,90,0.20,9.48,1.70,0.01,-0.01,0.00,-49.21,27.58,20.90,0,0,0,
6771,90,90,0.20,9.48,1.70,0.01,-0.01,0.00,-49.25,27.48,19.76,0,0,0,
6777,90,90,0.20,9.48,1.70,0.01,-0.01,0.00,-48.68,27.38,20.02,0,0,0,
6788,89,90,0.21,9.48,1.71,0.01,-0.01,0.00,-48.95,27.65,19.98,0,0,0,
6794,89,90,0.21,9.48,1.71,0.01,-0.01,0.00,-49.20,27.78,20.30,0,0,0,
6801,90,90,0.20,9.47,1.70,0.01,-0.01,0.00,-49.37,27.68,20.36,0,0,0,
6807,90,90,0.20,9.48,1.70,0.01,-0.01,0.00,-49.61,27.64,19.91,0,0,0,
6813,90,90,0.20,9.48,1.70,0.01,-0.01,0.00,-49.25,27.70,19.99,0,0,0,
6819,89,90,0.20,9.48,1.70,0.01,-0.01,0.00,-49.33,27.48,20.64,0,0,0,
6826,89,90,0.21,9.48,1.69,0.01,-0.01,0.00,-48.82,27.76,20.10,0,0,0,
6838,90,90,0.20,9.49,1.70,0.01,-0.01,0.00,-48.98,27.71,19.89,0,0,0,
6844,90,90,0.21,9.47,1.70,0.01,-0.01,0.00,-49.02,28.15,20.43,0,0,0,
6850,90,90,0.21,9.47,1.70,0.01,-0.01,0.00,-48.76,27.52,21.24,0,0,0,
6857,90,90,0.21,9.48,1.70,0.01,-0.01,0.00,-49.08,27.29,19.66,0,0,0,
6863,90,90,0.20,9.48,1.70,0.01,-0.01,0.00,-48.77,27.51,20.62,0,0,0,
6869,90,90,0.20,9.48,1.70,0.01,-0.01,0.00,-49.18,27.10,20.20,0,0,0,
6875,90,89,0.19,9.49,1.69,0.01,-0.01,0.00,-49.24,27.33,19.53,0,0,0,
6887,89,90,0.21,9.49,1.70,0.01,-0.01,0.00,-49.17,27.20,20.08,0,0,0,
6900,90,90,0.20,9.47,1.70,0.01,-0.01,0.00,-48.71,27.74,20.46,0,0,0,
6907,90,90,0.20,9.47,1.69,0.01,-0.01,0.00,-49.28,27.62,19.98,0,0,0,
6913,90,90,0.20,9.47,1.69,0.01,-0.01,0.00,-48.41,27.54,20.10,0,0,0,
6919,90,90,0.20,9.49,1.69,0.01,-0.01,0.00,-49.05,27.38,20.21,0,0,0,
6926,89,90,0.22,9.49,1.70,0.01,-0.01,0.00,-48.80,27.59,20.02,0,0,0,
6932,89,90,0.22,9.49,1.70,0.01,-0.01,0.00,-48.73,27.57,20.33,0,0,0,
6938,89,90,0.21,9.48,1.70,0.01,-0.01,0.00,-49.30,27.89,20.20,0,0,0,
6949,90,90,0.20,9.48,1.70,0.01,-0.01,0.00,-49.17,27.84,19.96,0,0,0,
6956,89,90,0.21,9.48,1.69,0.01,-0.01,0.00,-49.05,27.84,19.47,0,0,0,
6962,90,90,0.20,9.47,1.70,0.01,-0.01,0.00,-49.31,27.17,19.77,0,0,0,
6968,90,90,0.20,9.47,1.70,0.01,-0.01,0.00,-49.30,27.32,19.66,0,0,0,
6974,90,90,0.20,9.48,1.70,0.01,-0.01,0.00,-49.33,27.71,20.07,0,0,0,
6981,89,90,0.20,9.49,1.70,0.01,-0.01,0.00,-49.52,27.71,20.08,0,0,0,
6988,89,90,0.20,9.49,1.70,0.01,-0.01,0.00,-49.62,27.68,19.69,0,0,0,
6994,90,90,0.20,9.48,1.70,0.01,-0.01,0.00,-49.72,27.35,20.55,0,0,0,
7005,90,90,0.20,9.49,1.70,0.01,-0.01,0.00,-49.34,27.61,21.34,0,0,0,
7011,90,90,0.19,9.48,1.70,0.01,-0.01,0.00,-49.40,27.16,20.91,0,0,0,
7018,90,90,0.20,9.48,1.69,0.01,-0.01,0.00,-49.53,27.86,21.31,0,0,0,
7024,90,90,0.20,9.48,1.69,0.01,-0.01,0.00,-49.52,27.71,19.60,0,0,0,
7030,90,90,0.20,9.48,1.69,0.01,-0.01,0.00,-49.09,27.58,19.70,0,0,0,
7036,90,90,0.19,9.48,1.70,0.01,-0.01,0.00,-49.34,27.46,19.51,0,0,0,
7051,90,90,0.20,9.48,1.70,0.01,-0.01,0.00,-49.15,27.65,20.70,0,0,0,
7062,90,90,0.21,9.47,1.70,0.01,-0.01,0.00,-49.66,27.27,19.95,0,0,0,
7069,89,90,0.21,9.48,1.68,0.01,-0.01,0.00,-49.42,27.77,20.34,0,0,0,
7075,89,90,0.20,9.49,1.70,0.01,-0.01,0.00,-49.25,27.04,20.14,0,0,0,
7082,89,90,0.20,9.49,1.70,0.01,-0.01,0.00,-49.39,27.46,19.94,0,0,0,
7088,90,90,0.20,9.48,1.70,0.01,-0.01,0.00,-48.95,27.68,19.95,0,0,0,
7094,90,90,0.19,9.47,1.70,0.01,-0.01,0.00,-49.39,27.23,19.38,0,0,0,
7100,90,90,0.19,9.47,1.70,0.01,-0.01,0.00,-49.87,27.42,19.89,0,0,0,
7107,89,90,0.20,9.48,1.70,0.01,-0.01,0.00,-49.47,27.17,19.54,0,0,0,
7118,89,90,0.21,9.48,1.70,0.01,-0.01,0.00,-49.77,27.51,21.08,0,0,0,
7124,90,90,0.19,9.48,1.70,0.01,-0.01,0.00,-49.56,27.42,20.26,0,0,0,
7130,90,90,0.19,9.46,1.71,0.01,-0.01,0.00,-49.82,27.95,20.33,0,0,0,
7136,90,90,0.19,9.46,1.71,0.01,-0.01,0.00,-49.61,27.30,20.33,0,0,0,
7143,90,90,0.20,9.48,1.70,0.01,-0.01,0.00,-49.33,27.84,20.71,0,0,0,
7149,89,90,0.21,9.48,1.69,0.01,-0.01,0.00,-49.52,27.51,20.37,0,0,0,
7155,89,90,0.21,9.48,1.69,0.01,-0.01,0.00,-49.40,27.62,20.70,0,0,0,
7166,90,90,0.20,9.48,1.71,0.01,-0.01,0.00,-49.52,27.61,20.65,0,0,0,
7173,90,90,0.20,9.48,1.71,0.01,-0.01,0.00,-49.37,27.61,21.02,0,0,0,
7179,90,90,0.20,9.48,1.70,0.01,-0.01,0.00,-49.91,27.90,20.93,0,0,0,
7185,90,90,0.20,9.48,1.69,0.01,-0.01,0.00,-49.75,27.62,20.65,0,0,0,
7191,90,90,0.20,9.48,1.69,0.01,-0.01,0.00,-49.25,27.59,20.94,0,0,0,
7198,89,90,0.21,9.49,1.70,0.01,-0.01,0.00,-49.74,28.08,21.00,0,0,0,
7210,90,90,0.20,9.48,1.71,0.01,-0.01,0.00,-49.69,27.74,20.29,0,0,0,
7222,90,90,0.20,9.48,1.70,0.01,-0.01,0.00,-49.75,27.80,20.01,0,0,0,
7228,90,90,0.20,9.48,1.70,0.01,-0.01,0.00,-49.05,27.93,19.80,0,0,0,
7234,89,90,0.21,9.49,1.69,0.01,-0.01,0.00,-49.69,28.08,20.70,0,0,0,
7241,90,90,0.20,9.48,1.70,0.01,-0.01,0.00,-49.91,27.62,20.46,0,0,0,
7247,90,90,0.20,9.48,1.70,0.01,-0.01,0.00,-48.74,27.24,20.11,0,0,0,
7253,90,90,0.20,9.47,1.70,0.01,-0.01,0.00,-49.36,27.77,20.10,0,0,0,
7259,90,90,0.20,9.48,1.70,0.01,-0.01,0.00,-49.40,27.49,20.46,0,0,0,
7266,90,90,0.20,9.48,1.70,0.01,-0.01,0.00,-49.50,27.80,20.89,0,0,0,
7278,89,90,0.21,9.49,1.71,0.01,-0.01,0.00,-49.36,27.83,20.61,0,0,0,
7284,89,90,0.21,9.49,1.71,0.01,-0.01,0.00,-49.77,27.21,20.91,0,0,0,
7290,90,90,0.19,9.48,1.70,0.01,-0.01,0.00,-49.46,27.35,19.95,0,0,0,
7297,90,90,0.20,9.48,1.69,0.01,-0.01,0.00,-49.55,26.83,20.05,0,0,0,
7303,90,90,0.20,9.48,1.69,0.01,-0.01,0.00,-49.21,27.08,21.24,0,0,0,
7309,89,90,0.22,9.49,1.69,0.01,-0.01,0.00,-49.53,27.84,19.58,0,0,0,
7315,89,90,0.21,9.48,1.70,0.01,-0.01,0.00,-49.52,27.70,20.53,0,0,0,
7326,90,90,0.20,9.48,1.70,0.01,-0.01,0.00,-49.09,27.73,19.85,0,0,0,
7334,90,90,0.20,9.47,1.70,0.01,-0.01,0.00,-48.86,27.24,20.14,0,0,0,
7340,90,90,0.20,9.47,1.70,0.01,-0.01,0.00,-49.49,27.48,20.01,0,0,0,
7346,89,90,0.21,9.48,1.70,0.01,-0.01,0.00,-49.52,26.97,19.25,0,0,0,
7352,90,90,0.20,9.48,1.71,0.01,-0.01,0.00,-49.06,27.17,20.48,0,0,0,
7366,89,90,0.20,9.49,1.70,0.01,-0.01,0.00,-49.78,27.71,20.46,0,0,0,
7372,89,90,0.20,9.49,1.70,0.01,-0.01,0.00,-49.33,27.43,19.86,0,0,0,
7378,90,90,0.20,9.48,1.71,0.01,-0.01,0.00,-49.34,26.81,19.96,0,0,0,
7390,90,90,0.21,9.48,1.70,0.01,-0.01,0.00,-49.25,27.43,21.09,0,0,0,
7397,90,90,0.20,9.48,1.70,0.01,-0.01,0.00,-50.01,27.05,20.72,0,0,0,
7403,90,90,0.20,9.48,1.70,0.01,-0.01,0.00,-49.62,27.35,20.29,0,0,0,
7409,89,90,0.21,9.49,1.69,0.01,-0.01,0.00,-48.98,27.23,20.02,0,0,0,
7415,90,90,0.20,9.49,1.70,0.01,-0.01,0.00,-49.04,27.58,19.72,0,0,0,
7422,90,90,0.20,9.49,1.70,0.01,-0.01,0.00,-48.85,27.78,20.30,0,0,0,
7428,89,90,0.21,9.48,1.70,0.01,-0.01,0.00,-48.80,27.46,20.49,0,0,0,
7440,90,90,0.21,9.47,1.70,0.01,-0.01,0.00,-49.59,27.20,19.31,0,0,0,
7446,89,90,0.20,9.49,1.70,0.01,-0.01,0.00,-45.50,27.40,19.91,0,0,0,
7452,90,90,0.20,9.48,1.70,0.01,-0.01,0.00,-49.36,27.73,19.51,0,0,0,
7459,90,90,0.21,9.48,1.70,0.01,-0.01,0.00,-48.89,27.49,21.10,0,0,0,
7465,90,90,0.20,9.48,1.69,0.01,-0.01,0.00,-49.47,27.30,20.27,0,0,0,
7471,90,90,0.21,9.48,1.70,0.01,-0.01,0.00,-49.27,27.67,19.96,0,0,0,
7477,90,90,0.21,9.48,1.70,0.01,-0.01,0.00,-49.21,27.38,20.40,0,0,0,
7488,89,90,0.20,9.49,1.70,0.01,-0.01,0.00,-49.09,27.62,20.21,0,0,0,
7496,90,90,0.20,9.48,1.69,0.01,-0.01,0.00,-49.18,27.64,20.64,0,0,0,
7501,90,90,0.20,9.48,1.69,0.01,-0.01,0.00,-49.06,27.32,19.86,0,0,0,
7507,90,90,0.20,9.48,1.70,0.01,-0.01,0.00,-49.06,27.02,20.29,0,0,0,
7514,90,90,0.21,9.48,1.70,0.01,-0.01,0.00,-49.17,27.11,19.56,0,0,0,
7528,90,90,0.20,9.47,1.69,0.01,-0.01,0.00,-48.76,27.49,19.79,0,0,0,
7534,90,90,0.20,9.47,1.69,0.01,-0.01,0.00,-48.73,27.99,20.18,0,0,0,
7540,90,90,0.20,9.48,1.70,0.01,-0.01,0.00,-48.86,27.14,20.58,0,0,0,
7551,89,90,0.21,9.49,1.70,0.01,-0.01,0.00,-49.04,27.51,20.20,0,0,0,
7558,89,90,0.20,9.49,1.70,0.01,-0.01,0.00,-48.98,27.99,20.45,0,0,0,
7564,90,90,0.20,9.49,1.70,0.01,-0.01,0.00,-49.12,27.27,20.80,0,0,0,
7570,90,90,0.20,9.49,1.70,0.01,-0.01,0.00,-48.76,27.80,19.80,0,0,0,
7576,90,90,0.20,9.47,1.69,0.01,-0.01,0.00,-49.27,27.42,20.72,0,0,0,
7583,89,90,0.21,9.48,1.70,0.01,-0.01,0.00,-48.89,27.70,19.75,0,0,0,
7589,89,90,0.21,9.48,1.70,0.01,-0.01,0.00,-49.01,27.93,19.42,0,0,0,
7602,90,90,0.20,9.48,1.70,0.01,-0.01,0.00,-48.95,27.39,20.78,0,0,0,
7610,90,90,0.19,9.48,1.69,0.01,-0.01,0.00,-48.23,27.40,19.91,0,0,0,
7616,90,90,0.19,9.48,1.69,0.01,-0.01,0.00,-48.49,27.49,19.67,0,0,0,
7622,90,90,0.19,9.48,1.69,0.01,-0.01,0.00,-49.43,27.29,19.88,0,0,0,
7628,89,90,0.21,9.48,1.70,0.01,-0.01,0.00,-48.90,28.06,20.59,0,0,0,
7634,89,90,0.21,9.48,1.70,0.01,-0.01,0.00,-48.71,28.00,19.96,0,0,0,
7640,90,90,0.20,9.47,1.70,0.01,-0.01,0.00,-48.85,27.93,20.61,0,0,0,
7646,90,90,0.20,9.48,1.70,0.01,-0.01,0.00,-49.24,27.96,20.27,0,0,0,
7658,89,90,0.20,9.49,1.69,0.01,-0.01,0.00,-49.17,27.70,20.18,0,0,0,
7665,90,90,0.20,9.48,1.70,0.01,-0.01,0.00,-48.89,27.32,20.08,0,0,0,
7671,90,90,0.20,9.48,1.70,0.00,-0.01,0.00,-48.80,28.18,20.71,0,0,0,
7684,90,90,0.20,9.48,1.69,0.01,-0.01,0.00,-49.23,26.73,20.02,0,0,0,
7690,90,90,0.20,9.48,1.69,0.01,-0.01,0.00,-48.83,27.67,20.05,0,0,0,
7697,89,90,0.20,9.49,1.69,0.01,-0.01,0.00,-49.55,27.27,20.26,0,0,0,
7703,89,90,0.21,9.48,1.70,0.01,-0.01,0.00,-49.42,27.29,21.29,0,0,0,
7715,89,90,0.21,9.49,1.69,0.01,-0.01,0.00,-49.01,27.87,20.36,0,0,0,
7721,89,90,0.21,9.49,1.70,0.01,-0.01,0.00,-49.06,26.78,21.32,0,0,0,
