Start of File
861,89,89,0.21,9.64,-0.28,0.01,-0.01,0.00,-47.94,16.41,22.84,0,0,0,
868,90,90,0.20,9.63,-0.27,0.01,-0.01,0.00,-47.98,17.14,23.98,0,0,0,
874,90,90,0.20,9.63,-0.27,0.01,-0.01,0.00,-47.72,16.85,23.11,0,0,0,
881,89,89,0.20,9.64,-0.27,0.01,-0.01,0.00,-47.81,16.68,22.92,0,0,0,
887,89,89,0.20,9.64,-0.27,0.01,-0.01,0.00,-47.90,16.49,23.59,0,0,0,
893,89,89,0.20,9.64,-0.27,0.01,-0.01,0.00,-47.85,16.15,23.40,0,0,0,
899,89,89,0.20,9.63,-0.26,0.01,-0.01,0.00,-47.75,16.38,23.27,0,0,0,
906,89,89,0.20,9.64,-0.26,0.01,-0.01,0.00,-47.98,16.38,23.34,0,0,0,
917,89,90,0.21,9.63,-0.25,0.01,-0.01,0.00,-48.36,16.33,23.87,0,0,0,
923,89,90,0.21,9.63,-0.24,0.01,-0.01,0.00,-47.85,16.76,23.57,0,0,0,
929,89,90,0.21,9.63,-0.24,0.01,-0.01,0.00,-47.88,16.60,22.98,0,0,0,
936,89,90,0.21,9.63,-0.24,0.01,-0.01,0.00,-47.97,16.37,23.05,0,0,0,
942,89,89,0.20,9.65,-0.24,0.01,-0.01,0.00,-48.10,16.60,23.74,0,0,0,
948,89,89,0.20,9.65,-0.24,0.01,-0.01,0.00,-48.04,16.69,22.48,0,0,0,
954,89,89,0.20,9.63,-0.23,0.01,-0.01,0.00,-48.26,16.41,23.50,0,0,0,
965,89,89,0.21,9.64,-0.24,0.01,-0.01,0.00,-47.73,16.73,23.71,0,0,0,
972,89,89,0.21,9.64,-0.22,0.01,-0.01,0.00,-48.17,15.76,23.81,0,0,0,
979,89,89,0.21,9.64,-0.23,0.01,-0.01,0.00,-48.06,16.37,23.19,0,0,0,
985,89,89,0.21,9.64,-0.23,0.01,-0.01,0.00,-47.68,17.06,23.36,0,0,0,
991,89,89,0.21,9.64,-0.23,0.01,-0.01,0.00,-47.84,15.99,23.76,0,0,0,
998,89,90,0.21,9.63,-0.24,0.01,-0.01,0.00,-48.39,16.66,22.77,0,0,0,
1004,89,90,0.21,9.63,-0.24,0.01,-0.01,0.00,-47.68,16.50,23.50,0,0,0,
1018,89,90,0.21,9.63,-0.23,0.01,-0.01,0.00,-48.51,16.50,23.18,0,0,0,
1029,90,89,0.20,9.63,-0.22,0.01,-0.01,0.00,-47.82,16.37,22.39,0,0,0,
1036,89,89,0.20,9.65,-0.23,0.01,-0.01,0.00,-48.32,16.40,23.50,0,0,0,
1042,89,89,0.20,9.65,-0.24,0.01,-0.01,0.00,-48.09,16.33,22.92,0,0,0,
1048,89,89,0.21,9.65,-0.24,0.01,-0.01,0.00,-48.22,16.44,23.46,0,0,0,
1054,89,89,0.21,9.64,-0.23,0.01,-0.01,0.00,-48.33,16.37,23.30,0,0,0,
1061,90,90,0.21,9.63,-0.23,0.01,-0.01,0.00,-48.20,16.56,22.46,0,0,0,
1067,90,89,0.20,9.63,-0.23,0.01,-0.01,0.00,-48.61,16.27,22.93,0,0,0,
1079,89,89,0.20,9.64,-0.24,0.01,-0.01,0.00,-48.03,16.16,22.62,0,0,0,
1085,89,90,0.22,9.64,-0.24,0.01,-0.01,0.00,-48.19,16.09,23.24,0,0,0,
1091,90,89,0.20,9.63,-0.23,0.01,-0.01,0.00,-48.19,16.75,23.52,0,0,0,
1098,89,89,0.20,9.64,-0.25,0.01,-0.01,0.00,-48.80,16.35,22.29,0,0,0,
1104,89,89,0.20,9.64,-0.25,0.01,-0.01,0.00,-48.77,16.37,26.06,0,0,0,
1110,89,89,0.20,9.64,-0.24,0.01,-0.01,0.00,-48.48,16.34,22.68,0,0,0,
1116,89,89,0.20,9.64,-0.22,0.01,-0.01,0.00,-51.97,15.95,22.95,0,0,0,
1127,89,89,0.21,9.64,-0.25,0.01,-0.01,0.00,-48.93,16.94,22.99,0,0,0,
1134,89,89,0.21,9.64,-0.25,0.01,-0.01,0.00,-48.90,16.59,22.42,0,0,0,
1140,89,89,0.21,9.64,-0.24,0.01,-0.01,0.00,-48.07,15.77,22.74,0,0,0,
1146,89,89,0.20,9.65,-0.22,0.01,-0.01,0.00,-48.82,16.16,23.08,0,0,0,
1153,89,89,0.20,9.65,-0.22,0.01,-0.01,0.00,-48.17,15.95,23.28,0,0,0,
1159,89,89,0.20,9.63,-0.25,0.01,-0.01,0.00,-48.29,16.16,22.76,0,0,0,
1165,89,90,0.21,9.63,-0.23,0.01,-0.01,0.00,-48.01,16.50,23.02,0,0,0,
1185,89,89,0.21,9.65,-0.24,0.01,-0.01,0.00,-48.28,16.62,22.52,0,0,0,
1191,90,89,0.20,9.64,-0.25,0.01,-0.01,0.00,-47.47,16.18,22.86,0,0,0,
1198,90,89,0.20,9.64,-0.25,0.01,-0.01,0.00,-47.54,16.63,22.65,0,0,0,
1204,89,89,0.20,9.63,-0.24,0.01,-0.01,0.00,-48.06,16.50,22.87,0,0,0,
1210,89,89,0.21,9.64,-0.23,0.01,-0.01,0.00,-48.41,16.22,23.60,0,0,0,
1216,89,89,0.21,9.64,-0.23,0.01,-0.01,0.00,-47.97,16.44,23.22,0,0,0,
1223,89,90,0.21,9.64,-0.24,0.01,-0.01,0.00,-47.88,15.83,24.38,0,0,0,
1229,89,89,0.20,9.64,-0.24,0.01,-0.01,0.00,-47.72,16.41,24.33,0,0,0,
1240,89,89,0.20,9.64,-0.23,0.01,-0.01,0.00,-48.16,16.98,23.56,0,0,0,
1246,89,89,0.20,9.64,-0.23,0.01,-0.01,0.00,-47.73,16.09,23.97,0,0,0,
1253,89,89,0.20,9.64,-0.23,0.00,-0.01,0.00,-48.14,16.47,24.23,0,0,0,
1259,89,89,0.20,9.64,-0.23,0.01,-0.01,0.00,-48.16,17.25,23.46,0,0,0,
1265,89,89,0.21,9.64,-0.23,0.01,-0.01,0.00,-47.75,16.37,23.74,0,0,0,
1271,89,89,0.21,9.64,-0.23,0.01,-0.01,0.00,-48.33,16.37,23.28,0,0,0,
1278,89,89,0.20,9.65,-0.23,0.01,-0.01,0.00,-47.95,16.33,23.63,0,0,0,
1290,89,89,0.21,9.64,-0.25,0.01,-0.01,0.00,-48.20,16.60,23.53,0,0,0,
1296,89,89,0.21,9.65,-0.24,0.01,-0.01,0.00,-48.57,16.27,22.95,0,0,0,
1302,89,89,0.20,9.63,-0.23,0.01,-0.01,0.00,-48.13,16.47,23.63,0,0,0,
1308,89,89,0.20,9.63,-0.23,0.01,-0.01,0.00,-48.16,16.88,24.29,0,0,0,
1315,89,90,0.21,9.63,-0.24,0.01,-0.01,0.00,-48.36,16.41,23.75,0,0,0,
1321,89,89,0.21,9.65,-0.24,0.01,-0.01,0.00,-47.98,16.34,23.30,0,0,0,
1327,89,89,0.21,9.65,-0.24,0.01,-0.01,0.00,-48.33,15.90,24.12,0,0,0,
1346,89,89,0.21,9.64,-0.25,0.01,-0.01,0.00,-48.60,16.69,24.22,0,0,0,
1353,89,89,0.20,9.64,-0.24,0.01,-0.01,0.00,-48.14,17.13,23.90,0,0,0,
1360,89,89,0.20,9.64,-0.24,0.01,-0.01,0.00,-48.48,16.47,24.09,0,0,0,
1366,89,89,0.20,9.64,-0.24,0.01,-0.01,0.00,-47.82,16.84,23.14,0,0,0,
1372,90,89,0.20,9.64,-0.24,0.01,-0.01,0.00,-48.22,16.97,24.41,0,0,0,
1379,89,89,0.20,9.65,-0.24,0.01,-0.01,0.00,-48.14,16.66,23.21,0,0,0,
1385,89,89,0.20,9.64,-0.24,0.01,-0.01,0.00,-47.94,16.46,24.07,0,0,0,
1391,89,89,0.20,9.64,-0.24,0.01,-0.01,0.00,-47.87,16.43,23.93,0,0,0,
1402,89,89,0.20,9.63,-0.23,0.01,-0.01,0.00,-48.35,17.32,23.93,0,0,0,
1408,89,89,0.20,9.64,-0.24,0.01,-0.01,0.00,-48.09,16.87,24.22,0,0,0,
1415,89,89,0.21,9.64,-0.24,0.01,-0.01,0.00,-48.47,16.97,24.14,0,0,0,
1421,89,89,0.21,9.64,-0.24,0.01,-0.01,0.00,-47.54,16.85,24.10,0,0,0,
1427,89,89,0.20,9.64,-0.24,0.01,-0.01,0.00,-47.91,16.59,23.91,0,0,0,
1433,89,89,0.20,9.64,-0.24,0.01,-0.01,0.00,-47.73,16.50,24.32,0,0,0,
1440,89,89,0.20,9.64,-0.24,0.01,-0.01,0.00,-47.91,16.63,23.34,0,0,0,
1452,90,90,0.20,9.63,-0.23,0.01,-0.01,0.00,-48.48,16.11,24.48,0,0,0,
1458,90,90,0.20,9.63,-0.23,0.01,-0.01,0.00,-48.68,16.28,23.91,0,0,0,
1464,89,89,0.21,9.64,-0.24,0.01,-0.01,0.00,-47.88,16.60,24.45,0,0,0,
1471,89,89,0.20,9.64,-0.25,0.01,-0.01,0.00,-48.73,16.52,23.22,0,0,0,
1477,89,89,0.20,9.64,-0.24,0.01,-0.01,0.00,-48.67,16.38,23.71,0,0,0,
1483,89,89,0.20,9.64,-0.24,0.01,-0.01,0.00,-48.32,16.56,22.84,0,0,0,
1489,89,89,0.20,9.63,-0.24,0.01,-0.01,0.00,-47.69,16.76,23.31,0,0,0,
1508,89,89,0.20,9.64,-0.23,0.01,-0.01,0.00,-48.00,17.20,23.50,0,0,0,
1515,89,89,0.21,9.64,-0.24,0.01,-0.01,0.00,-48.06,16.78,22.42,0,0,0,
1521,89,89,0.21,9.64,-0.24,0.01,-0.01,0.00,-47.95,16.38,23.47,0,0,0,
1527,89,89,0.20,9.64,-0.25,0.01,-0.01,0.00,-47.44,16.63,24.26,0,0,0,
1533,89,89,0.21,9.65,-0.25,0.01,-0.01,0.00,-47.87,16.40,23.59,0,0,0,
1540,89,89,0.21,9.65,-0.25,0.01,-0.01,0.00,-47.53,16.18,23.28,0,0,0,
1547,90,90,0.21,9.63,-0.24,0.01,-0.01,0.00,-48.14,16.97,24.22,0,0,0,
1553,89,89,0.20,9.63,-0.25,0.01,-0.01,0.00,-48.39,16.30,23.31,0,0,0,
1564,89,89,0.20,9.65,-0.25,0.01,-0.01,0.00,-48.28,16.38,23.05,0,0,0,
1571,89,89,0.21,9.65,-0.24,0.01,-0.01,0.00,-47.90,16.73,23.46,0,0,0,
1577,89,89,0.21,9.65,-0.24,0.01,-0.01,0.00,-48.01,16.88,23.85,0,0,0,
1583,89,89,0.20,9.63,-0.25,0.01,-0.01,0.00,-47.92,16.98,23.06,0,0,0,
1589,89,89,0.20,9.64,-0.25,0.01,-0.01,0.00,-48.25,16.21,23.36,0,0,0,
1595,89,89,0.20,9.64,-0.25,0.01,-0.01,0.00,-48.66,16.88,23.50,0,0,0,
1602,89,90,0.21,9.63,-0.25,0.01,-0.01,0.00,-47.75,17.25,23.22,0,0,0,
1612,89,89,0.21,9.63,-0.23,0.01,-0.01,0.00,-48.13,17.26,22.76,0,0,0,
1619,89,89,0.21,9.64,-0.25,0.01,-0.01,0.00,-48.00,16.79,22.49,0,0,0,
1625,89,89,0.21,9.64,-0.25,0.01,-0.01,0.00,-47.63,16.16,23.75,0,0,0,
1632,89,89,0.21,9.65,-0.25,0.01,-0.01,0.00,-48.16,16.56,23.28,0,0,0,
1638,89,89,0.21,9.64,-0.25,0.01,-0.01,0.00,-47.94,16.43,24.07,0,0,0,
1644,89,89,0.21,9.64,-0.25,0.01,-0.01,0.00,-48.11,16.19,23.49,0,0,0,
1650,89,89,0.20,9.64,-0.25,0.01,-0.01,0.00,-48.03,16.11,22.98,0,0,0,
1661,89,90,0.21,9.63,-0.24,0.01,-0.01,0.00,-47.71,16.54,23.15,0,0,0,
1677,89,89,0.20,9.64,-0.24,0.01,-0.01,0.00,-47.56,16.35,23.34,0,0,0,
1683,89,89,0.20,9.64,-0.25,0.01,-0.01,0.00,-47.56,16.73,22.58,0,0,0,
1689,89,89,0.20,9.64,-0.25,0.01,-0.01,0.00,-48.19,16.62,22.67,0,0,0,
1696,89,89,0.21,9.64,-0.25,0.01,-0.01,0.00,-47.97,16.60,23.93,0,0,0,
1702,89,89,0.20,9.64,-0.25,0.01,-0.01,0.00,-47.56,16.56,23.37,0,0,0,
1708,89,89,0.20,9.64,-0.25,0.01,-0.01,0.00,-48.32,16.97,23.52,0,0,0,
1714,90,89,0.20,9.63,-0.24,0.01,-0.01,0.00,-48.07,16.97,23.81,0,0,0,
1725,89,89,0.21,9.64,-0.25,0.01,-0.01,0.00,-48.03,16.34,23.19,0,0,0,
1732,89,89,0.20,9.64,-0.25,0.01,-0.01,0.00,-48.36,16.49,22.57,0,0,0,
1739,89,89,0.20,9.64,-0.24,0.01,-0.01,0.00,-48.55,16.25,23.00,0,0,0,
1745,89,89,0.20,9.64,-0.24,0.01,-0.01,0.00,-48.23,16.27,22.43,0,0,0,
1751,89,90,0.21,9.64,-0.23,0.01,-0.01,0.00,-47.69,16.16,22.01,0,0,0,
1758,89,90,0.21,9.63,-0.25,0.01,-0.01,0.00,-47.30,16.41,22.81,0,0,0,
1764,89,90,0.21,9.63,-0.25,0.01,-0.01,0.00,-47.94,16.78,22.24,0,0,0,
1775,89,89,0.21,9.64,-0.24,0.01,-0.01,0.00,-48.44,16.47,22.24,0,0,0,
1781,89,89,0.21,9.64,-0.24,0.01,-0.01,0.00,-47.91,16.33,22.60,0,0,0,
1788,89,89,0.20,9.63,-0.24,0.01,-0.01,0.00,-48.04,16.46,22.54,0,0,0,
1794,89,89,0.20,9.63,-0.25,0.01,-0.01,0.00,-47.84,16.30,23.40,0,0,0,
1800,89,89,0.20,9.63,-0.25,0.01,-0.01,0.00,-47.79,16.38,22.64,0,0,0,
1806,89,89,0.20,9.64,-0.25,0.01,-0.01,0.00,-48.07,16.15,22.80,0,0,0,
1813,89,89,0.20,9.64,-0.24,0.01,-0.01,0.00,-47.97,16.81,23.38,0,0,0,
1824,89,89,0.20,9.63,-0.25,0.01,-0.01,0.00,-48.06,16.38,23.27,0,0,0,
1837,89,89,0.20,9.64,-0.25,0.01,-0.01,0.00,-48.30,16.40,22.98,0,0,0,
1844,89,89,0.20,9.64,-0.26,0.01,-0.01,0.00,-48.47,16.60,23.49,0,0,0,
1850,89,89,0.21,9.64,-0.25,0.01,-0.01,0.00,-48.35,16.15,22.80,0,0,0,
1857,89,89,0.21,9.64,-0.25,0.01,-0.01,0.00,-48.01,16.24,23.50,0,0,0,
1863,89,89,0.21,9.64,-0.25,0.01,-0.01,0.00,-48.06,16.63,22.20,0,0,0,
1869,89,89,0.21,9.64,-0.25,0.01,-0.01,0.00,-47.73,16.85,23.19,0,0,0,
1875,89,90,0.21,9.63,-0.25,0.01,-0.01,0.00,-48.03,16.53,23.59,0,0,0,
1887,89,90,0.21,9.63,-0.25,0.01,-0.01,0.00,-47.44,16.44,22.90,0,0,0,
1894,89,89,0.21,9.64,-0.25,0.01,-0.01,0.00,-47.92,16.79,21.86,0,0,0,
1900,89,89,0.21,9.64,-0.25,0.01,-0.01,0.00,-47.97,16.49,23.00,0,0,0,
1906,89,89,0.20,9.64,-0.25,0.01,-0.01,0.00,-47.85,16.81,22.35,0,0,0,
1913,89,89,0.21,9.64,-0.25,0.01,-0.01,0.00,-48.26,17.14,22.99,0,0,0,
1919,89,89,0.21,9.64,-0.25,0.01,-0.01,0.00,-48.22,16.88,23.05,0,0,0,
1925,89,89,0.20,9.64,-0.25,0.01,-0.01,0.00,-47.79,17.09,23.62,0,0,0,
1937,90,90,0.20,9.62,-0.25,0.01,-0.01,0.00,-47.57,16.71,23.50,0,0,0,
1943,89,90,0.21,9.63,-0.25,0.01,-0.01,0.00,-47.85,16.65,22.07,0,0,0,
1950,89,89,0.20,9.64,-0.25,0.01,-0.01,0.00,-48.38,15.90,23.17,0,0,0,
1956,89,89,0.20,9.64,-0.25,0.01,-0.01,0.00,-48.19,16.87,23.55,0,0,0,
1962,89,90,0.21,9.63,-0.25,0.01,-0.01,0.00,-48.07,16.47,23.14,0,0,0,
1968,89,89,0.21,9.64,-0.24,0.01,-0.01,0.00,-47.65,16.72,23.36,0,0,0,
1975,89,89,0.21,9.64,-0.24,0.01,-0.01,0.00,-48.35,16.52,23.08,0,0,0,
1986,89,89,0.20,9.64,-0.25,0.01,-0.01,0.00,-47.97,16.90,22.46,0,0,0,
1992,90,89,0.20,9.63,-0.25,0.01,-0.01,0.00,-47.95,16.82,23.36,0,0,0,
2005,89,89,0.21,9.64,-0.24,0.01,-0.01,0.00,-48.38,16.22,22.86,0,0,0,
2012,89,89,0.21,9.64,-0.24,0.01,-0.01,0.00,-48.11,16.30,22.70,0,0,0,
2018,89,89,0.21,9.64,-0.24,0.01,-0.01,0.00,-47.73,16.79,22.89,0,0,0,
2024,89,89,0.21,9.63,-0.25,0.01,-0.01,0.00,-48.07,16.65,23.15,0,0,0,
2030,89,89,0.21,9.63,-0.25,0.01,-0.01,0.00,-47.91,16.98,23.94,0,0,0,
2037,89,90,0.21,9.63,-0.25,0.01,-0.01,0.00,-47.31,16.98,22.60,0,0,0,
2047,89,89,0.20,9.64,-0.25,0.01,-0.01,0.00,-48.29,17.13,22.92,0,0,0,
2054,89,89,0.20,9.64,-0.25,0.01,-0.01,0.00,-47.78,16.65,22.89,0,0,0,
2060,89,89,0.20,9.64,-0.24,0.01,-0.01,0.00,-47.63,16.81,22.99,0,0,0,
2066,89,89,0.21,9.64,-0.24,0.01,-0.01,0.00,-48.11,16.50,22.80,0,0,0,
2072,89,89,0.20,9.63,-0.25,0.01,-0.01,0.00,-48.13,16.05,22.80,0,0,0,
2078,89,89,0.20,9.63,-0.24,0.01,-0.01,0.00,-48.11,17.07,22.98,0,0,0,
2084,89,89,0.21,9.64,-0.24,0.01,-0.01,0.00,-47.75,17.39,23.41,0,0,0,
2096,89,90,0.21,9.63,-0.25,0.01,-0.01,0.00,-48.16,16.38,22.64,0,0,0,
2102,89,90,0.21,9.63,-0.25,0.01,-0.01,0.00,-48.58,16.30,22.51,0,0,0,
2109,89,89,0.20,9.65,-0.26,0.01,-0.01,0.00,-48.11,16.53,23.12,0,0,0,
2115,89,89,0.20,9.65,-0.26,0.01,-0.01,0.00,-47.95,16.21,22.68,0,0,0,
2121,89,90,0.21,9.63,-0.26,0.01,-0.01,0.00,-48.01,16.38,22.77,0,0,0,
2127,89,89,0.20,9.64,-0.24,0.01,-0.01,0.00,-47.95,17.01,23.02,0,0,0,
2134,90,89,0.19,9.63,-0.24,0.01,-0.01,0.00,-47.81,17.29,23.14,0,0,0,
2145,90,89,0.20,9.63,-0.25,0.01,-0.01,0.00,-48.06,17.13,22.92,0,0,0,
2152,90,89,0.20,9.63,-0.25,0.01,-0.01,0.00,-48.10,16.94,22.38,0,0,0,
2158,89,89,0.20,9.64,-0.26,0.01,-0.01,0.00,-47.92,16.91,22.80,0,0,0,
2173,89,90,0.21,9.63,-0.24,0.01,-0.01,0.00,-48.23,16.25,22.99,0,0,0,
2179,89,90,0.21,9.63,-0.24,0.01,-0.01,0.00,-48.71,16.21,22.55,0,0,0,
2185,89,89,0.20,9.64,-0.25,0.01,-0.01,0.00,-49.09,16.19,22.64,0,0,0,
2191,89,89,0.21,9.64,-0.25,0.01,-0.01,0.00,-48.07,16.31,22.83,0,0,0,
2203,89,89,0.21,9.64,-0.26,0.01,-0.01,0.00,-48.01,16.27,23.36,0,0,0,
2210,89,89,0.20,9.63,-0.25,0.01,-0.01,0.00,-47.97,16.18,23.18,0,0,0,
2216,89,89,0.20,9.63,-0.25,0.01,-0.01,0.00,-48.89,16.72,22.76,0,0,0,
2222,89,89,0.20,9.65,-0.24,0.01,-0.01,0.00,-48.60,16.62,22.98,0,0,0,
2228,90,89,0.20,9.63,-0.25,0.01,-0.01,0.00,-48.26,16.56,23.15,0,0,0,
2235,90,89,0.20,9.63,-0.25,0.01,-0.01,0.00,-48.82,16.76,22.00,0,0,0,
2241,90,89,0.20,9.63,-0.24,0.01,-0.01,0.00,-48.87,16.25,23.00,0,0,0,
2247,89,89,0.20,9.64,-0.25,0.01,-0.01,0.00,-52.22,16.54,23.22,0,0,0,
2258,89,89,0.20,9.63,-0.24,0.01,-0.01,0.00,-48.66,16.71,23.55,0,0,0,
2265,89,89,0.20,9.63,-0.24,0.01,-0.01,0.00,-48.14,17.14,23.59,0,0,0,
2272,89,89,0.20,9.63,-0.24,0.01,-0.01,0.00,-48.13,16.65,23.72,0,0,0,
2278,89,89,0.20,9.63,-0.25,0.00,-0.01,0.00,-48.28,16.54,24.12,0,0,0,
2284,89,89,0.20,9.64,-0.24,0.01,-0.01,0.00,-48.30,17.01,23.62,0,0,0,
2291,89,89,0.20,9.64,-0.24,0.01,-0.01,0.00,-48.16,17.11,22.27,0,0,0,
2297,89,89,0.20,9.65,-0.25,0.01,-0.01,0.00,-48.83,16.78,23.21,0,0,0,
2308,89,89,0.20,9.64,-0.24,0.01,-0.01,0.00,-47.81,17.11,23.53,0,0,0,
2314,89,90,0.21,9.63,-0.25,0.01,-0.01,0.00,-48.70,16.68,23.18,0,0,0,
2320,89,90,0.21,9.63,-0.24,0.01,-0.01,0.00,-48.85,17.17,22.77,0,0,0,
2334,89,89,0.21,9.65,-0.25,0.01,-0.01,0.00,-47.92,16.90,23.75,0,0,0,
2341,89,89,0.21,9.64,-0.26,0.01,-0.01,0.00,-48.58,16.98,24.14,0,0,0,
2347,89,89,0.21,9.64,-0.26,0.01,-0.01,0.00,-48.06,16.46,23.43,0,0,0,
2353,89,89,0.20,9.65,-0.26,0.01,-0.01,0.00,-48.41,16.92,23.21,0,0,0,
2364,89,89,0.21,9.64,-0.25,0.01,-0.01,0.00,-48.83,16.52,23.36,0,0,0,
2372,89,89,0.21,9.64,-0.24,0.01,-0.01,0.00,-48.80,16.82,23.27,0,0,0,
2378,89,89,0.21,9.65,-0.25,0.01,-0.01,0.00,-48.29,16.71,22.76,0,0,0,
2384,89,89,0.21,9.64,-0.25,0.01,-0.01,0.00,-48.11,16.63,22.83,0,0,0,
2391,89,89,0.21,9.64,-0.25,0.01,-0.01,0.00,-48.45,17.35,23.55,0,0,0,
2397,89,90,0.21,9.63,-0.25,0.01,-0.01,0.00,-48.25,16.87,24.01,0,0,0,
2403,89,89,0.21,9.65,-0.25,0.01,-0.01,0.00,-47.82,17.01,23.68,0,0,0,
2409,89,89,0.21,9.65,-0.25,0.01,-0.01,0.00,-48.33,16.68,23.14,0,0,0,
2420,89,89,0.21,9.63,-0.25,0.01,-0.01,0.00,-48.44,16.94,22.99,0,0,0,
2427,89,89,0.20,9.63,-0.24,0.01,-0.01,0.00,-48.44,16.65,22.54,0,0,0,
2433,90,89,0.20,9.63,-0.25,0.01,-0.01,0.00,-48.39,16.66,23.33,0,0,0,
2439,90,89,0.20,9.63,-0.25,0.01,-0.01,0.00,-48.13,16.87,22.70,0,0,0,
2445,89,89,0.21,9.65,-0.25,0.00,-0.01,0.00,-47.62,17.36,23.78,0,0,0,
2452,89,89,0.21,9.64,-0.24,0.01,-0.01,0.00,-48.48,16.44,23.15,0,0,0,
2458,89,89,0.21,9.63,-0.24,0.01,-0.01,0.00,-47.79,15.87,23.17,0,0,0,
2469,89,89,0.20,9.65,-0.24,0.01,-0.01,0.00,-47.95,16.27,23.33,0,0,0,
2475,89,89,0.20,9.65,-0.24,0.01,-0.01,0.00,-48.26,16.47,23.46,0,0,0,
2482,90,90,0.20,9.62,-0.24,0.01,-0.01,0.00,-48.07,16.91,23.47,0,0,0,
2488,89,90,0.21,9.63,-0.25,0.01,-0.01,0.00,-47.90,16.44,22.51,0,0,0,
2501,89,89,0.20,9.65,-0.24,0.01,-0.01,0.00,-47.76,16.35,22.74,0,0,0,
2507,90,90,0.20,9.62,-0.24,0.01,-0.01,0.00,-48.13,16.63,23.36,0,0,0,
2514,89,89,0.20,9.64,-0.26,0.01,-0.01,0.00,-48.39,16.73,24.03,0,0,0,
2525,89,90,0.21,9.63,-0.25,0.01,-0.01,0.00,-48.00,16.90,23.90,0,0,0,
2532,89,89,0.21,9.64,-0.24,0.01,-0.01,0.00,-48.22,16.28,24.55,0,0,0,
2538,89,89,0.20,9.64,-0.24,0.01,-0.01,0.00,-48.09,16.28,23.43,0,0,0,
2544,90,89,0.20,9.63,-0.25,0.01,-0.01,0.00,-48.00,16.87,23.40,0,0,0,
2551,90,89,0.20,9.63,-0.25,0.01,-0.01,0.00,-48.39,16.65,23.69,0,0,0,
2557,90,89,0.20,9.63,-0.25,0.01,-0.01,0.00,-48.22,16.00,22.95,0,0,0,
2563,89,89,0.20,9.64,-0.26,0.01,-0.01,0.00,-48.20,16.52,23.49,0,0,0,
2569,89,90,0.21,9.63,-0.26,0.01,-0.01,0.00,-48.28,16.54,24.10,0,0,0,
2581,89,89,0.20,9.63,-0.24,0.01,-0.01,0.00,-48.04,16.40,23.41,0,0,0,
2588,89,90,0.21,9.63,-0.26,0.01,-0.01,0.00,-47.88,16.21,23.03,0,0,0,
2594,89,90,0.21,9.63,-0.26,0.01,-0.01,0.00,-47.88,16.06,22.92,0,0,0,
2600,89,89,0.21,9.64,-0.26,0.01,-0.01,0.00,-48.09,16.75,21.95,0,0,0,
2607,89,89,0.21,9.64,-0.25,0.01,-0.01,0.00,-48.23,16.73,23.15,0,0,0,
2613,89,89,0.21,9.64,-0.25,0.01,-0.01,0.00,-48.48,16.33,23.27,0,0,0,
2619,90,89,0.20,9.63,-0.26,0.01,-0.01,0.00,-48.23,16.46,22.87,0,0,0,
2630,90,89,0.19,9.63,-0.25,0.01,-0.01,0.00,-48.03,16.92,23.66,0,0,0,
2636,89,89,0.20,9.63,-0.25,0.01,-0.01,0.00,-47.60,16.59,23.56,0,0,0,
2643,89,90,0.20,9.63,-0.26,0.01,-0.01,0.00,-48.17,16.37,23.68,0,0,0,
2649,89,90,0.20,9.63,-0.26,0.01,-0.01,0.00,-47.87,16.05,23.24,0,0,0,
2655,89,89,0.21,9.66,-0.27,0.01,-0.01,0.00,-47.95,16.38,22.98,0,0,0,
2670,89,90,0.22,9.62,-0.25,0.01,-0.01,0.00,-47.53,17.04,24.01,0,0,0,
2677,89,89,0.20,9.64,-0.24,0.01,-0.01,0.00,-48.32,16.49,21.81,0,0,0,
2689,89,89,0.21,9.64,-0.26,0.01,-0.01,0.00,-48.00,16.72,23.38,0,0,0,
2695,89,89,0.20,9.64,-0.25,0.01,-0.01,0.00,-48.52,16.40,23.09,0,0,0,
2701,89,89,0.20,9.64,-0.25,0.00,-0.01,0.00,-48.83,16.37,24.04,0,0,0,
2708,90,89,0.20,9.63,-0.25,0.00,-0.01,0.00,-48.17,16.90,23.40,0,0,0,
2714,89,90,0.20,9.63,-0.25,0.01,-0.01,0.00,-48.16,16.56,22.33,0,0,0,
2720,89,89,0.20,9.64,-0.25,0.01,-0.01,0.00,-48.16,17.01,23.31,0,0,0,
2726,89,89,0.20,9.64,-0.25,0.01,-0.01,0.00,-48.01,16.62,22.79,0,0,0,
2732,89,89,0.20,9.64,-0.24,0.01,-0.01,0.00,-48.39,16.43,23.59,0,0,0,
2744,89,89,0.20,9.64,-0.25,0.01,-0.01,0.00,-47.85,16.41,22.96,0,0,0,
2750,89,89,0.20,9.65,-0.26,0.01,-0.01,0.00,-48.04,16.24,22.60,0,0,0,
2756,89,90,0.21,9.63,-0.24,0.01,-0.01,0.00,-47.57,16.24,22.41,0,0,0,
2763,89,90,0.21,9.63,-0.24,0.01,-0.01,0.00,-47.87,16.98,23.81,0,0,0,
2770,89,89,0.20,9.63,-0.25,0.01,-0.01,0.00,-48.06,16.75,23.31,0,0,0,
2776,90,89,0.19,9.63,-0.25,0.01,-0.01,0.00,-47.44,16.82,23.24,0,0,0,
2782,89,89,0.20,9.64,-0.25,0.01,-0.01,0.00,-48.11,16.62,23.00,0,0,0,
2793,89,90,0.21,9.63,-0.25,0.01,-0.01,0.00,-48.19,16.37,23.22,0,0,0,
2800,89,90,0.21,9.63,-0.26,0.01,-0.01,0.00,-47.75,17.00,23.30,0,0,0,
2806,89,89,0.20,9.64,-0.26,0.01,-0.01,0.00,-47.65,16.87,23.78,0,0,0,
2812,90,90,0.21,9.62,-0.25,0.01,-0.01,0.00,-48.25,16.72,23.18,0,0,0,
2818,90,90,0.21,9.62,-0.25,0.01,-0.01,0.00,-47.69,16.81,23.60,0,0,0,
2831,89,90,0.21,9.63,-0.25,0.01,-0.01,0.00,-48.01,16.37,23.00,0,0,0,
2839,89,89,0.22,9.65,-0.26,0.01,-0.01,0.00,-48.38,16.50,24.12,0,0,0,
2850,89,89,0.21,9.63,-0.25,0.01,-0.01,0.00,-47.92,16.49,23.21,0,0,0,
2856,90,89,0.20,9.63,-0.25,0.01,-0.01,0.00,-48.16,16.41,24.06,0,0,0,
2862,90,89,0.20,9.63,-0.25,0.01,-0.01,0.00,-48.49,16.35,23.22,0,0,0,
2869,89,89,0.20,9.64,-0.26,0.01,-0.01,0.00,-47.87,16.22,23.88,0,0,0,
2875,89,89,0.20,9.63,-0.25,0.01,-0.01,0.00,-47.79,16.33,23.28,0,0,0,
2881,89,89,0.20,9.63,-0.25,0.01,-0.01,0.00,-47.79,16.30,23.17,0,0,0,
2887,89,89,0.21,9.63,-0.24,0.01,-0.01,0.00,-47.49,16.08,23.94,0,0,0,
2894,89,89,0.20,9.64,-0.25,0.01,-0.01,0.00,-48.49,15.97,23.82,0,0,0,
2905,89,89,0.21,9.64,-0.26,0.01,-0.01,0.00,-48.06,16.30,23.63,0,0,0,
2911,89,90,0.21,9.63,-0.25,0.01,-0.01,0.00,-48.11,16.60,23.74,0,0,0,
2917,89,90,0.22,9.63,-0.25,0.01,-0.01,0.00,-48.09,16.28,23.81,0,0,0,
2924,90,90,0.21,9.62,-0.24,0.01,-0.01,0.00,-48.17,15.89,23.74,0,0,0,
2930,89,89,0.20,9.64,-0.25,0.01,-0.01,0.00,-48.32,16.41,23.24,0,0,0,
2936,89,89,0.20,9.64,-0.25,0.01,-0.01,0.00,-48.38,16.27,23.68,0,0,0,
2942,89,89,0.20,9.64,-0.25,0.01,-0.01,0.00,-47.82,16.85,23.44,0,0,0,
2953,90,90,0.20,9.62,-0.25,0.01,-0.01,0.00,-48.00,16.28,23.60,0,0,0,
2960,89,89,0.20,9.63,-0.25,0.01,-0.01,0.00,-48.38,16.54,24.16,0,0,0,
2966,89,89,0.20,9.63,-0.24,0.01,-0.01,0.00,-48.26,15.49,23.30,0,0,0,
2972,89,89,0.20,9.64,-0.24,0.01,-0.01,0.00,-48.17,16.34,22.05,0,0,0,
2978,89,89,0.21,9.64,-0.26,0.01,-0.01,0.00,-48.29,16.19,23.46,0,0,0,
2985,89,89,0.20,9.64,-0.25,0.01,-0.01,0.00,-48.00,16.46,23.53,0,0,0,
2998,89,89,0.20,9.63,-0.25,0.01,-0.01,0.00,-48.66,16.92,22.74,0,0,0,
3010,90,90,0.20,9.63,-0.25,0.01,-0.01,0.00,-48.23,16.71,23.50,0,0,0,
3017,89,90,0.21,9.62,-0.25,0.01,-0.01,0.00,-48.01,16.88,23.24,0,0,0,
3024,89,89,0.20,9.66,-0.25,0.01,-0.01,0.00,-48.61,16.43,22.95,0,0,0,
3030,89,89,0.20,9.66,-0.25,0.01,-0.01,0.00,-48.19,15.68,23.30,0,0,0,
3036,89,90,0.21,9.63,-0.25,0.01,-0.01,0.00,-47.98,16.69,23.68,0,0,0,
3042,90,89,0.20,9.63,-0.25,0.01,-0.01,0.00,-47.49,16.43,23.79,0,0,0,
3049,90,89,0.20,9.63,-0.25,0.01,-0.01,0.00,-48.07,16.98,23.63,0,0,0,
3060,89,89,0.20,9.63,-0.23,0.00,-0.01,0.00,-47.94,15.97,23.88,0,0,0,
3067,89,89,0.20,9.63,-0.23,0.00,-0.01,0.00,-48.04,16.68,23.30,0,0,0,
3073,89,89,0.20,9.64,-0.25,0.01,-0.01,0.00,-48.60,16.34,22.96,0,0,0,
3079,89,89,0.20,9.64,-0.25,0.01,-0.01,0.00,-48.45,15.97,23.66,0,0,0,
3086,89,89,0.20,9.64,-0.25,0.01,-0.01,0.00,-48.20,16.37,23.28,0,0,0,
3092,89,90,0.21,9.63,-0.25,0.00,-0.01,0.00,-48.74,16.62,23.52,0,0,0,
3098,89,89,0.21,9.65,-0.25,0.01,-0.01,0.00,-47.97,16.57,23.60,0,0,0,
3104,89,89,0.21,9.65,-0.25,0.01,-0.01,0.00,-48.42,16.76,22.93,0,0,0,
3115,89,89,0.20,9.64,-0.24,0.01,-0.01,0.00,-48.38,16.79,23.00,0,0,0,
3122,89,89,0.20,9.64,-0.24,0.01,-0.01,0.00,-48.45,17.03,23.33,0,0,0,
3128,89,90,0.21,9.63,-0.25,0.01,-0.01,0.00,-48.25,16.94,23.05,0,0,0,
3135,89,90,0.21,9.63,-0.25,0.01,-0.01,0.00,-48.32,16.88,22.80,0,0,0,
3141,89,90,0.21,9.63,-0.25,0.01,-0.01,0.00,-48.13,16.90,22.68,0,0,0,
3148,89,89,0.21,9.64,-0.26,0.01,-0.01,0.00,-48.03,16.87,22.42,0,0,0,
3154,89,89,0.20,9.63,-0.25,0.01,-0.01,0.00,-48.22,16.47,22.73,0,0,0,
3173,90,90,0.21,9.62,-0.25,0.01,-0.01,0.00,-48.09,17.01,22.36,0,0,0,
3180,89,89,0.20,9.66,-0.24,0.01,-0.01,0.00,-48.38,17.32,23.18,0,0,0,
3187,89,89,0.20,9.66,-0.24,0.01,-0.01,0.00,-48.55,17.00,22.77,0,0,0,
3193,90,90,0.20,9.62,-0.25,0.01,-0.01,0.00,-48.29,16.60,23.15,0,0,0,
3199,89,89,0.20,9.65,-0.25,0.01,-0.01,0.00,-48.17,16.88,22.99,0,0,0,
3205,89,89,0.20,9.65,-0.25,0.01,-0.01,0.00,-48.35,16.33,23.17,0,0,0,
3212,89,89,0.20,9.64,-0.26,0.01,-0.01,0.00,-48.20,16.34,23.66,0,0,0,
3223,89,89,0.21,9.63,-0.25,0.00,-0.01,0.00,-48.14,15.89,23.05,0,0,0,
3230,89,89,0.20,9.66,-0.26,0.01,-0.01,0.00,-47.63,16.43,22.45,0,0,0,
3236,89,90,0.21,9.63,-0.25,0.01,-0.01,0.00,-48.30,16.46,23.27,0,0,0,
3243,89,90,0.21,9.63,-0.25,0.01,-0.01,0.00,-48.11,16.35,22.87,0,0,0,
3249,89,89,0.21,9.64,-0.26,0.01,-0.01,0.00,-48.28,16.50,23.56,0,0,0,
3255,90,90,0.20,9.63,-0.25,0.01,-0.01,0.00,-48.55,17.11,23.06,0,0,0,
3261,90,90,0.20,9.63,-0.25,0.01,-0.01,0.00,-48.30,16.81,23.41,0,0,0,
3268,89,89,0.20,9.64,-0.24,0.01,-0.01,0.00,-48.11,16.73,23.08,0,0,0,
3279,89,89,0.20,9.64,-0.26,0.01,-0.01,0.00,-48.19,16.40,22.79,0,0,0,
3285,89,90,0.21,9.63,-0.25,0.01,-0.01,0.00,-48.25,16.37,22.36,0,0,0,
3291,89,89,0.20,9.63,-0.24,0.01,-0.01,0.00,-48.03,16.41,23.44,0,0,0,
3297,89,89,0.20,9.63,-0.24,0.01,-0.01,0.00,-48.38,16.41,22.92,0,0,0,
3304,89,89,0.20,9.63,-0.24,0.01,-0.01,0.00,-48.47,16.52,23.05,0,0,0,
3310,89,89,0.20,9.65,-0.25,0.01,-0.01,0.00,-47.75,16.62,23.19,0,0,0,
3316,89,89,0.20,9.65,-0.25,0.01,-0.01,0.00,-48.76,16.38,22.73,0,0,0,
3338,89,89,0.20,9.64,-0.24,0.01,-0.01,0.00,-48.11,15.97,23.19,0,0,0,
3344,89,89,0.20,9.64,-0.24,0.01,-0.01,0.00,-48.16,16.37,23.38,0,0,0,
3350,89,90,0.22,9.64,-0.25,0.01,-0.01,0.00,-48.20,16.28,23.60,0,0,0,
3357,89,89,0.20,9.64,-0.24,0.01,-0.01,0.00,-48.39,16.82,23.11,0,0,0,
3363,89,89,0.20,9.64,-0.24,0.01,-0.01,0.00,-48.55,16.91,23.02,0,0,0,
3369,89,89,0.21,9.64,-0.25,0.01,-0.01,0.00,-47.94,17.10,23.33,0,0,0,
3375,89,89,0.21,9.64,-0.24,0.00,-0.01,0.00,-48.03,16.69,23.87,0,0,0,
3386,90,90,0.20,9.62,-0.24,0.01,-0.01,0.00,-47.79,17.11,23.17,0,0,0,
3393,89,89,0.21,9.65,-0.25,0.01,-0.01,0.00,-47.97,16.78,23.52,0,0,0,
3399,89,89,0.21,9.65,-0.25,0.01,-0.01,0.00,-48.11,17.03,22.35,0,0,0,
3406,89,89,0.21,9.65,-0.25,0.01,-0.01,0.00,-47.78,17.13,22.07,0,0,0,
3412,89,89,0.20,9.63,-0.24,0.01,-0.01,0.00,-48.23,16.78,22.92,0,0,0,
3419,89,89,0.20,9.63,-0.24,0.01,-0.01,0.00,-47.63,17.11,23.31,0,0,0,
3425,89,89,0.19,9.64,-0.25,0.01,-0.01,0.00,-47.78,17.03,22.64,0,0,0,
3431,89,89,0.20,9.64,-0.26,0.01,-0.01,0.00,-47.06,16.91,22.79,0,0,0,
3442,89,89,0.20,9.64,-0.24,0.01,-0.01,0.00,-48.01,16.34,23.12,0,0,0,
3449,89,89,0.21,9.64,-0.25,0.01,-0.01,0.00,-48.26,17.01,23.27,0,0,0,
3455,89,89,0.21,9.64,-0.25,0.01,-0.01,0.00,-47.87,16.59,23.08,0,0,0,
3461,89,89,0.21,9.63,-0.25,0.00,-0.01,0.00,-47.06,17.17,22.80,0,0,0,
3467,90,89,0.20,9.63,-0.25,0.01,-0.01,0.00,-47.62,16.68,22.68,0,0,0,
3474,90,89,0.20,9.63,-0.25,0.01,-0.01,0.00,-47.40,16.82,22.41,0,0,0,
3480,89,89,0.21,9.65,-0.26,0.01,-0.01,0.00,-47.35,16.41,23.46,0,0,0,
3510,89,89,0.21,9.63,-0.25,0.01,-0.01,0.00,-47.72,16.37,23.09,0,0,0,
3516,89,89,0.21,9.65,-0.25,0.01,-0.01,0.00,-47.84,16.73,22.41,0,0,0,
3522,89,89,0.21,9.64,-0.25,0.01,-0.01,0.00,-47.65,16.92,22.71,0,0,0,
3529,89,89,0.21,9.64,-0.25,0.01,-0.01,0.00,-48.20,17.09,22.45,0,0,0,
3535,89,89,0.20,9.64,-0.25,0.01,-0.01,0.00,-48.45,16.78,22.57,0,0,0,
3541,89,89,0.20,9.63,-0.25,0.01,-0.01,0.00,-48.11,16.68,22.83,0,0,0,
3547,89,89,0.20,9.63,-0.25,0.01,-0.01,0.00,-47.56,16.88,23.03,0,0,0,
3558,90,89,0.20,9.63,-0.25,0.01,-0.01,0.00,-47.92,16.87,23.33,0,0,0,
3566,89,89,0.21,9.65,-0.25,0.01,-0.01,0.00,-47.68,16.47,23.46,0,0,0,
3572,90,89,0.20,9.63,-0.25,0.01,-0.01,0.00,-47.65,16.69,19.28,0,0,0,
3578,89,89,0.21,9.65,-0.24,0.01,-0.01,0.00,-48.28,16.62,22.76,0,0,0,
3584,89,89,0.21,9.65,-0.24,0.01,-0.01,0.00,-48.35,16.68,22.20,0,0,0,
3591,89,89,0.20,9.63,-0.24,0.01,-0.01,0.00,-48.25,16.82,22.87,0,0,0,
3597,90,90,0.20,9.62,-0.25,0.01,-0.01,0.00,-47.62,17.36,23.71,0,0,0,
3603,90,90,0.20,9.62,-0.25,0.01,-0.01,0.00,-47.85,16.78,23.14,0,0,0,
3614,89,89,0.20,9.64,-0.25,0.01,-0.01,0.00,-47.91,16.60,23.60,0,0,0,
3621,89,89,0.21,9.64,-0.25,0.01,-0.01,0.00,-47.65,17.00,23.05,0,0,0,
3627,89,89,0.21,9.64,-0.25,0.01,-0.01,0.00,-47.90,16.92,22.79,0,0,0,
3633,89,89,0.20,9.63,-0.25,0.00,-0.01,0.00,-47.75,15.74,23.46,0,0,0,
3639,89,89,0.20,9.63,-0.25,0.00,-0.01,0.00,-47.69,16.52,23.46,0,0,0,
3646,89,89,0.20,9.65,-0.25,0.01,-0.01,0.00,-48.29,16.40,23.31,0,0,0,
3652,89,90,0.21,9.63,-0.25,0.01,-0.01,0.00,-48.13,16.94,23.57,0,0,0,
3671,89,89,0.20,9.65,-0.25,0.01,-0.01,0.00,-48.00,16.27,23.15,0,0,0,
3677,89,89,0.20,9.65,-0.25,0.01,-0.01,0.00,-47.63,17.28,23.12,0,0,0,
3684,89,89,0.20,9.64,-0.25,0.01,-0.01,0.00,-47.59,16.75,23.87,0,0,0,
3690,90,89,0.19,9.63,-0.25,0.01,-0.01,0.00,-48.20,16.81,23.56,0,0,0,
3696,90,89,0.19,9.63,-0.25,0.01,-0.01,0.00,-47.90,17.17,23.59,0,0,0,
3702,89,90,0.22,9.63,-0.25,0.01,-0.01,0.00,-48.45,16.33,22.86,0,0,0,
3709,89,89,0.20,9.64,-0.25,0.01,-0.01,0.00,-48.06,16.57,22.60,0,0,0,
3720,89,89,0.21,9.64,-0.25,0.01,-0.01,0.00,-47.56,16.84,23.06,0,0,0,
3726,89,90,0.21,9.63,-0.26,0.01,-0.01,0.00,-47.65,16.95,23.18,0,0,0,
3732,89,90,0.21,9.63,-0.26,0.01,-0.01,0.00,-47.81,17.16,22.99,0,0,0,
3738,89,90,0.21,9.63,-0.25,0.01,-0.01,0.00,-47.49,16.85,23.37,0,0,0,
3745,89,90,0.21,9.63,-0.23,0.01,-0.01,0.00,-47.53,16.50,22.77,0,0,0,
3751,89,90,0.21,9.63,-0.23,0.01,-0.01,0.00,-47.85,17.33,22.23,0,0,0,
3757,89,89,0.21,9.64,-0.25,0.01,-0.01,0.00,-47.92,16.50,22.35,0,0,0,
3763,89,89,0.20,9.64,-0.25,0.01,-0.01,0.00,-47.60,17.01,21.70,0,0,0,
3774,89,89,0.20,9.64,-0.26,0.01,-0.01,0.00,-48.28,16.66,18.81,0,0,0,
3781,89,89,0.20,9.63,-0.25,0.01,-0.01,0.00,-47.66,16.79,22.71,0,0,0,
3787,89,89,0.20,9.63,-0.25,0.01,-0.01,0.00,-48.09,16.92,21.95,0,0,0,
3793,90,89,0.19,9.62,-0.25,0.01,-0.01,0.00,-48.01,16.75,22.32,0,0,0,
3800,89,89,0.20,9.63,-0.25,0.01,-0.01,0.00,-47.16,16.84,23.18,0,0,0,
3806,89,89,0.20,9.63,-0.25,0.01,-0.01,0.00,-47.69,16.72,22.96,0,0,0,
3812,89,89,0.20,9.65,-0.25,0.01,-0.01,0.00,-47.65,16.94,23.05,0,0,0,
3831,89,89,0.20,9.64,-0.24,0.01,-0.01,0.00,-47.88,16.65,22.95,0,0,0,
3837,89,89,0.20,9.64,-0.25,0.01,-0.01,0.00,-47.56,17.13,23.14,0,0,0,
3844,89,89,0.20,9.64,-0.25,0.01,-0.01,0.00,-47.62,16.91,23.44,0,0,0,
3850,89,89,0.20,9.63,-0.26,0.00,-0.01,0.00,-48.16,16.57,23.52,0,0,0,
3856,89,89,0.20,9.64,-0.25,0.01,-0.01,0.00,-47.84,17.32,23.08,0,0,0,
3862,89,89,0.20,9.64,-0.25,0.01,-0.01,0.00,-48.36,16.87,22.39,0,0,0,
3869,89,89,0.21,9.64,-0.24,0.01,-0.01,0.00,-48.00,16.82,23.37,0,0,0,
3881,89,89,0.21,9.63,-0.26,0.01,-0.01,0.00,-47.66,16.84,22.39,0,0,0,
3887,89,89,0.20,9.63,-0.25,0.01,-0.01,0.00,-47.95,16.92,23.68,0,0,0,
3893,89,89,0.21,9.64,-0.24,0.01,-0.01,0.00,-48.10,16.76,22.27,0,0,0,
3900,89,89,0.21,9.64,-0.24,0.01,-0.01,0.00,-47.54,16.38,23.00,0,0,0,
3906,89,89,0.21,9.63,-0.25,0.01,-0.01,0.00,-47.97,16.84,23.66,0,0,0,
3912,89,89,0.20,9.64,-0.25,0.01,-0.01,0.00,-47.72,17.29,23.74,0,0,0,
3918,89,89,0.20,9.64,-0.25,0.01,-0.01,0.00,-47.60,17.30,23.24,0,0,0,
3925,89,89,0.20,9.64,-0.25,0.01,-0.01,0.00,-47.22,16.88,23.14,0,0,0,
3934,89,89,0.21,9.64,-0.25,0.01,-0.01,0.00,-47.53,16.90,22.43,0,0,0,
3941,89,89,0.20,9.64,-0.25,0.01,-0.01,0.00,-47.71,16.79,22.46,0,0,0,
3947,89,89,0.21,9.63,-0.25,0.01,-0.01,0.00,-47.75,17.19,23.18,0,0,0,
3954,89,89,0.21,9.63,-0.25,0.01,-0.01,0.00,-47.79,16.85,22.41,0,0,0,
3960,89,89,0.21,9.64,-0.25,0.01,-0.01,0.00,-47.47,16.72,22.01,0,0,0,
3967,89,89,0.20,9.64,-0.25,0.01,-0.01,0.00,-47.50,16.27,22.23,0,0,0,
3973,89,89,0.20,9.64,-0.25,0.01,-0.01,0.00,-47.46,16.84,22.98,0,0,0,
3984,89,89,0.20,9.63,-0.25,0.01,-0.01,0.00,-47.69,16.59,23.02,0,0,0,
3997,89,89,0.20,9.64,-0.26,0.01,-0.01,0.00,-47.37,16.37,23.03,0,0,0,
4004,89,89,0.20,9.64,-0.25,0.01,-0.01,0.00,-47.69,16.88,22.64,0,0,0,
4010,89,89,0.20,9.64,-0.25,0.01,-0.01,0.00,-47.22,17.36,22.00,0,0,0,
4016,89,89,0.20,9.64,-0.25,0.01,-0.01,0.00,-47.76,16.84,22.80,0,0,0,
4022,89,89,0.20,9.63,-0.26,0.01,-0.01,0.00,-47.54,16.84,22.07,0,0,0,
4029,89,89,0.20,9.63,-0.26,0.01,-0.01,0.00,-47.56,16.82,22.96,0,0,0,
4040,89,89,0.20,9.63,-0.26,0.01,-0.01,0.00,-47.40,16.28,22.55,0,0,0,
4047,89,89,0.20,9.63,-0.26,0.01,-0.01,0.00,-47.57,16.87,22.42,0,0,0,
4053,90,89,0.20,9.63,-0.25,0.01,-0.01,0.00,-47.94,16.81,22.20,0,0,0,
4060,89,89,0.21,9.64,-0.25,0.01,-0.01,0.00,-47.50,16.71,22.58,0,0,0,
4066,89,89,0.21,9.64,-0.25,0.01,-0.01,0.00,-48.45,16.28,22.07,0,0,0,
4072,89,89,0.21,9.64,-0.26,0.01,-0.01,0.00,-47.52,16.59,23.68,0,0,0,
4078,89,90,0.21,9.63,-0.25,0.01,-0.01,0.00,-47.49,16.14,23.27,0,0,0,
4089,89,89,0.20,9.64,-0.25,0.00,-0.01,0.00,-47.81,16.82,23.90,0,0,0,
4096,89,89,0.21,9.64,-0.25,0.01,-0.01,0.00,-48.26,16.66,22.79,0,0,0,
4102,89,89,0.21,9.64,-0.25,0.01,-0.01,0.00,-47.84,15.71,22.93,0,0,0,
4108,89,89,0.21,9.64,-0.25,0.01,-0.01,0.00,-47.66,16.38,22.87,0,0,0,
4114,90,89,0.20,9.63,-0.26,0.01,-0.01,0.00,-47.50,16.50,23.21,0,0,0,
4121,90,89,0.20,9.63,-0.26,0.01,-0.01,0.00,-47.35,16.27,23.19,0,0,0,
4127,89,89,0.20,9.64,-0.25,0.01,-0.01,0.00,-47.65,16.02,22.95,0,0,0,
4133,89,89,0.21,9.64,-0.25,0.01,-0.01,0.00,-47.79,16.30,22.68,0,0,0,
4145,89,89,0.20,9.65,-0.26,0.01,-0.01,0.00,-47.66,16.65,23.05,0,0,0,
4159,90,89,0.20,9.63,-0.25,0.01,-0.01,0.00,-47.44,16.85,22.87,0,0,0,
4166,90,89,0.20,9.63,-0.26,0.01,-0.01,0.00,-47.59,16.76,22.79,0,0,0,
4172,90,90,0.20,9.63,-0.26,0.01,-0.01,0.00,-47.76,16.27,22.36,0,0,0,
4177,90,90,0.20,9.63,-0.26,0.01,-0.01,0.00,-47.47,16.40,22.71,0,0,0,
4184,89,89,0.20,9.63,-0.26,0.01,-0.01,0.00,-47.82,16.44,22.87,0,0,0,
4190,89,90,0.21,9.63,-0.26,0.01,-0.01,0.00,-47.95,16.30,22.87,0,0,0,
4202,89,89,0.20,9.64,-0.26,0.01,-0.01,0.00,-47.88,16.34,22.86,0,0,0,
4208,89,89,0.20,9.64,-0.26,0.01,-0.01,0.00,-48.13,16.35,23.02,0,0,0,
4214,89,89,0.20,9.64,-0.26,0.01,-0.01,0.00,-47.95,16.22,22.81,0,0,0,
4221,89,90,0.21,9.63,-0.26,0.01,-0.01,0.00,-48.07,16.69,23.12,0,0,0,
4226,89,90,0.21,9.63,-0.26,0.01,-0.01,0.00,-48.39,16.46,22.83,0,0,0,
4232,89,90,0.21,9.63,-0.26,0.01,-0.01,0.00,-47.97,16.63,22.71,0,0,0,
4238,89,90,0.21,9.63,-0.25,0.01,-0.01,0.00,-47.95,16.63,22.38,0,0,0,
4250,89,89,0.20,9.65,-0.26,0.01,-0.01,0.00,-48.11,15.99,23.56,0,0,0,
4257,89,89,0.21,9.64,-0.27,0.01,-0.01,0.00,-48.23,16.22,22.62,0,0,0,
4263,89,89,0.21,9.64,-0.26,0.01,-0.01,0.00,-47.94,16.65,23.43,0,0,0,
4269,89,89,0.21,9.64,-0.26,0.01,-0.01,0.00,-48.48,16.49,24.13,0,0,0,
4276,89,90,0.22,9.63,-0.25,0.01,-0.01,0.00,-47.81,17.04,23.28,0,0,0,
4282,89,89,0.20,9.64,-0.25,0.01,-0.01,0.00,-48.04,16.76,22.99,0,0,0,
4288,89,89,0.20,9.64,-0.25,0.01,-0.01,0.00,-47.88,16.68,22.38,0,0,0,
