Start of File
743,89,90,0.21,9.65,0.68,0.01,-0.01,0.00,-57.82,15.61,25.48,0,0,0,
749,90,90,0.21,9.56,0.65,0.00,-0.01,0.00,-58.46,15.42,24.28,0,0,0,
756,89,89,0.21,9.70,0.71,0.00,-0.01,0.00,-57.50,14.00,24.23,0,0,0,
762,89,89,0.19,9.70,0.71,-0.00,-0.01,0.00,-58.64,15.16,24.50,0,0,0,
768,90,91,0.23,9.56,0.66,0.01,-0.01,0.00,-59.16,15.87,25.17,0,0,0,
773,90,91,0.23,9.56,0.66,0.01,-0.01,0.00,-57.98,14.34,24.96,0,0,0,
780,90,90,0.19,9.63,0.67,0.01,-0.01,0.00,-57.67,15.29,25.74,0,0,0,
786,89,89,0.19,9.69,0.69,0.01,-0.01,0.00,-58.81,16.18,25.77,0,0,0,
797,90,91,0.21,9.55,0.65,0.01,-0.01,0.00,-57.09,14.18,24.86,0,0,0,
804,89,89,0.19,9.69,0.71,0.00,-0.01,0.00,-58.35,15.87,25.04,0,0,0,
810,89,89,0.19,9.69,0.71,0.00,-0.01,0.00,-58.33,15.32,23.87,0,0,0,
817,90,90,0.22,9.57,0.66,0.01,-0.01,0.00,-57.19,13.94,24.74,0,0,0,
822,90,90,0.19,9.63,0.67,0.01,-0.01,0.00,-58.08,15.54,24.41,0,0,0,
828,90,90,0.19,9.63,0.67,0.01,-0.01,0.00,-58.70,15.16,24.00,0,0,0,
835,89,89,0.20,9.68,0.70,0.00,-0.01,0.00,-57.38,14.00,22.68,0,0,0,
846,90,91,0.22,9.54,0.64,0.01,-0.01,0.00,-58.90,16.69,24.63,0,0,0,
853,89,89,0.19,9.69,0.70,0.00,-0.01,0.00,-57.13,14.76,24.47,0,0,0,
858,90,90,0.22,9.60,0.68,0.00,-0.01,0.00,-56.77,18.27,24.71,0,0,0,
871,90,90,0.20,9.59,0.68,0.00,-0.01,0.00,-57.75,15.16,24.41,0,0,0,
879,89,89,0.20,9.70,0.71,0.00,-0.01,0.00,-58.29,15.55,24.31,0,0,0,
885,89,89,0.20,9.70,0.66,0.00,-0.01,0.00,-58.68,15.78,25.49,0,0,0,
891,90,91,0.22,9.55,0.66,0.00,-0.01,0.00,-57.63,15.27,24.71,0,0,0,
897,90,89,0.18,9.65,0.75,0.00,-0.00,0.00,-56.87,13.74,23.72,0,0,0,
908,90,90,0.22,9.57,0.74,0.05,-0.00,0.00,-58.71,15.48,24.61,0,0,0,
915,90,90,0.20,9.58,0.67,0.08,-0.01,0.00,-57.83,13.86,24.29,0,0,0,
921,90,90,0.20,9.58,0.67,0.08,-0.01,0.00,-58.21,15.38,24.41,0,0,0,
927,89,89,0.20,9.74,0.64,0.08,-0.01,0.00,-58.42,15.57,24.42,0,0,0,
934,90,90,0.22,9.62,0.54,0.03,-0.01,0.00,-57.85,14.26,24.09,0,0,0,
940,90,90,0.22,9.62,0.54,0.03,-0.01,0.00,-58.36,14.53,25.53,0,0,0,
946,89,89,0.19,9.72,0.61,-0.05,-0.01,0.00,-58.26,16.53,25.31,0,0,0,
957,90,90,0.21,9.61,0.69,-0.08,-0.01,0.00,-57.13,14.21,24.60,0,0,0,
963,91,91,0.21,9.53,0.72,-0.06,-0.01,0.00,-57.75,15.36,24.73,0,0,0,
970,90,89,0.19,9.65,0.78,-0.01,-0.01,0.00,-58.26,15.42,24.58,0,0,0,
976,90,89,0.19,9.65,0.78,-0.01,-0.01,0.00,-57.89,14.53,25.15,0,0,0,
981,91,91,0.23,9.51,0.69,0.05,-0.01,0.00,-58.08,15.61,24.58,0,0,0,
987,90,89,0.19,9.67,0.67,0.05,-0.01,0.00,-58.81,16.73,25.29,0,0,0,
994,90,89,0.19,9.67,0.67,0.06,-0.01,0.00,-57.91,15.29,24.14,0,0,0,
1000,89,89,0.21,9.67,0.64,0.05,-0.00,0.00,-58.07,15.42,24.66,0,0,0,
1011,90,90,0.21,9.59,0.59,0.02,-0.01,0.00,-57.67,15.29,23.91,0,0,0,
1024,90,91,0.24,9.52,0.69,-0.02,-0.01,0.00,-58.94,15.96,25.39,0,0,0,
1031,90,91,0.24,9.52,0.69,-0.02,-0.01,0.00,-57.50,14.62,24.64,0,0,0,
1037,90,90,0.19,9.60,0.73,0.01,-0.01,0.00,-56.72,13.15,24.61,0,0,0,
1043,89,90,0.20,9.65,0.71,0.01,-0.01,0.00,-58.23,15.30,25.30,0,0,0,
1048,89,90,0.20,9.65,0.71,0.05,-0.01,0.00,-58.27,14.62,25.30,0,0,0,
1055,90,90,0.22,9.57,0.62,0.05,-0.01,0.00,-57.28,13.40,23.53,0,0,0,
1066,89,89,0.18,9.73,0.66,0.03,-0.01,0.00,-58.97,16.50,25.14,0,0,0,
1072,90,90,0.23,9.60,0.59,0.01,-0.01,0.00,-57.54,14.73,23.98,0,0,0,
1078,90,90,0.23,9.60,0.59,0.01,-0.01,0.00,-57.54,14.79,24.20,0,0,0,
1084,90,90,0.21,9.62,0.65,-0.03,-0.01,0.00,-57.63,15.49,24.92,0,0,0,
1091,89,89,0.19,9.66,0.71,-0.03,-0.01,0.00,-57.26,14.56,23.55,0,0,0,
1097,89,89,0.19,9.66,0.71,-0.03,-0.01,0.00,-56.36,14.10,24.54,0,0,0,
1103,91,91,0.22,9.52,0.66,0.00,-0.01,0.00,-57.75,16.00,24.73,0,0,0,
1109,89,89,0.18,9.70,0.70,0.01,-0.01,0.00,-57.54,15.52,24.69,0,0,0,
1120,90,90,0.20,9.60,0.64,0.02,-0.01,0.00,-57.35,15.43,24.71,0,0,0,
1127,90,90,0.18,9.63,0.63,-0.00,-0.01,0.00,-58.11,16.43,24.67,0,0,0,
1133,90,90,0.18,9.63,0.63,-0.00,-0.01,0.00,-57.34,15.13,24.16,0,0,0,
1139,89,89,0.19,9.70,0.68,-0.02,-0.01,0.00,-57.32,14.83,25.12,0,0,0,
1146,90,91,0.23,9.53,0.64,-0.02,-0.01,0.00,-58.52,16.54,25.12,0,0,0,
1152,90,91,0.23,9.53,0.64,-0.02,-0.01,0.00,-57.54,14.51,24.38,0,0,0,
1158,89,89,0.19,9.68,0.72,-0.02,-0.01,0.00,-57.10,14.86,24.82,0,0,0,
1169,90,90,0.22,9.61,0.68,-0.00,-0.01,0.00,-57.95,15.39,24.58,0,0,0,
1183,89,89,0.20,9.70,0.70,-0.03,-0.01,0.00,-57.94,15.62,24.36,0,0,0,
1190,89,89,0.20,9.70,0.70,-0.03,-0.01,0.00,-58.36,15.08,24.50,0,0,0,
1196,90,91,0.23,9.53,0.65,-0.02,-0.01,0.00,-57.13,13.75,24.14,0,0,0,
1202,90,89,0.18,9.65,0.74,-0.01,-0.01,0.00,-58.40,15.04,25.07,0,0,0,
1208,90,89,0.18,9.65,0.74,-0.01,-0.01,0.00,-58.48,15.99,24.13,0,0,0,
1215,90,90,0.21,9.60,0.72,0.02,-0.01,0.00,-56.85,15.01,23.25,0,0,0,
1226,90,90,0.22,9.57,0.67,0.04,-0.01,0.00,-58.56,16.91,25.30,0,0,0,
1232,89,89,0.20,9.73,0.67,0.04,-0.01,0.00,-57.34,15.27,23.24,0,0,0,
1238,90,90,0.23,9.59,0.59,0.01,-0.01,0.00,-57.42,14.34,23.50,0,0,0,
1244,90,90,0.23,9.59,0.59,0.01,-0.01,0.00,-58.26,16.05,24.74,0,0,0,
1251,89,89,0.19,9.73,0.60,-0.05,-0.01,0.00,-57.50,14.94,22.98,0,0,0,
1256,89,89,0.21,9.73,0.59,-0.12,0.00,0.00,-56.66,13.20,22.95,0,0,0,
1262,89,89,0.21,9.73,0.59,-0.12,0.00,0.00,-58.40,15.26,24.23,0,0,0,
1269,90,90,0.20,9.63,0.57,-0.22,0.00,0.00,-57.61,15.13,22.71,0,0,0,
1281,90,90,0.18,9.58,0.95,-0.23,-0.01,0.00,-57.56,15.23,24.06,0,0,0,
1287,90,91,0.23,9.52,0.78,-0.11,-0.00,0.00,-58.97,15.49,23.46,0,0,0,
1293,89,89,0.19,9.69,0.69,-0.10,0.00,0.00,-57.78,14.73,22.77,0,0,0,
1299,89,89,0.19,9.69,0.69,-0.10,0.00,0.00,-57.73,14.98,24.07,0,0,0,
1306,90,90,0.22,9.61,0.80,-0.12,-0.00,0.00,-59.25,16.16,24.73,0,0,0,
1311,91,91,0.20,9.44,0.89,-0.05,-0.01,0.00,-57.51,14.83,24.01,0,0,0,
1317,91,91,0.20,9.44,0.89,-0.05,-0.01,0.00,-57.47,14.41,24.09,0,0,0,
1329,90,90,0.19,9.61,0.91,0.06,-0.01,0.00,-58.55,15.05,24.36,0,0,0,
1344,89,89,0.20,9.73,0.63,0.03,-0.01,0.00,-58.29,15.27,24.70,0,0,0,
1350,89,89,0.21,9.70,0.70,-0.05,-0.00,0.00,-57.37,14.76,24.39,0,0,0,
1356,89,89,0.21,9.70,0.70,-0.05,-0.00,0.00,-57.69,13.71,24.14,0,0,0,
1362,90,90,0.21,9.56,0.71,-0.10,-0.00,0.00,-57.99,14.91,25.27,0,0,0,
1368,90,90,0.18,9.63,0.85,-0.11,-0.01,0.00,-58.18,15.62,24.47,0,0,0,
1375,90,90,0.18,9.63,0.85,-0.11,-0.01,0.00,-57.25,13.94,24.14,0,0,0,
1386,90,90,0.19,9.56,0.84,0.07,-0.01,0.00,-57.94,15.59,24.01,0,0,0,
1392,90,90,0.19,9.56,0.84,0.07,-0.01,0.00,-57.83,14.56,24.35,0,0,0,
1397,90,89,0.19,9.65,0.84,0.10,-0.01,0.00,-57.26,14.41,23.76,0,0,0,
1404,90,91,0.22,9.55,0.76,0.14,-0.01,0.00,-58.14,15.49,24.88,0,0,0,
1410,90,91,0.22,9.55,0.76,0.14,-0.01,0.00,-57.59,15.35,24.86,0,0,0,
1416,89,88,0.18,9.75,0.70,0.11,-0.01,0.00,-57.26,14.25,24.38,0,0,0,
1422,89,88,0.18,9.75,0.64,0.11,-0.01,0.00,-57.70,15.17,24.31,0,0,0,
1428,89,89,0.23,9.70,0.64,0.03,-0.01,0.00,-57.28,15.30,25.14,0,0,0,
1442,89,88,0.19,9.76,0.72,-0.11,-0.01,0.00,-58.11,15.46,24.83,0,0,0,
1449,89,88,0.19,9.76,0.72,-0.11,-0.01,0.00,-57.61,14.82,24.50,0,0,0,
1455,90,91,0.23,9.52,0.81,-0.21,-0.01,0.00,-57.28,13.81,22.96,0,0,0,
1461,90,90,0.19,9.56,1.00,-0.14,-0.01,0.00,-58.24,14.81,23.69,0,0,0,
1467,90,90,0.19,9.56,1.00,-0.14,-0.01,0.00,-59.03,16.02,24.60,0,0,0,
1473,91,91,0.20,9.48,1.00,-0.00,-0.01,0.00,-57.78,14.69,23.65,0,0,0,
1479,90,90,0.19,9.62,0.76,0.09,-0.02,0.00,-57.82,14.88,24.17,0,0,0,
1496,88,89,0.23,9.76,0.57,-0.01,-0.02,0.00,-57.25,13.90,23.91,0,0,0,
1503,88,89,0.23,9.76,0.57,-0.18,-0.02,0.00,-57.89,15.74,24.82,0,0,0,
1509,88,88,0.17,9.81,0.65,-0.39,-0.02,0.00,-58.14,15.24,23.69,0,0,0,
1516,89,89,0.20,9.66,0.88,-0.52,-0.02,-0.00,-56.33,13.52,22.95,0,0,0,
1522,89,89,0.20,9.66,0.88,-0.52,-0.02,-0.00,-57.88,15.17,23.59,0,0,0,
1528,90,90,0.21,9.57,0.94,-0.56,-0.03,-0.00,-59.18,15.59,23.95,0,0,0,
1534,89,89,0.20,9.67,1.01,-0.58,-0.02,-0.00,-57.53,14.53,22.45,0,0,0,
1546,91,91,0.23,9.50,1.09,-0.57,-0.01,-0.00,-58.35,16.12,24.98,0,0,0,
1553,91,90,0.17,9.56,1.18,-0.53,-0.01,-0.00,-57.53,14.41,23.15,0,0,0,
1559,91,90,0.17,9.56,1.18,-0.53,-0.01,-0.00,-57.37,14.69,23.53,0,0,0,
1565,91,91,0.18,9.45,1.34,-0.45,-0.02,-0.00,-58.24,15.35,23.87,0,0,0,
1571,91,92,0.26,9.38,1.39,-0.33,-0.02,-0.00,-57.26,14.78,22.54,0,0,0,
1577,91,92,0.26,9.38,1.39,-0.33,-0.02,-0.00,-57.10,13.80,23.78,0,0,0,
1583,91,91,0.15,9.49,1.59,-0.13,-0.01,0.00,-57.44,15.02,24.33,0,0,0,
1589,92,92,0.20,9.35,1.33,0.11,-0.02,0.00,-57.28,14.53,23.50,0,0,0,
1600,89,89,0.17,9.70,1.17,0.14,-0.04,0.00,-57.92,14.44,23.75,0,0,0,
1607,89,89,0.22,9.69,1.13,0.05,-0.05,-0.00,-57.51,15.35,24.44,0,0,0,
1613,89,89,0.22,9.69,1.13,0.05,-0.05,-0.00,-57.56,14.03,22.74,0,0,0,
1619,90,91,0.25,9.53,1.04,0.00,-0.04,-0.00,-57.04,15.07,24.09,0,0,0,
1625,89,89,0.17,9.70,1.21,0.00,-0.04,0.31,-58.52,16.31,23.59,0,0,0,
1632,89,89,0.17,9.70,1.21,-0.01,-0.01,0.00,-57.72,14.70,22.89,0,0,0,
1638,91,91,0.22,9.45,1.19,-0.01,-0.01,0.00,-57.03,14.34,24.04,0,0,0,
1656,90,89,0.18,9.64,1.17,0.01,-0.02,0.00,-57.22,13.29,23.02,0,0,0,
1664,90,90,0.22,9.57,1.11,-0.02,-0.02,0.00,-57.42,15.36,25.65,0,0,0,
1670,90,90,0.22,9.57,1.11,-0.02,-0.02,0.00,-57.66,14.00,23.38,0,0,0,
1676,90,90,0.19,9.61,1.25,-0.05,-0.02,0.00,-56.02,12.61,23.31,0,0,0,
1682,91,91,0.20,9.48,1.27,-0.01,-0.03,0.00,-57.26,14.40,24.41,0,0,0,
1688,91,91,0.20,9.48,1.27,-0.01,-0.03,0.00,-58.16,15.36,24.67,0,0,0,
1695,91,90,0.18,9.52,1.25,0.05,-0.03,0.00,-57.12,13.74,22.30,0,0,0,
1706,90,90,0.21,9.58,1.29,0.11,-0.04,0.00,-58.87,16.40,23.82,0,0,0,
1712,90,91,0.27,9.53,1.20,0.16,-0.02,0.00,-57.61,13.88,22.60,0,0,0,
1718,90,89,0.17,9.67,1.12,0.16,-0.01,0.00,-57.22,14.43,23.09,0,0,0,
1724,90,89,0.17,9.67,1.12,0.16,-0.01,0.00,-57.78,15.55,25.11,0,0,0,
1731,89,90,0.24,9.68,1.00,0.10,-0.01,0.00,-57.40,14.63,23.33,0,0,0,
1737,90,90,0.20,9.60,1.09,0.01,-0.01,0.00,-57.59,14.12,23.91,0,0,0,
1743,90,90,0.20,9.60,1.09,0.01,-0.01,0.00,-58.08,14.88,23.53,0,0,0,
1749,90,90,0.19,9.62,1.22,-0.01,-0.01,0.00,-58.21,14.44,24.55,0,0,0,
1760,91,92,0.23,9.44,1.26,0.06,-0.01,0.00,-57.94,14.63,24.17,0,0,0,
1767,91,90,0.19,9.55,1.23,0.14,-0.01,0.00,-58.30,14.19,24.03,0,0,0,
1773,90,90,0.22,9.58,1.15,0.14,-0.01,0.00,-57.41,13.94,23.43,0,0,0,
1779,90,90,0.22,9.58,1.15,0.21,-0.01,0.00,-58.20,14.00,24.00,0,0,0,
1786,90,90,0.21,9.61,1.01,0.21,-0.01,0.00,-58.97,15.42,24.45,0,0,0,
1792,89,89,0.18,9.71,1.04,0.21,-0.01,0.00,-57.76,14.54,23.90,0,0,0,
1798,89,89,0.18,9.71,1.04,0.13,-0.01,0.00,-57.38,14.50,23.75,0,0,0,
1815,90,89,0.18,9.64,1.04,0.05,-0.01,0.00,-56.94,14.00,22.80,0,0,0,
1823,90,90,0.21,9.63,1.10,0.02,-0.01,0.00,-57.70,14.94,24.71,0,0,0,
1829,90,91,0.21,9.55,1.04,0.03,-0.01,0.00,-57.61,15.16,24.89,0,0,0,
1835,90,91,0.21,9.55,1.04,0.03,-0.01,0.00,-57.09,13.33,23.08,0,0,0,
1841,90,89,0.18,9.66,1.11,0.02,-0.01,0.00,-57.41,14.62,24.22,0,0,0,
1847,90,89,0.18,9.66,1.11,0.02,-0.01,0.00,-58.05,15.62,24.32,0,0,0,
1853,90,91,0.23,9.53,1.07,0.04,-0.01,0.00,-56.99,15.07,23.55,0,0,0,
1859,90,90,0.18,9.58,1.08,0.06,-0.01,0.00,-57.16,15.38,24.63,0,0,0,
1870,90,90,0.20,9.57,1.16,0.10,-0.02,0.00,-57.53,14.51,24.10,0,0,0,
1876,91,91,0.20,9.48,1.10,0.19,-0.02,0.00,-57.29,14.10,24.17,0,0,0,
1883,91,91,0.20,9.48,1.10,0.19,-0.02,0.00,-58.23,15.83,24.64,0,0,0,
1889,89,90,0.21,9.64,1.11,0.23,-0.01,0.00,-57.99,14.24,24.09,0,0,0,
1895,90,90,0.22,9.60,0.95,0.25,-0.00,0.00,-57.38,13.87,23.02,0,0,0,
1901,90,90,0.22,9.60,0.95,0.25,-0.00,0.00,-57.72,14.85,24.54,0,0,0,
1907,89,89,0.19,9.69,0.86,0.20,-0.01,0.00,-58.36,15.61,24.36,0,0,0,
1919,89,89,0.21,9.69,0.98,0.13,-0.01,0.00,-57.31,14.45,24.19,0,0,0,
1925,90,90,0.21,9.57,0.91,0.10,-0.01,0.00,-58.87,15.80,24.90,0,0,0,
1931,90,89,0.19,9.64,1.00,0.10,-0.01,0.00,-57.23,14.40,25.26,0,0,0,
1937,90,89,0.19,9.64,1.00,0.08,-0.01,0.00,-57.07,13.88,24.36,0,0,0,
1943,90,91,0.22,9.56,0.98,0.12,-0.01,0.00,-57.78,15.17,24.95,0,0,0,
1949,90,90,0.20,9.59,0.95,0.12,-0.01,0.00,-57.73,14.89,24.29,0,0,0,
1955,90,90,0.20,9.59,0.95,0.14,-0.01,0.00,-57.02,13.97,23.50,0,0,0,
1966,90,90,0.19,9.64,0.99,0.17,-0.00,0.00,-57.73,15.68,24.38,0,0,0,
1981,89,89,0.19,9.67,0.89,0.19,-0.00,0.00,-57.59,15.55,25.01,0,0,0,
1987,90,91,0.22,9.52,1.01,0.21,0.00,0.00,-58.11,16.22,24.67,0,0,0,
1993,90,91,0.22,9.52,1.01,0.21,0.00,0.00,-57.61,14.59,23.90,0,0,0,
1999,90,90,0.20,9.58,0.86,0.29,0.00,0.00,-57.82,14.88,24.47,0,0,0,
2005,89,89,0.18,9.71,0.81,0.29,-0.00,0.00,-58.71,16.38,24.54,0,0,0,
2012,89,89,0.18,9.71,0.81,0.29,-0.00,0.00,-57.76,14.45,23.74,0,0,0,
2017,89,90,0.22,9.64,0.67,0.27,-0.00,0.00,-56.87,14.54,24.35,0,0,0,
2029,88,88,0.18,9.80,0.59,0.16,-0.00,0.00,-57.98,14.64,24.33,0,0,0,
2035,89,89,0.22,9.74,0.65,0.01,-0.00,0.00,-57.28,13.53,24.22,0,0,0,
2042,89,89,0.20,9.66,0.65,0.01,-0.00,0.00,-57.69,15.00,25.29,0,0,0,
2048,89,89,0.20,9.66,0.65,-0.08,-0.00,0.00,-57.99,16.00,24.82,0,0,0,
2053,89,89,0.19,9.69,0.79,-0.16,-0.00,0.00,-57.61,14.12,22.96,0,0,0,
2059,89,89,0.19,9.69,0.79,-0.16,-0.00,0.00,-58.08,15.24,23.94,0,0,0,
2066,90,90,0.22,9.58,0.80,-0.16,-0.01,0.00,-58.67,16.68,25.10,0,0,0,
2078,90,89,0.17,9.63,0.84,-0.16,-0.01,0.00,-57.00,14.47,25.21,0,0,0,
2084,90,90,0.21,9.60,0.90,-0.13,-0.01,0.00,-58.10,15.19,25.15,0,0,0,
2090,91,91,0.20,9.54,0.87,-0.07,-0.01,0.00,-57.51,14.72,24.90,0,0,0,
2096,91,91,0.20,9.54,0.87,-0.07,-0.01,0.00,-56.47,13.31,24.54,0,0,0,
2103,90,89,0.19,9.66,0.92,-0.04,-0.01,0.00,-58.21,15.32,24.76,0,0,0,
2108,90,90,0.23,9.61,0.83,-0.03,-0.01,0.00,-58.10,14.83,24.38,0,0,0,
2114,90,90,0.23,9.61,0.83,-0.03,-0.01,0.00,-57.35,14.21,24.25,0,0,0,
2121,89,89,0.18,9.71,0.72,-0.08,-0.00,0.00,-58.24,14.38,24.50,0,0,0,
2140,91,91,0.22,9.52,0.92,-0.12,-0.01,0.00,-58.18,14.45,24.45,0,0,0,
2146,90,90,0.18,9.63,0.96,-0.09,-0.01,0.00,-58.75,15.71,24.55,0,0,0,
2152,91,90,0.18,9.55,0.92,-0.09,-0.01,0.00,-57.83,14.29,23.84,0,0,0,
2158,90,91,0.22,9.55,0.92,-0.04,-0.01,0.00,-57.26,14.92,24.25,0,0,0,
2165,90,90,0.18,9.56,0.95,-0.00,-0.01,0.00,-58.14,16.92,24.88,0,0,0,
2171,90,91,0.21,9.55,1.04,-0.00,-0.01,0.00,-57.83,14.98,24.61,0,0,0,
2177,90,91,0.21,9.55,1.04,0.06,-0.01,0.00,-57.57,15.07,24.23,0,0,0,
2189,91,91,0.22,9.52,0.93,0.16,-0.01,0.00,-58.35,14.94,23.36,0,0,0,
2196,90,89,0.17,9.67,0.89,0.19,-0.01,0.00,-56.49,13.90,24.64,0,0,0,
2202,89,89,0.21,9.67,0.76,0.17,-0.01,0.00,-58.37,15.55,24.32,0,0,0,
2208,89,89,0.21,9.67,0.68,0.17,-0.01,0.00,-58.24,15.51,24.77,0,0,0,
2213,89,89,0.20,9.69,0.68,0.09,-0.01,0.00,-57.86,14.69,23.90,0,0,0,
2220,89,89,0.19,9.68,0.83,0.01,-0.01,0.00,-57.82,15.87,25.02,0,0,0,
2226,91,91,0.19,9.52,0.89,0.01,-0.01,0.00,-58.90,16.59,25.04,0,0,0,
2237,90,90,0.20,9.58,0.98,0.08,-0.02,0.00,-58.05,15.32,24.32,0,0,0,
2243,90,90,0.20,9.58,0.98,0.08,-0.02,0.00,-58.18,16.27,25.12,0,0,0,
2249,90,90,0.22,9.62,0.80,0.15,-0.01,0.00,-58.45,14.62,24.63,0,0,0,
2256,90,90,0.21,9.64,0.74,0.13,-0.01,0.00,-56.78,13.87,25.56,0,0,0,
2262,90,90,0.21,9.64,0.74,0.13,-0.01,0.00,-57.85,15.17,24.98,0,0,0,
2268,89,89,0.20,9.73,0.75,0.07,-0.00,0.00,-58.16,14.75,24.63,0,0,0,
2274,89,89,0.22,9.68,0.66,0.00,-0.00,0.00,-58.04,14.67,23.88,0,0,0,
2281,89,89,0.22,9.68,0.66,0.00,-0.00,0.00,-57.91,15.20,25.30,0,0,0,
2298,89,90,0.21,9.65,0.80,-0.15,-0.00,0.00,-58.23,15.05,24.86,0,0,0,
2305,90,90,0.20,9.58,0.83,-0.16,-0.01,0.00,-58.24,16.47,25.04,0,0,0,
2311,90,90,0.19,9.62,0.95,-0.15,-0.00,0.00,-57.63,14.51,24.47,0,0,0,
2318,90,90,0.19,9.62,0.95,-0.15,-0.00,0.00,-57.94,15.26,24.70,0,0,0,
2324,90,91,0.23,9.53,0.88,-0.10,0.00,0.00,-58.21,15.76,25.53,0,0,0,
2329,90,89,0.18,9.64,0.85,-0.08,-0.01,0.00,-57.83,15.36,25.18,0,0,0,
2335,90,89,0.18,9.64,0.85,-0.08,-0.01,0.00,-56.68,14.76,24.35,0,0,0,
2346,90,90,0.22,9.59,0.86,-0.07,-0.01,0.00,-58.56,16.33,25.02,0,0,0,
2354,90,90,0.22,9.59,0.86,-0.06,-0.01,0.00,-58.14,14.83,24.09,0,0,0,
2360,90,89,0.18,9.64,0.94,-0.07,-0.01,0.00,-57.80,15.24,25.17,0,0,0,
2366,90,91,0.24,9.51,0.97,-0.02,-0.01,0.00,-58.87,16.24,25.59,0,0,0,
2372,90,91,0.24,9.51,0.97,-0.02,-0.01,0.00,-57.56,14.82,24.03,0,0,0,
2379,90,90,0.18,9.59,0.91,0.05,-0.01,0.00,-57.80,14.94,24.41,0,0,0,
2384,89,89,0.21,9.67,0.88,0.06,-0.01,0.00,-58.39,16.92,25.84,0,0,0,
2396,90,90,0.21,9.61,0.80,0.04,-0.01,0.00,-57.22,13.91,24.20,0,0,0,
2402,90,90,0.21,9.61,0.80,0.04,-0.01,0.00,-58.32,14.94,25.55,0,0,0,
2408,89,89,0.19,9.70,0.85,-0.00,-0.01,0.00,-57.85,15.01,25.46,0,0,0,
2414,90,90,0.22,9.60,0.82,-0.02,-0.01,0.00,-57.16,13.78,24.04,0,0,0,
2420,89,90,0.22,9.67,0.80,-0.02,-0.01,0.00,-57.98,15.61,25.90,0,0,0,
2426,89,89,0.19,9.67,0.80,-0.07,-0.01,0.00,-58.37,15.57,25.88,0,0,0,
2433,90,90,0.21,9.63,0.95,-0.12,-0.01,0.00,-57.54,14.83,23.46,0,0,0,
2439,91,91,0.21,9.50,0.96,-0.12,-0.01,0.00,-57.85,15.00,24.73,0,0,0,
2456,90,89,0.18,9.65,0.94,-0.03,-0.01,0.00,-57.09,14.37,24.90,0,0,0,
2464,90,90,0.23,9.57,0.92,-0.00,-0.01,0.00,-57.75,16.31,25.83,0,0,0,
2470,90,90,0.18,9.61,0.89,0.00,-0.01,0.00,-57.40,14.88,24.86,0,0,0,
2477,89,89,0.20,9.69,0.89,-0.02,-0.01,0.00,-57.12,14.22,24.86,0,0,0,
2482,89,89,0.20,9.69,0.89,-0.02,-0.01,0.00,-57.89,14.45,25.05,0,0,0,
2488,90,90,0.22,9.57,0.86,-0.04,-0.01,0.00,-57.50,14.64,24.90,0,0,0,
2494,90,90,0.22,9.57,0.92,-0.04,-0.01,0.00,-57.29,14.21,23.97,0,0,0,
2505,90,90,0.22,9.61,0.88,-0.06,-0.01,0.00,-58.43,16.94,25.64,0,0,0,
2513,90,90,0.22,9.61,0.88,-0.06,-0.01,0.00,-57.64,14.26,24.52,0,0,0,
2519,90,90,0.20,9.61,0.88,-0.08,-0.01,0.00,-57.51,14.82,24.57,0,0,0,
2524,89,89,0.20,9.67,0.97,-0.11,-0.01,0.00,-57.86,15.57,25.52,0,0,0,
2531,89,89,0.20,9.67,0.94,-0.11,-0.01,0.00,-57.83,14.56,23.85,0,0,0,
2537,90,91,0.22,9.54,0.94,-0.09,-0.01,0.00,-57.25,14.32,24.06,0,0,0,
2543,90,89,0.18,9.63,0.97,-0.09,-0.01,0.00,-58.33,15.81,25.24,0,0,0,
2555,90,90,0.21,9.57,1.00,-0.07,-0.01,0.00,-57.15,13.83,23.91,0,0,0,
2561,90,90,0.21,9.57,0.96,-0.04,-0.01,0.00,-58.05,14.31,24.01,0,0,0,
2568,90,90,0.21,9.57,0.96,-0.04,-0.01,0.00,-57.48,14.45,23.37,0,0,0,
2574,89,89,0.20,9.72,0.93,-0.06,-0.01,0.00,-57.64,13.11,22.20,0,0,0,
2580,90,90,0.23,9.60,0.89,-0.11,-0.01,0.00,-57.80,14.62,25.02,0,0,0,
2585,90,90,0.23,9.60,0.89,-0.11,-0.01,0.00,-59.37,15.64,24.54,0,0,0,
2592,90,89,0.18,9.63,0.99,-0.16,-0.01,0.00,-57.37,13.87,24.23,0,0,0,
2598,90,91,0.23,9.56,1.08,-0.15,-0.01,0.00,-58.13,13.99,24.45,0,0,0,
2616,90,90,0.19,9.62,1.12,-0.02,-0.01,0.00,-56.75,13.40,23.90,0,0,0,
2624,90,90,0.19,9.62,1.03,-0.02,-0.01,0.00,-57.66,15.86,25.46,0,0,0,
2630,91,91,0.20,9.51,1.03,0.03,-0.01,0.00,-56.62,14.40,23.97,0,0,0,
2637,90,89,0.17,9.63,1.00,0.06,-0.02,0.00,-56.59,13.64,23.19,0,0,0,
2643,88,86,0.05,9.94,1.06,0.06,-0.02,0.00,-57.75,15.13,25.42,0,0,0,
2649,88,86,0.05,9.94,1.06,-0.06,-0.07,-0.00,-57.66,14.28,24.26,0,0,0,
2655,89,91,0.29,9.63,0.77,-0.40,-0.22,-0.03,-57.09,13.21,23.82,0,0,0,
2666,90,90,0.19,9.63,1.14,-0.40,-0.15,-0.01,-58.56,15.61,24.19,0,0,0,
2673,91,91,0.20,9.48,1.22,-0.40,-0.18,-0.02,-57.04,14.15,23.11,0,0,0,
2678,91,91,0.20,9.48,1.22,-0.40,-0.18,-0.02,-57.95,13.80,24.28,0,0,0,
2684,91,92,0.25,9.41,1.25,-0.30,-0.17,-0.02,-58.11,15.59,25.36,0,0,0,
2691,91,91,0.21,9.48,1.45,-0.12,-0.14,-0.02,-57.59,13.99,24.22,0,0,0,
2697,91,91,0.21,9.48,1.45,-0.12,-0.14,-0.02,-56.94,12.67,24.32,0,0,0,
2703,91,92,0.25,9.45,1.16,0.03,-0.14,-0.02,-58.18,14.95,24.57,0,0,0,
2714,90,90,0.25,9.59,1.00,0.11,-0.07,-0.01,-57.83,13.05,22.57,0,0,0,
2721,89,90,0.22,9.66,0.99,0.11,-0.01,0.00,-57.37,14.31,24.74,0,0,0,
2727,89,89,0.20,9.72,0.94,-0.01,-0.00,0.00,-58.70,15.17,25.52,0,0,0,
2733,89,89,0.20,9.72,0.94,-0.01,-0.00,0.00,-57.21,13.39,23.62,0,0,0,
2739,90,88,0.14,9.71,1.16,-0.16,-0.02,-0.00,-57.92,14.06,24.60,0,0,0,
2745,91,90,0.16,9.54,1.30,-0.24,-0.09,-0.01,-58.83,15.55,24.73,0,0,0,
2751,91,90,0.16,9.54,1.30,-0.24,-0.09,-0.01,-57.21,13.26,23.59,0,0,0,
2757,91,90,0.15,9.58,1.30,-0.26,-0.14,-0.02,-57.15,13.83,24.66,0,0,0,
2768,91,91,0.19,9.50,1.41,-0.23,-0.19,-0.03,-56.94,14.47,23.94,0,0,0,
2781,89,90,0.26,9.68,1.32,-0.12,-0.19,-0.02,-57.48,13.93,24.22,0,0,0,
2788,90,90,0.18,9.57,1.32,0.07,-0.12,-0.01,-57.64,14.02,23.79,0,0,0,
2794,90,92,0.29,9.50,1.10,0.11,-0.10,-0.01,-57.18,13.15,23.93,0,0,0,
2800,89,89,0.22,9.70,1.02,0.11,-0.10,0.30,-57.19,14.03,25.39,0,0,0,
2806,89,89,0.22,9.70,1.02,0.12,-0.04,0.00,-57.98,14.57,24.52,0,0,0,
2813,89,89,0.19,9.72,1.03,0.01,-0.01,0.00,-56.99,12.86,24.07,0,0,0,
2824,90,89,0.17,9.64,1.14,-0.14,-0.04,-0.00,-58.56,14.81,25.15,0,0,0,
2831,90,90,0.20,9.59,1.28,-0.22,-0.06,-0.01,-57.41,13.68,23.76,0,0,0,
2836,93,93,0.20,9.29,1.28,-0.22,-0.06,-0.01,-57.04,13.27,24.13,0,0,0,
2843,91,92,0.27,9.44,1.28,-0.16,-0.04,-0.00,-57.88,14.22,25.12,0,0,0,
2849,90,90,0.18,9.61,1.27,-0.11,-0.01,0.00,-56.72,13.55,24.38,0,0,0,
2855,90,90,0.18,9.61,1.20,-0.11,-0.01,0.00,-56.30,12.20,23.34,0,0,0,
2861,90,89,0.16,9.61,1.20,-0.14,-0.03,0.00,-57.59,14.03,23.88,0,0,0,
2872,91,90,0.16,9.50,1.45,-0.17,-0.05,-0.01,-56.87,13.42,24.50,0,0,0,
2879,91,92,0.22,9.44,1.49,-0.14,-0.09,-0.01,-57.00,14.12,24.50,0,0,0,
2885,91,92,0.24,9.40,1.44,0.07,-0.06,-0.00,-58.42,15.43,25.01,0,0,0,
2891,91,92,0.24,9.40,1.44,0.07,-0.06,-0.00,-57.79,14.02,23.93,0,0,0,
2897,90,89,0.14,9.65,1.25,0.12,-0.06,-0.00,-57.34,14.12,24.06,0,0,0,
2904,90,91,0.25,9.57,1.23,0.06,-0.07,-0.00,-57.78,14.89,25.37,0,0,0,
2910,90,91,0.25,9.57,1.23,0.06,-0.07,-0.00,-56.96,13.40,24.57,0,0,0,
2922,89,90,0.23,9.64,1.22,0.02,-0.06,-0.00,-57.42,14.43,24.23,0,0,0,
2928,89,90,0.23,9.64,1.22,0.02,-0.06,-0.00,-57.45,14.41,24.64,0,0,0,
2942,90,91,0.22,9.53,1.28,0.01,-0.02,0.00,-57.85,14.78,24.57,0,0,0,
2948,91,91,0.21,9.53,1.40,0.01,-0.02,0.00,-57.83,13.59,23.66,0,0,0,
2954,91,91,0.21,9.53,1.40,0.07,-0.01,0.00,-56.77,13.61,24.10,0,0,0,
2960,91,90,0.19,9.55,1.18,0.12,-0.01,0.00,-56.96,14.69,24.95,0,0,0,
2966,90,89,0.19,9.66,1.24,0.12,-0.01,0.00,-58.54,11.91,24.29,0,0,0,
2972,90,89,0.17,9.66,1.24,0.06,-0.01,0.00,-57.09,13.52,23.08,0,0,0,
2984,91,91,0.18,9.49,1.38,0.06,-0.02,0.00,-57.94,14.92,25.50,0,0,0,
2990,90,88,0.09,9.74,1.29,0.03,-0.08,-0.01,-56.97,14.22,24.88,0,0,0,
2996,90,87,0.06,9.77,1.51,-0.24,-0.24,-0.04,-55.83,12.96,24.66,0,0,0,
3003,92,91,0.18,9.43,1.53,-0.24,-0.24,-0.04,-57.38,15.33,26.35,0,0,0,
3009,92,91,0.18,9.43,1.53,-0.39,-0.41,-0.06,-57.06,13.93,24.48,0,0,0,
3015,91,92,0.24,9.43,1.40,-0.30,-0.43,-0.07,-56.33,12.80,23.44,0,0,0,
3021,91,92,0.24,9.43,1.40,-0.30,-0.43,-0.07,-57.06,13.87,24.09,0,0,0,
3032,90,90,0.25,9.60,0.92,-0.06,-0.25,-0.04,-56.65,13.46,24.41,0,0,0,
3039,90,90,0.25,9.60,0.92,-0.06,-0.25,-0.04,-57.34,13.84,24.70,0,0,0,
3045,89,87,0.11,9.82,1.20,-0.19,-0.19,-0.03,-57.50,14.98,25.87,0,0,0,
3051,91,91,0.21,9.52,1.34,-0.38,-0.24,-0.04,-56.85,13.53,23.85,0,0,0,
3058,91,91,0.21,9.52,1.34,-0.38,-0.24,-0.04,-56.85,13.52,24.66,0,0,0,
3064,91,91,0.24,9.49,1.43,-0.37,-0.22,-0.04,-57.48,14.78,24.28,0,0,0,
3070,91,92,0.29,9.42,1.42,-0.22,-0.14,-0.02,-56.97,13.68,24.25,0,0,0,
3081,91,91,0.23,9.49,1.34,-0.09,-0.06,-0.01,-57.50,13.49,24.38,0,0,0,
3087,90,90,0.19,9.57,1.47,-0.08,-0.02,-0.00,-56.84,13.55,25.15,0,0,0,
3101,91,91,0.22,9.47,1.45,-0.07,-0.02,0.00,-57.12,14.00,25.12,0,0,0,
3107,91,90,0.18,9.54,1.56,-0.06,-0.01,0.00,-56.45,13.62,24.69,0,0,0,
3113,91,90,0.18,9.54,1.56,-0.06,-0.01,0.00,-56.30,13.50,23.60,0,0,0,
3119,91,91,0.20,9.49,1.54,-0.02,-0.02,-0.00,-56.81,13.80,25.23,0,0,0,
3126,90,90,0.16,9.58,1.37,-0.02,-0.02,-0.00,-57.61,14.37,24.99,0,0,0,
3131,90,90,0.16,9.58,1.37,-0.02,-0.02,-0.00,-56.80,13.50,24.66,0,0,0,
3143,90,90,0.19,9.63,1.32,-0.26,-0.08,-0.01,-57.06,14.31,24.33,0,0,0,
3149,90,90,0.19,9.63,1.32,-0.26,-0.08,-0.01,-56.34,13.36,23.66,0,0,0,
3156,92,91,0.15,9.48,1.55,-0.36,-0.10,-0.02,-55.50,13.04,24.32,0,0,0,
3162,92,91,0.14,9.43,1.69,-0.28,-0.11,-0.02,-56.33,13.21,24.90,0,0,0,
3167,92,91,0.14,9.43,1.69,-0.28,-0.11,-0.02,-56.87,13.94,22.84,0,0,0,
3173,92,92,0.18,9.37,1.59,-0.15,-0.10,-0.02,-56.56,13.53,24.17,0,0,0,
3180,95,90,-0.08,9.33,1.73,0.03,-0.13,-0.03,-56.23,13.87,24.22,0,0,0,
3191,93,94,0.23,9.21,1.75,0.35,-0.21,-0.05,-56.62,13.46,23.75,0,0,0,
3198,91,95,0.44,9.25,1.79,0.35,-0.21,-0.02,-56.99,13.37,24.98,0,0,0,
3204,91,95,0.44,9.25,1.79,0.66,-0.13,-0.02,-57.16,18.02,25.12,0,0,0,
3209,88,89,0.30,9.76,1.51,0.74,-0.02,0.01,-56.49,13.78,24.39,0,0,0,
3216,88,89,0.24,9.80,1.11,0.74,0.01,0.01,-56.11,12.86,24.67,0,0,0,
3222,88,89,0.24,9.80,1.11,0.48,0.01,0.01,-56.80,13.68,24.74,0,0,0,
3228,88,88,0.20,9.84,1.16,0.14,0.00,0.01,-56.52,13.33,25.87,0,0,0,
3239,91,91,0.21,9.51,1.35,-0.04,-0.02,-0.00,-56.68,14.59,25.02,0,0,0,
3246,92,91,0.12,9.45,1.47,-0.01,-0.04,-0.00,-57.06,14.29,25.55,0,0,0,
3258,92,90,0.09,9.49,1.42,0.11,-0.05,-0.00,-57.29,13.56,25.21,0,0,0,
3265,90,93,0.36,9.44,1.57,0.16,-0.03,-0.00,-57.06,14.43,25.68,0,0,0,
3271,90,93,0.36,9.44,1.53,0.16,-0.03,-0.00,-56.45,13.55,24.23,0,0,0,
3278,92,91,0.17,9.45,1.53,0.27,0.00,0.01,-56.78,14.22,24.76,0,0,0,
3284,90,90,0.21,9.64,1.21,0.33,-0.01,0.01,-57.28,14.40,25.08,0,0,0,
3296,89,89,0.20,9.76,1.06,0.18,-0.02,0.00,-56.55,13.61,25.20,0,0,0,
3302,89,89,0.21,9.72,1.18,-0.02,-0.01,0.00,-56.69,14.10,25.46,0,0,0,
3308,89,89,0.21,9.72,1.18,-0.02,-0.01,0.00,-56.90,13.40,25.93,0,0,0,
3315,91,91,0.22,9.46,1.37,-0.09,-0.00,0.00,-56.27,13.07,24.92,0,0,0,
3320,91,90,0.18,9.55,1.41,-0.05,0.01,0.00,-56.75,13.96,24.74,0,0,0,
3326,91,90,0.18,9.55,1.41,-0.05,0.01,0.00,-56.90,14.54,25.96,0,0,0,
3332,90,90,0.20,9.54,1.33,-0.01,0.01,0.01,-56.36,13.65,24.12,0,0,0,
3339,91,90,0.17,9.51,1.30,-0.00,0.01,0.00,-56.34,14.12,25.90,0,0,0,
3351,90,90,0.18,9.59,1.35,0.00,-0.00,0.00,-56.36,13.58,25.37,0,0,0,
3357,91,91,0.21,9.51,1.31,0.02,-0.01,0.00,-56.27,14.00,24.93,0,0,0,
3363,91,91,0.21,9.51,1.31,0.02,-0.01,0.00,-56.99,14.48,26.34,0,0,0,
3369,90,90,0.18,9.60,1.32,0.01,-0.01,0.00,-55.96,13.52,25.81,0,0,0,
3376,90,90,0.22,9.56,1.37,0.00,0.00,0.00,-55.80,12.34,25.80,0,0,0,
3382,90,90,0.22,9.56,1.37,0.00,0.00,0.00,-56.36,14.25,26.26,0,0,0,
3387,91,91,0.19,9.52,1.33,0.02,0.01,0.00,-56.42,14.15,24.85,0,0,0,
3399,90,89,0.19,9.66,1.28,-0.00,0.01,0.00,-56.74,13.88,24.85,0,0,0,
3406,90,91,0.25,9.49,1.35,-0.03,0.02,0.01,-57.50,14.81,22.52,0,0,0,
3418,91,89,0.09,9.61,1.18,-0.02,0.02,0.01,-56.27,13.72,25.91,0,0,0,
3425,89,89,0.24,9.70,1.23,-0.09,-0.02,0.00,-57.10,15.17,25.39,0,0,0,
3431,91,91,0.20,9.48,1.37,-0.16,-0.01,0.00,-57.04,12.92,25.77,0,0,0,
3438,92,91,0.16,9.45,1.53,-0.16,-0.01,0.00,-56.43,13.30,25.90,0,0,0,
3444,92,91,0.16,9.45,1.53,-0.11,-0.01,0.00,-57.03,14.51,26.53,0,0,0,
3450,91,91,0.20,9.47,1.38,0.01,-0.02,0.00,-56.24,13.46,24.92,0,0,0,
3462,90,90,0.18,9.62,1.28,0.03,-0.03,0.00,-56.90,14.07,26.09,0,0,0,
3469,90,90,0.20,9.57,1.36,-0.01,-0.04,-0.00,-56.55,14.13,25.43,0,0,0,
3475,91,91,0.21,9.48,1.37,-0.01,-0.04,-0.00,-55.48,13.39,24.80,0,0,0,
3481,91,91,0.21,9.48,1.37,-0.00,-0.04,-0.00,-56.72,13.94,25.23,0,0,0,
3487,90,90,0.17,9.61,1.38,0.01,-0.04,-0.00,-56.17,14.44,25.01,0,0,0,
3493,90,91,0.24,9.51,1.37,0.01,-0.04,-0.00,-55.73,12.91,24.48,0,0,0,
3499,90,91,0.24,9.51,1.37,0.01,-0.03,0.00,-56.46,13.49,24.80,0,0,0,
3511,91,91,0.17,9.50,1.43,0.01,-0.02,0.00,-56.37,14.35,24.47,0,0,0,
3517,90,90,0.18,9.58,1.37,0.06,-0.01,0.00,-56.91,13.58,24.98,0,0,0,
3522,91,91,0.19,9.52,1.26,0.04,-0.01,0.00,-56.93,13.69,25.71,0,0,0,
3529,91,91,0.19,9.52,1.26,0.04,-0.01,0.00,-55.82,13.74,24.23,0,0,0,
3535,90,90,0.19,9.61,1.38,0.01,-0.02,0.00,-55.90,12.54,24.39,0,0,0,
3541,92,92,0.21,9.38,1.51,0.05,-0.01,0.00,-57.15,14.07,24.52,0,0,0,
3547,92,92,0.21,9.38,1.51,0.05,-0.01,0.00,-57.04,13.87,24.74,0,0,0,
3558,89,89,0.21,9.70,1.26,0.16,0.00,0.01,-52.88,14.03,25.31,0,0,0,
3565,89,89,0.21,9.70,1.26,0.09,0.01,0.00,-57.37,14.40,24.80,0,0,0,
3571,91,91,0.22,9.52,1.29,-0.00,0.00,0.00,-56.49,13.52,25.11,0,0,0,
3584,90,90,0.20,9.57,1.41,-0.02,0.01,0.00,-56.78,15.17,26.88,0,0,0,
3590,91,90,0.18,9.56,1.26,0.00,0.02,0.00,-56.17,14.02,24.98,0,0,0,
3596,90,89,0.18,9.64,1.17,-0.04,0.01,0.00,-55.17,12.91,24.63,0,0,0,
3602,90,89,0.18,9.64,1.17,-0.04,0.01,0.00,-56.68,13.97,25.64,0,0,0,
3608,90,90,0.18,9.61,1.32,-0.14,-0.00,0.00,-56.45,13.93,24.54,0,0,0,
3619,92,92,0.21,9.37,1.52,-0.10,-0.01,0.00,-56.49,13.93,25.04,0,0,0,
3636,90,90,0.20,9.58,1.33,0.08,-0.00,0.00,-55.51,12.53,24.67,0,0,0,
3734,91,92,0.27,9.46,1.27,-0.18,-0.06,-0.01,-56.11,11.79,24.23,0,0,0,
3741,91,92,0.27,9.46,1.27,-0.18,-0.06,-0.01,-56.68,13.21,25.21,0,0,0,
3747,91,91,0.17,9.51,1.53,-0.12,-0.03,-0.00,-57.21,14.03,25.55,0,0,0,
3754,91,91,0.20,9.45,1.42,-0.01,-0.03,0.00,-56.23,12.32,23.78,0,0,0,
3760,91,91,0.20,9.45,1.42,-0.01,-0.03,0.00,-56.52,12.83,24.57,0,0,0,
3772,91,90,0.17,9.57,1.43,-0.02,-0.04,-0.00,-56.24,12.99,24.90,0,0,0,
3778,91,90,0.17,9.57,1.43,-0.02,-0.04,-0.00,-56.26,13.43,24.54,0,0,0,
3784,91,91,0.20,9.45,1.40,-0.00,-0.05,-0.00,-57.86,14.94,25.01,0,0,0,
3790,90,90,0.20,9.60,1.44,0.01,-0.05,-0.00,-56.66,13.90,24.09,0,0,0,
3796,90,90,0.20,9.60,1.44,0.01,-0.05,-0.00,-56.68,13.24,24.60,0,0,0,
3802,92,92,0.23,9.38,1.58,0.07,-0.03,-0.00,-56.83,13.90,25.39,0,0,0,
3809,91,91,0.20,9.49,1.44,0.18,-0.02,0.00,-56.47,13.34,25.46,0,0,0,
3820,91,91,0.21,9.52,1.49,0.25,0.00,0.01,-56.28,13.87,24.77,0,0,0,
3827,90,91,0.26,9.55,1.27,0.25,0.01,0.01,-56.87,14.66,24.28,0,0,0,
3832,90,91,0.26,9.55,1.27,0.30,0.01,0.01,-52.56,13.07,23.18,0,0,0,
3838,90,88,0.13,9.72,1.16,0.22,0.00,0.01,-56.34,13.69,24.51,0,0,0,
3845,89,90,0.24,9.65,1.22,0.22,-0.02,0.00,-57.70,15.48,25.81,0,0,0,
3851,89,90,0.24,9.65,1.22,0.11,-0.02,0.00,-56.77,13.17,24.51,0,0,0,
3857,91,91,0.19,9.46,1.36,0.06,-0.01,0.00,-56.23,12.95,23.95,0,0,0,
3863,91,91,0.19,9.46,1.36,0.06,-0.01,0.00,-57.32,14.37,26.31,0,0,0,
3882,90,89,0.19,9.66,1.22,0.09,0.00,0.00,-56.71,14.22,25.69,0,0,0,
3889,90,89,0.19,9.66,1.22,0.04,-0.01,0.00,-56.83,13.81,24.45,0,0,0,
3895,90,90,0.21,9.59,1.26,-0.01,-0.01,0.00,-55.20,13.68,24.29,0,0,0,
3901,91,90,0.18,9.55,1.21,-0.03,-0.02,0.00,-56.62,14.03,25.74,0,0,0,
3908,91,90,0.18,9.55,1.21,-0.03,-0.02,0.00,-56.65,13.88,24.66,0,0,0,
3914,90,90,0.18,9.57,1.40,-0.06,-0.02,0.00,-55.89,13.30,25.04,0,0,0,
3920,91,92,0.23,9.42,1.36,0.01,-0.01,0.00,-56.59,14.18,25.39,0,0,0,
3931,91,91,0.20,9.53,1.33,0.10,0.01,0.01,-56.43,14.12,24.07,0,0,0,
3937,91,91,0.20,9.53,1.33,0.10,0.01,0.01,-56.28,13.75,25.30,0,0,0,
3944,90,90,0.17,9.59,1.33,0.14,0.01,0.01,-57.06,15.08,25.71,0,0,0,
3950,90,90,0.19,9.60,1.17,0.08,-0.00,0.00,-56.33,13.74,24.99,0,0,0,
3956,90,90,0.19,9.63,1.27,0.08,-0.00,0.00,-55.35,13.36,24.25,0,0,0,
3961,90,89,0.18,9.63,1.27,0.01,-0.01,0.00,-56.34,14.28,25.26,0,0,0,
3968,91,91,0.22,9.50,1.27,0.00,-0.01,0.00,-56.43,13.52,24.51,0,0,0,
3974,90,90,0.22,9.60,1.26,0.00,-0.01,0.00,-55.33,12.74,23.88,0,0,0,
3986,90,90,0.19,9.57,1.29,-0.01,-0.00,0.00,-57.47,14.94,25.72,0,0,0,
3992,90,90,0.19,9.57,1.29,-0.01,-0.00,0.00,-56.12,13.71,25.39,0,0,0,
3999,91,91,0.19,9.49,1.27,0.00,-0.01,0.00,-56.71,14.10,26.79,0,0,0,
4005,90,90,0.18,9.62,1.28,0.01,-0.01,0.00,-57.40,12.07,25.18,0,0,0,
4011,90,90,0.18,9.62,1.28,0.01,-0.01,0.00,-56.23,14.07,25.67,0,0,0,
4017,91,91,0.22,9.52,1.26,0.03,-0.02,0.00,-57.13,13.56,25.94,0,0,0,
4030,90,90,0.20,9.55,1.34,0.04,-0.01,0.00,-56.45,13.52,25.21,0,0,0,
4042,91,91,0.20,9.47,1.25,0.11,-0.00,0.00,-56.26,14.32,25.45,0,0,0,
4048,91,91,0.20,9.47,1.25,0.11,-0.00,0.00,-56.94,13.72,25.33,0,0,0,
4053,89,92,0.39,9.56,1.35,0.15,0.02,0.01,-55.63,12.31,24.52,0,0,0,
4059,91,92,0.29,9.46,0.59,0.30,0.16,0.03,-56.75,14.05,25.36,0,0,0,
4066,91,92,0.29,9.46,0.59,0.30,0.16,0.03,-57.51,14.26,25.05,0,0,0,
4072,88,83,-0.08,10.09,1.12,0.23,0.26,0.05,-52.85,13.56,24.14,0,0,0,
4078,90,90,0.18,9.62,1.40,-0.24,0.04,0.01,-56.15,14.12,24.61,0,0,0,
4083,90,90,0.18,9.62,1.40,-0.24,0.04,0.01,-57.26,15.70,25.87,0,0,0,
4095,91,93,0.30,9.37,1.12,-0.20,0.00,0.02,-55.66,12.29,23.78,0,0,0,
4102,91,93,0.30,9.37,1.12,0.12,0.12,0.02,-56.55,14.07,25.88,0,0,0,
4108,90,87,0.05,9.77,1.43,0.27,0.20,0.03,-56.64,13.88,25.10,0,0,0,
4113,90,90,0.16,9.60,1.21,0.27,0.02,0.01,-56.59,13.02,24.60,0,0,0,
4120,90,90,0.16,9.60,1.21,0.03,0.02,0.01,-56.49,13.97,25.12,0,0,0,
4126,90,90,0.21,9.62,1.22,-0.03,-0.00,0.00,-56.94,14.60,25.34,0,0,0,
4132,91,92,0.28,9.40,1.13,-0.03,-0.00,0.01,-56.81,13.31,24.77,0,0,0,
4143,90,91,0.23,9.54,1.04,0.16,0.10,0.02,-57.10,14.60,25.52,0,0,0,
4149,90,91,0.23,9.54,1.04,0.16,0.10,0.02,-56.49,13.90,24.98,0,0,0,
4156,91,90,0.17,9.56,1.13,0.28,0.20,0.03,-56.34,13.87,24.66,0,0,0,
4162,90,88,0.09,9.72,1.39,0.14,0.09,0.02,-56.40,14.10,25.91,0,0,0,
4168,90,88,0.09,9.72,1.39,0.14,0.09,0.02,-56.71,14.26,25.15,0,0,0,
4174,90,90,0.19,9.58,1.24,0.00,-0.02,0.00,-56.20,12.57,24.48,0,0,0,
4181,92,92,0.21,9.41,1.29,0.09,-0.01,0.00,-56.85,14.29,25.50,0,0,0,
4194,91,90,0.16,9.53,1.26,0.20,-0.01,0.00,-56.05,12.89,24.19,0,0,0,
4206,89,89,0.20,9.70,0.88,0.26,-0.01,0.00,-58.10,14.18,25.10,0,0,0,
4212,89,89,0.20,9.70,0.88,0.20,-0.01,0.00,-56.65,13.93,24.69,0,0,0,
4218,88,88,0.19,9.79,0.89,0.04,-0.01,0.00,-56.17,14.31,25.55,0,0,0,
4224,90,90,0.21,9.62,0.94,-0.28,-0.01,0.00,-57.66,14.76,25.45,0,0,0,
4230,90,90,0.21,9.62,0.94,-0.10,-0.01,0.00,-56.47,14.19,24.60,0,0,0,
4236,90,90,0.18,9.61,1.09,-0.18,-0.01,0.00,-56.26,14.07,25.77,0,0,0,
4243,91,91,0.21,9.45,1.32,-0.18,-0.02,0.00,-57.28,15.00,26.31,0,0,0,
4254,92,91,0.18,9.43,1.24,0.01,-0.01,0.00,-55.80,12.96,24.89,0,0,0,
4261,92,91,0.18,9.43,0.93,0.01,-0.01,0.00,-56.46,14.13,26.12,0,0,0,
4267,90,90,0.18,9.60,1.19,0.08,-0.01,0.00,-56.58,13.36,24.48,0,0,0,
4272,90,91,0.22,9.56,1.08,0.10,-0.00,0.00,-56.09,12.64,24.04,0,0,0,
4279,89,89,0.22,9.73,0.93,0.10,-0.00,0.00,-56.39,13.74,25.68,0,0,0,
4285,89,89,0.19,9.73,0.93,0.04,0.00,0.00,-57.78,15.04,25.90,0,0,0,
4291,88,89,0.24,9.76,0.95,-0.11,0.01,0.00,-56.55,13.29,24.16,0,0,0,
4302,90,90,0.17,9.60,0.99,-0.23,0.01,0.00,-57.00,14.75,29.85,0,0,0,
4309,90,90,0.18,9.61,1.21,-0.30,0.01,0.00,-56.62,14.50,24.58,0,0,0,
4315,90,90,0.18,9.61,1.21,-0.30,0.01,0.00,-55.88,13.37,24.22,0,0,0,
4321,92,92,0.21,9.39,1.34,-0.23,0.01,0.00,-56.71,14.32,24.99,0,0,0,
4327,92,91,0.17,9.46,1.34,-0.11,0.00,0.00,-56.77,13.90,24.31,0,0,0,
4334,92,91,0.17,9.46,1.34,-0.11,0.00,0.00,-55.58,12.60,23.76,0,0,0,
4340,90,90,0.20,9.56,1.28,-0.00,0.00,0.00,-56.96,14.10,25.84,0,0,0,
4352,91,91,0.20,9.53,1.13,0.05,-0.00,0.00,-56.20,13.17,25.07,0,0,0,
4365,90,91,0.22,9.53,1.21,-0.00,-0.01,0.00,-57.89,14.78,24.90,0,0,0,
4371,90,91,0.22,9.53,1.21,-0.00,-0.01,0.00,-56.93,13.39,24.61,0,0,0,
4378,91,90,0.18,9.56,1.17,0.01,-0.01,0.00,-56.77,14.19,24.88,0,0,0,
4384,90,90,0.19,9.59,1.21,0.00,-0.01,0.00,-57.34,15.48,26.56,0,0,0,
4390,90,90,0.19,9.59,1.21,0.00,-0.01,0.00,-56.34,13.90,24.80,0,0,0,
4396,91,91,0.22,9.51,1.21,0.02,-0.01,0.00,-56.77,13.33,24.82,0,0,0,
4403,90,89,0.19,9.64,1.21,0.02,-0.00,0.00,-56.20,18.61,26.21,0,0,0,
4414,90,90,0.20,9.60,1.11,0.00,0.01,0.00,-55.61,12.35,24.29,0,0,0,
4420,90,89,0.18,9.66,1.03,-0.06,-0.01,0.00,-56.77,14.28,25.33,0,0,0,
4426,90,89,0.18,9.66,1.03,-0.06,-0.01,0.00,-57.31,14.24,25.86,0,0,0,
4433,90,90,0.21,9.62,1.24,-0.15,-0.02,0.00,-56.43,13.50,24.54,0,0,0,
4439,92,92,0.20,9.38,1.34,-0.11,-0.01,0.00,-56.62,14.41,25.27,0,0,0,
4445,92,92,0.20,9.38,1.34,-0.11,-0.01,0.00,-57.22,14.13,25.05,0,0,0,
4451,91,90,0.17,9.54,1.31,0.01,-0.03,0.00,-56.11,14.02,25.62,0,0,0,
4462,91,91,0.20,9.53,1.26,0.06,-0.03,0.00,-56.58,14.94,25.83,0,0,0,
4469,91,91,0.20,9.52,1.21,0.09,-0.02,0.00,-56.30,14.64,24.10,0,0,0,
4475,91,90,0.17,9.54,1.30,0.12,-0.01,0.00,-55.41,13.94,24.60,0,0,0,
4481,91,90,0.17,9.54,1.30,0.12,-0.01,0.00,-56.58,14.47,24.85,0,0,0,
4486,90,91,0.23,9.57,1.12,0.18,0.00,0.01,-57.04,15.00,24.77,0,0,0,
4493,89,89,0.19,9.72,1.07,0.11,-0.00,0.00,-56.18,13.88,24.16,0,0,0,
4499,89,89,0.19,9.72,1.07,0.11,-0.00,0.00,-56.58,15.04,24.14,0,0,0,
4505,89,90,0.22,9.65,1.12,0.01,-0.01,0.00,-57.98,15.77,26.03,0,0,0,
4524,90,90,0.19,9.62,1.23,-0.04,-0.01,0.00,-57.22,16.12,25.81,0,0,0,
4530,90,91,0.22,9.53,1.16,-0.02,-0.00,0.00,-56.59,14.13,24.33,0,0,0,
4536,90,91,0.22,9.53,1.16,-0.02,-0.00,0.00,-56.23,14.34,25.07,0,0,0,
4542,90,90,0.17,9.60,1.17,-0.03,-0.00,0.00,-56.80,14.92,25.20,0,0,0,
4548,91,91,0.20,9.52,1.27,-0.03,-0.01,0.00,-56.17,14.16,24.88,0,0,0,
4555,91,91,0.20,9.52,1.27,-0.01,-0.01,0.00,-54.94,13.14,23.95,0,0,0,
4561,91,91,0.18,9.51,1.18,0.05,-0.01,0.00,-56.75,14.66,25.78,0,0,0,
4572,91,90,0.16,9.57,1.22,0.08,-0.01,0.00,-55.96,13.56,23.52,0,0,0,
4578,91,91,0.21,9.51,1.19,0.13,-0.00,0.00,-56.80,14.10,25.36,0,0,0,
4584,91,91,0.21,9.51,1.19,0.13,-0.00,0.00,-57.88,15.77,25.30,0,0,0,
4591,90,89,0.17,9.65,1.10,0.14,0.00,0.01,-56.01,13.97,24.51,0,0,0,
4597,89,89,0.22,9.68,1.10,0.05,-0.01,0.00,-55.58,14.51,24.50,0,0,0,
4603,89,89,0.22,9.68,1.10,0.05,-0.01,0.00,-57.35,15.78,25.39,0,0,0,
4608,91,91,0.21,9.52,1.15,0.00,-0.01,0.00,-56.28,13.43,24.76,0,0,0,
4615,90,90,0.19,9.62,1.20,0.00,-0.01,0.00,-55.89,13.84,24.95,0,0,0,
4627,90,91,0.24,9.56,1.14,0.01,0.01,0.00,-57.16,14.44,24.32,0,0,0,
4633,90,90,0.22,9.62,1.10,-0.01,0.01,0.00,-56.14,13.18,23.81,0,0,0,
4639,90,90,0.22,9.62,1.10,-0.01,0.01,0.00,-56.45,14.40,24.60,0,0,0,
4646,90,90,0.17,9.57,1.20,-0.03,0.01,0.00,-56.56,14.63,23.66,0,0,0,
4652,91,90,0.18,9.54,1.11,0.00,-0.00,0.00,-56.34,13.96,23.72,0,0,0,
4658,91,90,0.18,9.54,1.11,0.00,-0.00,0.00,-56.75,14.32,24.76,0,0,0,
4664,90,90,0.17,9.59,1.18,-0.01,-0.01,0.00,-56.96,15.40,25.68,0,0,0,
4682,91,90,0.18,9.56,1.15,0.02,-0.02,0.00,-56.49,15.46,25.93,0,0,0,
4689,90,89,0.18,9.64,1.17,0.02,-0.03,0.00,-56.42,13.88,24.48,0,0,0,
4695,90,89,0.18,9.64,1.14,0.02,-0.03,0.00,-56.24,14.06,25.77,0,0,0,
4701,91,91,0.22,9.51,1.14,0.02,-0.03,0.00,-56.84,15.67,25.61,0,0,0,
4707,90,90,0.20,9.55,1.25,0.03,-0.01,0.00,-57.15,14.75,25.18,0,0,0,
4714,90,90,0.20,9.55,1.20,0.03,-0.01,0.00,-55.73,13.27,24.67,0,0,0,
4718,90,91,0.23,9.55,1.20,0.09,-0.00,0.00,-56.49,14.64,25.24,0,0,0,
4724,90,91,0.24,9.57,1.09,0.10,0.01,0.01,-57.41,15.84,25.69,0,0,0,
4735,90,89,0.19,9.66,1.14,0.06,0.02,0.01,-55.96,13.58,25.08,0,0,0,
4742,90,89,0.19,9.66,0.96,0.06,0.02,0.01,-56.84,14.85,24.98,0,0,0,
4748,90,89,0.20,9.65,0.96,0.03,0.01,0.00,-56.81,14.24,22.99,0,0,0,
4755,89,89,0.17,9.70,1.00,-0.10,0.00,0.00,-55.82,13.46,24.80,0,0,0,
4760,90,89,0.19,9.65,1.05,-0.10,0.00,0.00,-57.02,14.41,24.92,0,0,0,
4766,90,89,0.19,9.65,1.05,-0.22,-0.00,0.00,-56.34,13.71,23.46,0,0,0,
4773,92,91,0.19,9.43,1.32,-0.23,-0.01,0.00,-55.92,12.63,24.29,0,0,0,
4784,92,91,0.18,9.44,1.48,-0.08,-0.01,0.00,-57.76,15.38,24.55,0,0,0,
4790,91,91,0.20,9.48,1.26,0.10,-0.01,0.00,-56.49,13.45,24.19,0,0,0,
4796,91,91,0.20,9.48,1.26,0.10,-0.01,0.00,-56.72,14.41,24.60,0,0,0,
4802,89,89,0.20,9.67,1.09,0.10,-0.00,0.00,-56.65,14.60,25.23,0,0,0,
4809,90,90,0.20,9.60,1.15,0.05,-0.00,0.00,-56.11,14.26,24.23,0,0,0,
4815,90,90,0.20,9.60,1.15,0.05,-0.00,0.00,-55.86,14.22,24.28,0,0,0,
4821,90,90,0.19,9.56,1.09,0.04,-0.01,0.00,-56.18,14.82,24.69,0,0,0,
4839,91,90,0.17,9.52,1.15,-0.01,-0.03,0.00,-56.72,14.56,24.73,0,0,0,
4847,90,90,0.21,9.56,1.20,0.01,-0.03,0.00,-55.76,14.85,23.85,0,0,0,
4853,90,91,0.22,9.56,1.26,0.04,-0.03,0.00,-54.97,12.99,23.30,0,0,0,
4859,90,91,0.22,9.56,1.26,0.04,-0.03,0.00,-56.09,14.82,24.51,0,0,0,
4865,91,91,0.22,9.51,1.17,0.09,-0.02,0.00,-57.07,15.02,23.81,0,0,0,
4872,89,89,0.19,9.69,1.10,0.07,-0.02,0.00,-56.07,13.58,23.74,0,0,0,
4878,89,89,0.19,9.69,1.10,0.07,-0.02,0.00,-56.09,14.13,24.41,0,0,0,
4884,90,90,0.22,9.62,1.05,0.01,-0.02,0.00,-57.91,15.30,24.67,0,0,0,
4895,90,90,0.15,9.60,1.08,-0.06,-0.01,0.00,-56.15,13.59,24.09,0,0,0,
4901,90,91,0.25,9.56,1.11,-0.07,-0.01,0.00,-56.53,14.82,24.76,0,0,0,
4908,90,91,0.25,9.56,0.98,-0.07,-0.01,0.00,-56.61,14.40,23.76,0,0,0,
4914,91,94,0.36,9.33,0.98,0.07,0.09,0.02,-54.72,13.37,22.98,0,0,0,
4920,90,90,0.21,9.57,1.16,0.31,0.27,0.04,-56.23,14.81,23.94,0,0,0,
4926,90,90,0.21,9.57,1.16,0.31,0.27,0.04,-56.97,14.76,23.59,0,0,0,
4932,90,89,0.17,9.63,1.16,0.31,0.27,0.04,-55.47,13.15,22.46,0,0,0,
4944,90,87,0.00,9.75,1.37,0.11,0.13,0.02,-58.20,15.42,24.36,0,0,0,
4950,91,91,0.21,9.53,1.26,0.00,0.00,0.00,-56.28,14.22,24.00,0,0,0,
4955,91,92,0.22,9.42,1.22,0.10,0.00,0.00,-56.65,13.17,23.97,0,0,0,
4962,91,92,0.22,9.42,1.22,0.10,0.00,0.00,-57.40,14.70,24.25,0,0,0,
4968,91,91,0.18,9.51,1.25,0.22,0.00,0.01,-56.33,13.97,23.34,0,0,0,
4974,91,91,0.19,9.53,1.10,0.53,0.00,0.01,-55.42,12.66,23.87,0,0,0,
4979,91,91,0.19,9.53,1.10,0.33,0.00,0.01,-55.92,14.32,24.89,0,0,0,
4986,89,89,0.20,9.66,0.90,0.33,-0.00,0.00,-57.15,14.24,24.12,0,0,0,
5003,88,89,0.21,9.76,0.67,0.06,-0.01,0.00,-56.66,15.84,25.86,0,0,0,
5011,89,88,0.17,9.75,0.82,-0.25,-0.00,0.00,-56.74,14.18,23.69,0,0,0,
5017,89,88,0.17,9.75,0.82,-0.15,-0.00,0.00,-57.10,14.25,24.74,0,0,0,
5022,90,90,0.23,9.57,1.04,-0.25,-0.00,0.00,-57.32,15.23,25.77,0,0,0,
5029,92,91,0.19,9.43,1.19,-0.19,-0.01,0.00,-56.72,13.24,24.32,0,0,0,
5035,92,91,0.19,9.43,1.19,-0.19,-0.01,0.00,-55.74,12.67,25.62,0,0,0,
5041,91,91,0.19,9.47,1.31,-0.05,-0.00,0.00,-57.12,14.64,26.05,0,0,0,
5052,92,92,0.20,9.40,1.22,0.14,-0.00,0.00,-56.24,13.04,23.91,0,0,0,
5059,90,90,0.18,9.59,1.05,0.25,-0.00,0.00,-57.04,14.21,24.07,0,0,0,
5065,89,89,0.18,9.68,0.94,0.25,-0.00,0.00,-58.42,14.43,24.26,0,0,0,
5071,89,89,0.22,9.68,0.94,0.24,-0.00,0.00,-57.18,13.75,24.32,0,0,0,
5077,90,90,0.20,9.63,0.85,0.17,0.00,0.00,-57.32,14.62,25.14,0,0,0,
5084,89,89,0.18,9.72,0.88,0.17,0.00,0.00,-58.11,15.65,24.96,0,0,0,
5090,89,89,0.18,9.72,0.88,0.09,0.00,0.00,-56.96,13.97,24.63,0,0,0,
5096,90,90,0.22,9.59,0.91,0.03,0.00,0.00,-56.83,14.15,25.12,0,0,0,
5108,90,90,0.19,9.60,0.99,-0.01,-0.00,0.00,-57.10,14.34,24.45,0,0,0,
5114,90,90,0.20,9.56,1.05,0.01,0.00,0.00,-56.50,13.12,24.12,0,0,0,
5121,90,90,0.20,9.56,1.05,0.01,0.00,0.00,-56.87,14.54,25.11,0,0,0,
5126,91,91,0.19,9.53,0.98,0.06,0.00,0.00,-57.37,14.44,24.66,0,0,0,
5132,89,89,0.19,9.67,0.98,0.06,-0.00,0.00,-56.99,13.87,23.88,0,0,0,
5138,89,89,0.19,9.67,0.98,0.06,-0.00,0.00,-57.54,14.28,25.05,0,0,0,
5145,90,91,0.24,9.55,0.93,0.06,-0.00,0.00,-57.85,15.11,24.99,0,0,0,
5156,90,90,0.18,9.59,0.95,0.06,0.01,0.00,-56.88,13.91,25.21,0,0,0,
5170,90,90,0.20,9.57,0.90,0.08,0.00,0.00,-57.32,13.67,24.48,0,0,0,
5176,90,90,0.20,9.57,0.92,0.08,0.00,0.00,-57.13,13.71,24.96,0,0,0,
5183,89,89,0.18,9.68,0.92,0.05,-0.00,0.00,-57.85,15.64,26.38,0,0,0,
5189,90,90,0.22,9.63,0.86,0.03,-0.01,0.00,-57.10,14.16,25.33,0,0,0,
5195,90,89,0.18,9.64,0.85,0.03,-0.01,0.00,-57.00,13.71,24.93,0,0,0,
5201,90,89,0.18,9.64,0.85,-0.04,-0.01,0.00,-57.03,15.24,25.45,0,0,0,
5212,90,89,0.20,9.65,0.94,-0.10,-0.01,0.00,-56.52,13.65,24.00,0,0,0,
5219,91,91,0.22,9.52,0.97,-0.08,-0.01,0.00,-57.22,15.19,24.89,0,0,0,
5225,90,90,0.18,9.63,0.99,-0.06,-0.01,0.00,-57.37,14.95,24.85,0,0,0,
5231,90,90,0.18,9.63,0.99,-0.06,-0.01,0.00,-56.72,13.67,24.73,0,0,0,
5237,90,90,0.22,9.62,0.92,-0.07,-0.01,0.00,-56.85,14.03,25.20,0,0,0,
5244,89,90,0.21,9.66,0.87,-0.13,0.00,0.00,-57.72,15.51,25.39,0,0,0,
5250,89,90,0.21,9.66,0.87,-0.13,0.00,0.00,-56.77,13.61,24.58,0,0,0,
5256,89,90,0.22,9.65,0.99,-0.20,0.01,0.00,-56.87,13.55,24.99,0,0,0,
5267,92,91,0.17,9.43,1.08,-0.16,0.00,0.00,-57.56,14.92,25.84,0,0,0,
5274,92,92,0.22,9.36,1.33,-0.01,0.00,0.00,-55.48,12.98,24.16,0,0,0,
5280,92,94,0.30,9.28,1.23,0.29,0.05,0.01,-58.10,14.62,26.22,0,0,0,
5286,92,94,0.30,9.28,1.23,0.29,0.05,0.01,-57.26,14.48,25.69,0,0,0,
5292,93,94,0.28,9.20,1.23,0.66,0.14,0.02,-56.40,13.81,24.85,0,0,0,
5299,91,87,-0.01,9.74,1.26,0.88,0.11,0.02,-56.99,15.08,25.93,0,0,0,
5305,91,87,-0.01,9.74,1.26,0.88,0.11,0.02,-57.19,15.40,25.33,0,0,0,
5316,88,86,0.14,9.92,0.32,0.54,-0.01,0.01,-57.44,14.24,24.93,0,0,0,
5328,83,84,0.26,10.33,-0.19,0.12,-0.02,0.00,-57.37,14.37,25.68,0,0,0,
5335,86,86,0.22,10.02,0.13,-0.53,-0.02,-0.00,-56.42,14.16,25.71,0,0,0,
5342,86,86,0.22,10.02,0.13,-0.53,-0.02,-0.00,-57.75,15.71,25.93,0,0,0,
5348,87,87,0.18,9.90,0.53,-0.95,-0.02,-0.01,-57.15,14.43,24.99,0,0,0,
5354,91,92,0.22,9.45,1.00,-1.11,-0.02,-0.01,-55.70,13.52,25.05,0,0,0,
5359,91,92,0.22,9.45,1.00,-1.11,-0.02,-0.01,-57.67,14.83,25.43,0,0,0,
5371,94,94,0.19,9.11,1.78,-0.93,0.02,0.00,-57.03,14.25,24.77,0,0,0,
5378,94,94,0.19,9.11,1.78,-0.52,0.02,0.00,-57.47,14.22,25.15,0,0,0,
5384,96,95,0.20,8.99,1.82,0.04,0.01,0.01,-58.29,15.93,25.94,0,0,0,
5390,93,93,0.17,9.27,1.61,0.55,-0.00,0.01,-57.29,14.70,24.76,0,0,0,
5396,93,93,0.17,9.27,1.61,0.55,-0.00,0.01,-56.66,13.99,25.55,0,0,0,
5402,91,91,0.22,9.47,1.07,0.86,-0.00,0.01,-58.05,15.54,26.50,0,0,0,
5408,88,88,0.20,9.84,0.58,0.86,0.00,0.01,-57.63,14.56,24.88,0,0,0,
5414,88,88,0.20,9.84,0.58,0.83,0.00,0.01,-56.90,13.93,25.46,0,0,0,
5425,86,86,0.20,10.08,0.28,0.51,0.00,0.01,-58.84,15.23,25.42,0,0,0,
5432,86,87,0.21,9.99,0.25,0.06,-0.00,0.00,-57.25,13.40,24.61,0,0,0,
5438,88,87,0.17,9.87,0.56,-0.34,-0.00,0.00,-57.26,14.51,26.06,0,0,0,
5444,88,87,0.17,9.87,0.56,-0.34,-0.00,0.00,-58.36,15.48,25.11,0,0,0,
5450,91,91,0.21,9.45,1.02,-0.47,-0.01,-0.00,-57.42,14.48,24.80,0,0,0,
5457,94,93,0.19,9.22,1.43,-0.28,-0.02,0.00,-57.10,14.53,24.41,0,0,0,
5463,94,93,0.19,9.22,1.51,-0.28,-0.02,0.00,-58.16,16.54,25.75,0,0,0,
5474,92,92,0.21,9.37,1.11,0.49,-0.01,0.01,-55.95,13.84,25.58,0,0,0,
5480,92,92,0.21,9.37,1.11,0.49,-0.01,0.01,-57.72,15.39,25.29,0,0,0,
5493,88,88,0.23,9.83,0.47,0.50,-0.00,0.01,-56.55,13.50,24.00,0,0,0,
5500,88,88,0.23,9.83,0.34,0.50,-0.00,0.01,-57.61,14.92,25.83,0,0,0,
5506,87,87,0.18,9.91,0.34,0.21,-0.00,0.00,-57.64,14.79,24.93,0,0,0,
5512,87,87,0.21,9.92,0.47,-0.10,-0.00,0.00,-57.94,14.32,24.76,0,0,0,
5518,87,87,0.21,9.92,0.47,-0.10,-0.00,0.00,-57.85,15.05,24.98,0,0,0,
5524,89,90,0.22,9.66,0.63,-0.32,0.00,0.00,-58.17,15.77,25.43,0,0,0,
5536,91,90,0.17,9.55,0.98,-0.37,-0.00,0.00,-57.41,14.18,25.30,0,0,0,
5542,92,92,0.22,9.40,1.15,-0.23,-0.00,0.00,-57.86,15.57,26.24,0,0,0,
5548,92,92,0.18,9.38,1.14,-0.01,-0.00,0.00,-57.28,14.31,24.45,0,0,0,
5555,92,92,0.18,9.38,1.14,-0.01,-0.00,0.00,-56.33,14.45,25.33,0,0,0,
5561,91,91,0.22,9.47,1.12,0.19,0.00,0.00,-57.38,15.84,25.86,0,0,0,
5567,91,91,0.21,9.51,0.87,0.37,0.00,0.01,-57.56,14.29,24.79,0,0,0,
5573,91,91,0.21,9.51,0.87,0.37,0.00,0.01,-56.80,13.61,24.32,0,0,0,
5584,89,89,0.21,9.71,0.63,0.33,0.04,0.01,-58.05,15.49,25.34,0,0,0,
5591,89,89,0.21,9.71,0.63,0.33,0.04,0.01,-56.59,14.21,23.60,0,0,0,
5597,89,89,0.18,9.71,0.52,0.23,0.05,0.01,-57.23,15.58,25.29,0,0,0,
5603,88,89,0.26,9.78,0.44,0.11,0.07,0.01,-58.35,16.60,26.09,0,0,0,
5610,88,89,0.26,9.78,0.44,0.11,0.07,0.01,-57.19,14.48,24.33,0,0,0,
5616,89,88,0.17,9.74,0.64,-0.02,0.10,0.01,-56.59,14.86,24.88,0,0,0,
5622,90,89,0.11,9.64,0.87,-0.16,0.04,0.00,-58.08,15.65,26.37,0,0,0,
5628,90,89,0.11,9.64,0.87,-0.16,0.04,0.00,-57.63,14.95,24.80,0,0,0,
5639,91,91,0.20,9.48,0.85,-0.12,0.00,0.00,-57.42,14.66,25.49,0,0,0,
5646,91,91,0.20,9.48,0.85,-0.00,-0.00,0.00,-57.63,14.63,24.54,0,0,0,
5660,89,90,0.22,9.63,0.66,0.08,-0.01,0.00,-57.61,15.33,25.59,0,0,0,
5666,89,90,0.22,9.63,0.66,0.08,-0.01,0.00,-57.69,15.51,25.90,0,0,0,
5672,89,89,0.18,9.71,0.65,0.02,-0.01,0.00,-57.07,14.02,24.89,0,0,0,
5679,89,89,0.21,9.70,0.68,-0.06,-0.01,0.00,-58.39,15.27,25.59,0,0,0,
5684,89,89,0.21,9.70,0.68,-0.06,-0.01,0.00,-59.08,16.47,24.99,0,0,0,
5696,90,89,0.18,9.64,0.84,-0.09,-0.01,0.00,-57.22,14.31,24.58,0,0,0,
5702,90,89,0.18,9.64,0.84,-0.09,-0.01,0.00,-58.24,16.03,26.10,0,0,0,
5709,90,91,0.22,9.54,0.83,-0.03,-0.00,0.00,-57.23,14.37,24.57,0,0,0,
5715,90,90,0.18,9.57,0.82,0.03,-0.00,0.00,-57.28,14.53,24.71,0,0,0,
5721,90,90,0.18,9.57,0.82,0.03,-0.00,0.00,-57.82,15.27,26.45,0,0,0,
5727,90,90,0.20,9.62,0.84,0.07,-0.01,0.00,-57.25,14.95,25.24,0,0,0,
5734,90,90,0.22,9.57,0.72,0.11,-0.00,0.00,-56.45,13.12,25.27,0,0,0,
5745,89,89,0.17,9.73,0.69,0.08,-0.00,0.00,-57.78,14.28,24.61,0,0,0,
5751,89,89,0.22,9.70,0.58,0.01,-0.01,0.00,-56.96,14.48,23.91,0,0,0,
5757,89,89,0.22,9.70,0.58,0.01,-0.01,0.00,-57.40,15.57,25.01,0,0,0,
5763,89,89,0.19,9.69,0.60,-0.10,-0.02,0.00,-58.74,16.53,25.77,0,0,0,
5770,90,90,0.19,9.56,0.92,-0.13,-0.02,0.00,-57.50,15.24,24.50,0,0,0,
5775,90,90,0.19,9.56,0.92,-0.13,-0.02,0.00,-57.34,15.24,25.08,0,0,0,
5781,91,92,0.22,9.43,0.91,-0.03,-0.02,0.00,-57.18,15.39,24.82,0,0,0,
5787,90,90,0.22,9.61,0.86,-0.03,-0.02,0.00,-57.07,15.59,24.47,0,0,0,
5798,90,90,0.22,9.59,0.77,0.14,-0.02,0.00,-57.44,15.14,23.95,0,0,0,
5805,90,90,0.22,9.59,0.60,0.14,-0.02,0.00,-57.42,15.07,23.27,0,0,0,
5811,89,89,0.19,9.71,0.60,0.12,-0.02,0.00,-57.61,14.73,24.22,0,0,0,
5823,89,88,0.17,9.77,0.61,0.00,-0.02,0.00,-58.49,15.77,25.01,0,0,0,
5830,90,90,0.23,9.62,0.65,-0.10,-0.02,0.00,-57.03,15.20,23.87,0,0,0,
5836,91,91,0.18,9.47,1.02,-0.07,-0.02,0.00,-57.26,15.67,24.41,0,0,0,
5842,91,91,0.18,9.47,1.02,-0.07,-0.02,0.00,-57.82,17.33,25.11,0,0,0,
5854,90,90,0.20,9.62,0.72,0.20,-0.01,0.00,-56.85,14.51,23.90,0,0,0,
5860,90,90,0.20,9.62,0.72,0.20,-0.01,0.00,-57.91,15.54,24.19,0,0,0,
5867,88,88,0.19,9.81,0.55,0.15,-0.01,0.00,-57.47,15.43,24.58,0,0,0,
5872,89,89,0.22,9.72,0.50,0.00,-0.01,0.00,-56.40,13.68,23.18,0,0,0,
5878,89,89,0.22,9.72,0.50,0.00,-0.01,0.00,-57.23,15.26,24.38,0,0,0,
5884,90,89,0.18,9.67,0.70,-0.13,-0.01,0.00,-58.42,15.70,24.50,0,0,0,
5891,89,90,0.23,9.63,0.76,-0.14,-0.01,0.00,-57.32,14.89,23.15,0,0,0,
5903,90,90,0.21,9.58,0.76,-0.13,-0.00,0.00,-58.51,17.14,24.86,0,0,0,
5909,90,90,0.18,9.62,0.83,-0.11,-0.00,0.00,-57.34,14.85,23.69,0,0,0,
5915,90,90,0.18,9.62,0.83,-0.11,-0.00,0.00,-57.56,14.64,24.55,0,0,0,
5921,90,91,0.24,9.51,0.85,-0.06,0.00,0.00,-57.72,15.64,24.48,0,0,0,
5928,90,90,0.19,9.57,0.88,0.01,0.01,0.00,-57.37,14.40,23.98,0,0,0,
5934,90,90,0.19,9.57,0.88,0.01,0.01,0.00,-56.81,13.50,24.28,0,0,0,
5939,90,90,0.20,9.60,0.81,0.07,0.01,0.00,-58.20,15.49,24.06,0,0,0,
5946,91,90,0.18,9.53,0.76,0.10,-0.00,0.00,-57.40,15.46,22.89,0,0,0,
5957,90,89,0.19,9.65,0.82,0.14,-0.01,0.00,-57.59,15.59,24.17,0,0,0,
5964,90,90,0.23,9.60,0.70,0.17,-0.01,0.00,-58.39,16.35,24.03,0,0,0,
5969,90,90,0.23,9.60,0.70,0.17,-0.01,0.00,-57.26,15.49,23.50,0,0,0,
5982,89,89,0.21,9.69,0.72,0.16,-0.01,0.00,-57.95,15.76,24.92,0,0,0,
5990,89,89,0.21,9.69,0.72,0.16,-0.01,0.00,-57.28,15.42,24.77,0,0,0,
5996,90,90,0.20,9.61,0.60,0.13,-0.00,0.00,-57.40,15.78,25.23,0,0,0,
6002,89,89,0.17,9.73,0.63,0.07,-0.00,0.00,-57.98,16.00,25.53,0,0,0,
6014,89,90,0.23,9.66,0.59,0.02,-0.01,0.00,-57.15,14.25,24.14,0,0,0,
6021,90,89,0.19,9.65,0.64,-0.03,-0.01,0.00,-57.64,15.67,24.63,0,0,0,
6027,90,89,0.19,9.65,0.64,-0.03,-0.01,0.00,-57.41,15.07,24.57,0,0,0,
6032,89,89,0.20,9.66,0.72,-0.06,-0.01,0.00,-56.91,14.41,23.49,0,0,0,
6038,90,91,0.21,9.53,0.73,-0.04,-0.01,0.00,-57.76,15.13,24.42,0,0,0,
6045,90,91,0.21,9.53,0.73,-0.04,-0.01,0.00,-58.02,15.54,23.71,0,0,0,
6051,90,90,0.19,9.63,0.78,-0.00,-0.01,0.00,-57.19,14.09,23.17,0,0,0,
6057,90,90,0.22,9.60,0.73,0.04,-0.01,0.00,-57.53,15.29,24.82,0,0,0,
6068,90,90,0.20,9.60,0.67,0.06,-0.01,0.00,-57.18,15.02,24.95,0,0,0,
6074,89,89,0.18,9.69,0.68,0.04,-0.01,0.00,-57.63,15.58,24.96,0,0,0,
6081,89,89,0.18,9.69,0.68,0.04,-0.01,0.00,-58.46,16.38,24.64,0,0,0,
6087,90,90,0.22,9.58,0.65,0.03,-0.01,0.00,-57.88,14.97,23.90,0,0,0,
6093,89,89,0.19,9.69,0.68,0.02,-0.01,0.00,-55.92,13.83,24.13,0,0,0,
6099,89,89,0.19,9.69,0.68,0.02,-0.01,0.00,-57.66,15.96,25.01,0,0,0,
6106,90,90,0.21,9.63,0.67,0.01,-0.01,0.00,-57.70,15.01,24.03,0,0,0,
6118,90,90,0.20,9.61,0.68,0.01,-0.01,0.00,-58.42,15.77,25.07,0,0,0,
6124,89,89,0.19,9.70,0.70,-0.00,-0.01,0.00,-58.90,16.69,25.86,0,0,0,
6130,90,90,0.22,9.60,0.62,-0.00,-0.00,0.00,-57.56,14.57,24.36,0,0,0,
6136,90,90,0.22,9.60,0.62,-0.02,-0.00,0.00,-57.64,15.01,24.63,0,0,0,
6150,88,89,0.22,9.77,0.52,-0.20,-0.01,0.00,-57.66,14.88,24.60,0,0,0,
6155,88,89,0.22,9.77,0.52,-0.20,-0.01,0.00,-57.19,14.85,25.94,0,0,0,
6161,90,90,0.20,9.59,0.67,-0.32,-0.00,0.00,-58.17,16.71,26.07,0,0,0,
6173,90,90,0.18,9.56,0.95,-0.30,-0.00,0.00,-56.34,14.25,23.27,0,0,0,
6180,91,92,0.22,9.43,0.95,-0.16,-0.00,0.00,-57.94,16.08,24.07,0,0,0,
6186,91,91,0.18,9.51,0.96,-0.03,-0.01,0.00,-57.64,15.49,24.92,0,0,0,
6192,91,91,0.18,9.51,0.96,-0.03,-0.01,0.00,-57.12,14.09,24.25,0,0,0,
6198,90,90,0.20,9.57,0.92,0.10,-0.01,0.00,-57.78,15.13,24.79,0,0,0,
6204,91,91,0.20,9.51,0.82,0.19,-0.01,0.00,-58.78,12.22,24.55,0,0,0,
6210,91,91,0.20,9.51,0.82,0.19,-0.01,0.00,-58.23,14.56,24.28,0,0,0,
6216,90,89,0.19,9.65,0.83,0.24,-0.01,0.00,-57.83,14.56,24.69,0,0,0,
6227,90,90,0.23,9.62,0.66,0.27,-0.01,0.00,-57.79,15.17,24.41,0,0,0,
6234,89,89,0.17,9.70,0.57,0.21,-0.00,0.00,-56.90,14.09,24.10,0,0,0,
6240,89,88,0.17,9.76,0.58,0.21,-0.00,0.00,-58.16,15.74,24.58,0,0,0,
6246,88,89,0.21,9.76,0.58,0.11,-0.01,0.00,-58.11,16.05,24.71,0,0,0,
6252,90,90,0.20,9.63,0.59,0.03,-0.01,0.00,-57.66,14.22,23.34,0,0,0,
6258,90,90,0.20,9.63,0.90,0.03,-0.01,0.00,-58.08,15.29,24.09,0,0,0,
6264,89,89,0.19,9.68,0.70,-0.02,-0.01,0.00,-58.80,16.24,24.73,0,0,0,
6276,90,90,0.22,9.58,0.71,-0.01,-0.01,0.00,-58.30,15.16,24.04,0,0,0,
6282,90,90,0.19,9.58,0.73,0.02,-0.01,0.00,-59.31,16.46,25.37,0,0,0,
6288,89,90,0.21,9.65,0.74,0.06,-0.01,0.00,-57.66,14.47,24.07,0,0,0,
6295,89,90,0.21,9.65,0.74,0.06,-0.01,0.00,-57.28,14.32,23.93,0,0,0,
6300,90,90,0.21,9.60,0.64,0.07,-0.01,0.00,-58.18,15.62,25.12,0,0,0,
6313,89,89,0.18,9.71,0.64,0.03,-0.01,0.00,-57.07,13.96,25.56,0,0,0,
6319,89,90,0.22,9.66,0.61,-0.01,-0.01,0.00,-57.98,15.67,25.71,0,0,0,
6326,90,90,0.19,9.63,0.65,-0.05,-0.01,0.00,-58.21,15.29,24.45,0,0,0,
6337,89,89,0.20,9.67,0.74,-0.07,-0.01,0.00,-57.78,15.49,24.61,0,0,0,
6344,90,90,0.20,9.54,0.71,-0.04,-0.01,0.00,-58.40,16.24,24.50,0,0,0,
6350,90,90,0.20,9.54,0.71,-0.04,-0.01,0.00,-57.50,15.07,24.45,0,0,0,
6356,90,89,0.18,9.64,0.75,-0.01,-0.02,0.00,-57.80,14.86,24.77,0,0,0,
6363,90,90,0.23,9.62,0.70,0.01,-0.02,0.00,-58.83,16.85,25.31,0,0,0,
6369,90,90,0.23,9.62,0.70,0.01,-0.02,0.00,-57.98,14.89,24.25,0,0,0,
6374,90,90,0.20,9.62,0.67,0.00,-0.02,0.00,-57.22,13.86,24.67,0,0,0,
6386,89,89,0.20,9.68,0.73,-0.01,-0.01,0.00,-58.30,14.94,24.55,0,0,0,
6393,90,91,0.22,9.55,0.71,-0.01,-0.01,0.00,-57.42,13.36,23.34,0,0,0,
6399,90,90,0.18,9.62,0.77,0.02,-0.01,0.00,-58.13,15.16,24.39,0,0,0,
6405,90,90,0.18,9.62,0.77,0.02,-0.01,0.00,-58.70,16.11,24.69,0,0,0,
6411,90,90,0.21,9.62,0.73,0.05,-0.01,0.00,-57.32,14.67,24.12,0,0,0,
6417,90,90,0.20,9.60,0.66,0.06,-0.01,0.00,-57.88,14.94,24.35,0,0,0,
6423,90,90,0.20,9.60,0.66,0.06,-0.01,0.00,-59.32,16.71,24.90,0,0,0,
6435,90,90,0.22,9.61,0.63,0.04,-0.01,0.00,-57.73,14.94,24.03,0,0,0,
6441,90,90,0.22,9.61,0.63,0.01,-0.01,0.00,-58.20,15.77,24.89,0,0,0,
6447,90,89,0.18,9.65,0.69,-0.01,-0.01,0.00,-58.37,15.68,24.04,0,0,0,
6454,90,90,0.21,9.63,0.73,-0.01,-0.01,0.00,-57.26,14.35,24.03,0,0,0,
6459,90,90,0.21,9.63,0.73,-0.01,-0.01,0.00,-58.11,15.61,24.90,0,0,0,
6472,90,89,0.18,9.67,0.75,0.02,-0.00,0.00,-57.54,14.07,24.03,0,0,0,
6480,90,89,0.18,9.67,0.75,0.02,-0.00,0.00,-57.69,15.67,24.92,0,0,0,
6486,90,90,0.22,9.57,0.68,0.05,-0.00,0.00,-58.04,15.24,24.90,0,0,0,
6497,90,89,0.19,9.65,0.67,0.05,-0.00,0.00,-58.16,14.81,24.54,0,0,0,
6503,89,89,0.21,9.68,0.68,0.04,-0.01,0.00,-59.00,16.73,25.26,0,0,0,
6509,90,90,0.21,9.58,0.63,0.03,-0.01,0.00,-58.32,14.24,24.64,0,0,0,
6516,90,90,0.21,9.58,0.63,0.03,-0.01,0.00,-57.83,14.86,25.59,0,0,0,
6522,89,89,0.19,9.70,0.69,0.00,-0.01,0.00,-58.81,16.03,26.21,0,0,0,
6528,90,90,0.23,9.58,0.66,-0.01,-0.01,0.00,-58.11,14.69,24.41,0,0,0,
6534,90,90,0.23,9.58,0.66,-0.01,-0.01,0.00,-57.15,13.99,24.86,0,0,0,
6545,90,89,0.20,9.65,0.71,-0.01,-0.01,0.00,-57.80,15.40,25.14,0,0,0,
6553,90,89,0.20,9.65,0.71,0.00,-0.01,0.00,-57.37,13.55,24.74,0,0,0,
6558,90,90,0.21,9.56,0.65,0.02,-0.01,0.00,-58.45,15.14,25.96,0,0,0,
6564,90,89,0.16,9.68,0.70,0.01,-0.01,0.00,-58.99,14.94,25.75,0,0,0,
6571,90,89,0.16,9.68,0.70,0.01,-0.01,0.00,-58.27,13.94,25.14,0,0,0,
6577,90,90,0.23,9.62,0.65,0.00,-0.01,0.00,-57.64,15.23,25.10,0,0,0,
6583,90,90,0.20,9.62,0.66,-0.01,-0.01,0.00,-58.89,16.52,25.11,0,0,0,
6594,89,89,0.20,9.68,0.71,-0.02,-0.01,0.00,-56.87,15.42,25.33,0,0,0,
6600,89,89,0.20,9.68,0.69,-0.02,-0.01,0.00,-58.27,15.14,26.09,0,0,0,
6607,90,91,0.22,9.55,0.69,-0.01,-0.01,0.00,-57.83,15.38,25.55,0,0,0,
6613,90,89,0.17,9.65,0.72,0.00,-0.01,0.00,-57.22,14.13,25.84,0,0,0,
6619,90,89,0.17,9.65,0.72,0.00,-0.01,0.00,-58.10,15.02,26.16,0,0,0,
6624,90,90,0.22,9.63,0.67,0.01,-0.01,0.00,-58.55,18.65,25.55,0,0,0,
6638,89,89,0.19,9.71,0.67,-0.05,-0.01,0.00,-57.79,14.75,25.91,0,0,0,
6652,90,90,0.22,9.60,0.65,-0.08,-0.01,0.00,-57.23,14.07,25.07,0,0,0,
6664,90,89,0.18,9.66,0.72,-0.10,-0.01,0.00,-58.30,15.74,26.45,0,0,0,
6670,90,90,0.21,9.62,0.73,-0.09,-0.01,0.00,-57.42,14.48,24.54,0,0,0,
6676,90,90,0.20,9.58,0.70,-0.09,-0.01,0.00,-57.42,14.97,25.74,0,0,0,
6682,90,90,0.20,9.58,0.70,-0.09,-0.01,0.00,-58.86,16.40,26.50,0,0,0,
6688,90,90,0.19,9.63,0.79,-0.08,-0.01,0.00,-57.59,14.54,25.21,0,0,0,
6694,90,91,0.21,9.54,0.78,-0.08,-0.02,0.00,-57.19,13.34,26.15,0,0,0,
6700,90,91,0.21,9.54,0.78,-0.04,-0.02,0.00,-57.83,14.85,25.83,0,0,0,
6711,90,89,0.19,9.66,0.73,-0.02,-0.01,0.00,-57.47,13.91,24.58,0,0,0,
6718,89,90,0.22,9.65,0.73,-0.03,-0.01,0.00,-57.75,14.66,25.50,0,0,0,
6724,90,90,0.20,9.57,0.72,-0.05,-0.01,0.00,-58.64,14.89,24.90,0,0,0,
6729,90,90,0.20,9.57,0.72,-0.05,-0.01,0.00,-57.44,14.57,25.07,0,0,0,
6736,89,89,0.20,9.67,0.80,-0.05,-0.01,0.00,-57.66,14.85,29.49,0,0,0,
6742,90,90,0.22,9.60,0.71,-0.05,-0.01,0.00,-58.89,16.40,26.19,0,0,0,
6748,90,90,0.22,9.60,0.71,-0.05,-0.01,0.00,-58.16,14.78,24.76,0,0,0,
6760,89,89,0.21,9.68,0.74,-0.14,-0.01,0.00,-57.99,14.69,25.90,0,0,0,
6767,89,89,0.21,9.68,0.74,-0.14,-0.01,0.00,-57.83,14.15,24.82,0,0,0,
6773,90,90,0.20,9.55,0.77,-0.17,-0.01,0.00,-57.04,13.29,24.79,0,0,0,
6779,90,90,0.17,9.62,0.92,-0.15,-0.01,0.00,-58.45,14.60,25.59,0,0,0,
6784,90,90,0.17,9.62,0.92,-0.15,-0.01,0.00,-58.14,15.20,24.77,0,0,0,
6791,90,91,0.24,9.56,0.85,-0.09,-0.01,0.00,-57.12,13.62,24.31,0,0,0,
6797,90,89,0.17,9.67,0.74,-0.10,-0.01,0.00,-57.78,15.48,25.68,0,0,0,
6810,89,89,0.20,9.70,0.78,-0.16,-0.01,0.00,-57.38,13.81,24.51,0,0,0,
6822,90,90,0.22,9.58,0.78,-0.21,-0.01,0.00,-57.64,15.65,26.15,0,0,0,
6828,90,89,0.19,9.66,0.91,-0.24,-0.02,-0.00,-57.29,14.19,24.99,0,0,0,
6835,91,91,0.21,9.52,0.96,-0.22,-0.01,0.00,-57.03,14.83,24.89,0,0,0,
6841,91,91,0.21,9.52,0.96,-0.22,-0.01,0.00,-57.89,15.33,25.77,0,0,0,
6847,91,91,0.19,9.49,1.04,-0.15,-0.01,0.00,-57.89,13.99,25.34,0,0,0,
6853,90,90,0.20,9.57,1.06,-0.05,-0.01,0.00,-56.77,13.68,25.24,0,0,0,
6859,90,90,0.20,9.57,0.99,-0.05,-0.01,0.00,-57.67,14.76,25.14,0,0,0,
6871,90,90,0.17,9.58,1.00,0.08,-0.01,0.00,-57.67,14.10,24.55,0,0,0,
6877,90,90,0.17,9.58,1.00,0.08,-0.01,0.00,-57.75,14.26,24.71,0,0,0,
6882,90,90,0.21,9.59,0.90,0.13,-0.01,0.00,-58.32,15.46,25.42,0,0,0,
6889,90,90,0.20,9.62,0.87,0.14,-0.01,0.00,-57.41,14.53,23.60,0,0,0,
6895,90,90,0.20,9.62,0.87,0.14,-0.01,0.00,-57.98,13.90,24.69,0,0,0,
6901,89,89,0.19,9.72,0.85,0.10,-0.01,0.00,-57.88,15.38,25.61,0,0,0,
6907,90,90,0.22,9.61,0.77,0.05,-0.01,0.00,-57.82,14.59,25.02,0,0,0,
6918,90,89,0.18,9.67,0.85,-0.02,-0.01,0.00,-57.97,15.13,25.07,0,0,0,
6925,90,90,0.21,9.59,0.90,-0.04,-0.01,0.00,-57.92,14.41,25.27,0,0,0,
6931,90,90,0.21,9.59,0.90,-0.04,-0.01,0.00,-56.85,13.77,24.86,0,0,0,
6937,90,90,0.21,9.56,0.90,-0.02,-0.01,0.00,-57.73,14.57,24.74,0,0,0,
6943,90,90,0.19,9.63,0.99,-0.02,-0.01,0.00,-58.24,15.32,24.45,0,0,0,
6950,90,90,0.19,9.63,0.99,-0.00,-0.01,0.00,-57.07,13.94,24.23,0,0,0,
6963,90,90,0.18,9.57,0.96,0.12,-0.01,0.00,-57.75,15.86,25.56,0,0,0,
6969,90,90,0.18,9.57,0.96,0.12,-0.01,0.00,-57.22,15.11,24.01,0,0,0,
6980,90,90,0.21,9.60,0.80,0.18,-0.01,0.00,-58.04,15.29,25.55,0,0,0,
6987,90,90,0.21,9.60,0.80,0.20,-0.01,0.00,-57.70,15.46,24.09,0,0,0,
6993,89,89,0.18,9.72,0.80,0.16,-0.01,0.00,-56.08,13.29,24.29,0,0,0,
6999,90,90,0.22,9.59,0.74,0.16,-0.01,0.00,-57.16,14.70,26.00,0,0,0,
7005,90,90,0.22,9.59,0.74,0.12,-0.01,0.00,-58.04,14.79,24.57,0,0,0,
7011,90,89,0.18,9.65,0.79,0.07,-0.01,0.00,-57.19,13.40,24.26,0,0,0,
7018,90,90,0.20,9.63,0.83,0.06,-0.01,0.00,-57.67,14.75,24.70,0,0,0,
7029,90,90,0.20,9.55,0.81,0.07,-0.01,0.00,-57.28,14.02,25.15,0,0,0,
7035,90,90,0.20,9.55,0.81,0.07,-0.01,0.00,-57.66,14.40,25.10,0,0,0,
7041,90,90,0.18,9.63,0.89,0.09,-0.01,0.00,-57.60,15.30,25.97,0,0,0,
7047,90,91,0.23,9.53,0.83,0.15,-0.01,0.00,-57.98,14.89,26.02,0,0,0,
7053,90,91,0.23,9.53,0.83,0.15,-0.01,0.00,-56.85,13.86,25.18,0,0,0,
7059,90,90,0.18,9.60,0.80,0.18,-0.01,0.00,-57.76,14.40,25.75,0,0,0,
7065,89,89,0.20,9.67,0.76,0.19,-0.01,0.00,-58.04,15.45,24.57,0,0,0,
7071,89,89,0.20,9.67,0.76,0.19,-0.01,0.00,-57.37,13.50,24.41,0,0,0,
7082,89,88,0.18,9.76,0.66,0.10,-0.01,0.00,-57.95,15.43,25.88,0,0,0,
7088,89,88,0.18,9.76,0.66,0.10,-0.01,0.00,-57.89,14.72,24.64,0,0,0,
7094,89,90,0.23,9.64,0.64,0.02,-0.00,0.00,-56.97,14.53,25.48,0,0,0,
7101,90,89,0.18,9.64,0.69,-0.03,-0.01,0.00,-58.17,15.00,25.99,0,0,0,
7107,90,89,0.18,9.64,0.69,-0.03,-0.01,0.00,-57.88,14.53,24.99,0,0,0,
7113,89,89,0.20,9.66,0.76,-0.06,-0.00,0.00,-56.87,13.29,24.66,0,0,0,
7126,91,91,0.22,9.52,0.78,-0.03,-0.00,0.00,-58.04,14.09,25.39,0,0,0,
7137,90,90,0.22,9.58,0.77,0.01,-0.01,0.00,-58.13,15.01,25.77,0,0,0,
7144,90,90,0.22,9.58,0.77,0.06,-0.01,0.00,-58.61,15.83,26.13,0,0,0,
7150,90,90,0.19,9.62,0.71,0.07,-0.01,0.00,-57.61,14.18,24.79,0,0,0,
7156,89,89,0.20,9.68,0.72,0.07,-0.01,0.00,-57.75,15.11,25.62,0,0,0,
7162,89,89,0.20,9.68,0.72,0.05,-0.00,0.00,-58.45,16.31,26.13,0,0,0,
7169,90,91,0.22,9.56,0.69,0.03,-0.01,0.00,-57.78,14.38,25.56,0,0,0,
7175,89,89,0.19,9.69,0.73,0.03,-0.00,0.00,-57.40,14.07,25.15,0,0,0,
7186,90,90,0.22,9.61,0.69,0.01,-0.00,0.00,-58.37,14.85,25.72,0,0,0,
7192,90,90,0.22,9.61,0.69,0.01,-0.00,0.00,-57.28,13.33,24.98,0,0,0,
7199,90,90,0.18,9.60,0.71,-0.00,-0.01,0.00,-57.88,15.04,26.22,0,0,0,
7205,89,89,0.20,9.68,0.74,0.00,-0.01,0.00,-57.92,14.78,25.55,0,0,0,
7211,89,89,0.20,9.68,0.69,0.00,-0.01,0.00,-57.83,13.75,24.64,0,0,0,
7217,90,91,0.23,9.57,0.69,0.00,-0.01,0.00,-57.98,14.18,26.37,0,0,0,
7223,89,89,0.18,9.68,0.73,-0.01,-0.01,0.00,-59.18,15.84,25.50,0,0,0,
7230,90,90,0.18,9.63,0.72,-0.01,-0.01,0.00,-57.79,14.48,25.52,0,0,0,
7241,90,90,0.21,9.58,0.73,-0.01,-0.01,0.00,-58.70,15.68,26.48,0,0,0,
7247,90,90,0.21,9.58,0.73,-0.01,-0.01,0.00,-58.14,14.62,25.84,0,0,0,
7253,90,89,0.18,9.65,0.78,0.00,-0.01,0.00,-57.19,13.55,25.36,0,0,0,
7259,91,91,0.22,9.52,0.76,0.04,-0.01,0.00,-58.11,15.00,25.53,0,0,0,
7265,91,91,0.22,9.52,0.76,0.04,-0.01,0.00,-57.95,15.01,26.50,0,0,0,
7271,90,90,0.20,9.64,0.78,0.07,-0.01,0.00,-57.15,14.47,25.71,0,0,0,
7284,89,90,0.20,9.65,0.69,0.08,-0.00,0.00,-58.96,15.36,25.91,0,0,0,
7297,89,89,0.18,9.72,0.67,0.00,-0.01,0.00,-58.08,15.36,26.22,0,0,0,
7304,90,90,0.22,9.59,0.68,0.00,-0.01,0.00,-59.11,16.05,25.27,0,0,0,
7310,90,90,0.22,9.59,0.68,-0.03,-0.01,0.00,-57.67,14.56,25.45,0,0,0,
7315,90,90,0.18,9.63,0.73,-0.04,-0.01,0.00,-58.33,14.78,25.55,0,0,0,
7322,90,89,0.18,9.66,0.72,-0.04,-0.01,0.00,-58.39,15.65,26.54,0,0,0,
7328,89,89,0.20,9.66,0.72,-0.05,-0.01,0.00,-58.07,14.28,25.96,0,0,0,
7334,90,90,0.21,9.59,0.69,-0.05,-0.01,0.00,-57.19,14.38,25.93,0,0,0,
7340,90,90,0.21,9.59,0.69,-0.05,-0.01,0.00,-58.18,14.81,26.03,0,0,0,
7351,91,91,0.21,9.53,0.78,0.01,-0.01,0.00,-57.12,13.58,25.12,0,0,0,
7358,91,91,0.21,9.53,0.78,0.01,-0.01,0.00,-57.83,14.69,26.25,0,0,0,
7364,90,90,0.20,9.60,0.73,0.04,-0.01,0.00,-58.37,16.16,25.29,0,0,0,
7370,89,89,0.20,9.68,0.72,0.03,-0.01,0.00,-57.63,14.64,24.79,0,0,0,
7376,89,89,0.20,9.68,0.72,0.03,-0.01,0.00,-57.76,15.05,25.07,0,0,0,
7383,90,90,0.22,9.61,0.65,0.01,-0.01,0.00,-58.27,15.73,26.02,0,0,0,
7389,89,89,0.18,9.74,0.68,-0.05,-0.01,0.00,-57.83,14.64,25.18,0,0,0,
7400,91,91,0.22,9.49,0.83,-0.06,-0.01,0.00,-57.91,15.40,27.08,0,0,0,
7406,91,90,0.19,9.54,0.82,0.03,-0.01,0.00,-57.89,14.98,26.88,0,0,0,
7413,91,90,0.19,9.54,0.82,0.03,-0.01,0.00,-56.87,14.70,26.09,0,0,0,
7419,89,89,0.19,9.70,0.72,0.07,-0.02,0.00,-57.72,15.90,26.32,0,0,0,
7425,90,90,0.22,9.62,0.60,0.03,-0.02,0.00,-57.85,14.85,24.82,0,0,0,
7431,90,90,0.22,9.62,0.60,0.03,-0.02,0.00,-57.47,14.63,25.23,0,0,0,
7437,89,88,0.18,9.75,0.64,-0.06,-0.02,0.00,-58.24,15.02,26.76,0,0,0,
7456,90,90,0.20,9.65,0.69,-0.14,-0.01,0.00,-57.85,14.57,25.88,0,0,0,
7462,89,89,0.17,9.73,0.68,-0.20,-0.00,0.00,-58.35,16.33,26.79,0,0,0,
7468,89,89,0.17,9.73,0.68,-0.20,-0.00,0.00,-57.26,14.73,25.24,0,0,0,
7474,90,91,0.22,9.56,0.74,-0.25,-0.00,0.00,-56.52,14.10,25.93,0,0,0,
7481,91,93,0.32,9.38,0.85,-0.19,0.03,0.01,-57.69,16.25,25.46,0,0,0,
7486,91,93,0.32,9.38,0.85,-0.19,0.03,0.01,-57.06,14.34,26.12,0,0,0,
7492,90,91,0.24,9.57,0.90,0.12,0.16,0.02,-56.97,13.75,25.42,0,0,0,
7498,89,87,0.08,9.80,0.81,0.12,0.16,0.02,-57.83,17.99,26.45,0,0,0,
7509,88,88,0.17,9.83,0.72,-0.20,0.01,0.00,-57.23,14.22,25.83,0,0,0,
7516,88,88,0.17,9.83,0.72,-0.20,0.01,0.00,-57.32,14.37,25.23,0,0,0,
7522,89,90,0.23,9.65,0.68,-0.35,-0.01,-0.00,-58.97,15.68,25.97,0,0,0,
7527,90,90,0.19,9.63,0.89,-0.43,-0.01,-0.00,-57.63,14.10,25.55,0,0,0,
7534,90,90,0.19,9.63,0.89,-0.43,-0.01,-0.00,-57.67,13.49,25.42,0,0,0,
7540,91,91,0.20,9.45,1.13,-0.39,-0.01,-0.00,-58.62,15.20,26.05,0,0,0,
7546,93,93,0.23,9.27,1.10,-0.16,0.01,0.00,-57.59,14.31,24.76,0,0,0,
7557,90,90,0.20,9.58,1.10,0.11,0.08,0.01,-57.97,14.59,25.71,0,0,0,
7563,91,90,0.16,9.52,1.09,0.16,0.02,0.01,-58.30,14.54,25.71,0,0,0,
7570,91,90,0.16,9.52,1.09,0.16,0.02,0.01,-57.26,13.48,24.12,0,0,0,
7576,89,89,0.20,9.66,0.90,0.16,-0.02,0.00,-58.16,14.64,25.61,0,0,0,
7582,90,89,0.17,9.64,0.82,0.14,-0.01,0.00,-58.67,15.54,25.68,0,0,0,
7588,90,89,0.17,9.64,0.82,0.14,-0.01,0.00,-57.03,14.69,25.17,0,0,0,
7595,90,91,0.24,9.57,0.80,0.14,0.00,0.00,-57.22,14.89,25.53,0,0,0,
7613,89,89,0.20,9.68,0.67,-0.03,-0.01,0.00,-57.41,14.60,25.45,0,0,0,
7620,90,91,0.23,9.54,0.83,-0.10,-0.01,0.00,-58.24,15.62,25.34,0,0,0,
7626,90,91,0.23,9.54,0.83,-0.10,-0.01,0.00,-58.11,14.91,24.32,0,0,0,
7632,90,90,0.22,9.57,0.92,0.02,0.07,0.01,-56.68,13.56,24.70,0,0,0,
7638,90,91,0.22,9.54,0.98,0.12,0.11,0.01,-58.32,14.88,24.99,0,0,0,
7644,90,91,0.22,9.54,0.98,0.12,0.11,0.01,-58.02,14.91,24.13,0,0,0,
7650,90,89,0.14,9.61,1.14,0.07,0.03,0.01,-57.34,14.05,23.46,0,0,0,
7657,91,92,0.24,9.45,1.05,0.14,-0.01,0.00,-58.54,15.62,25.10,0,0,0,
7668,91,91,0.18,9.51,0.94,0.26,-0.00,0.00,-57.98,15.11,24.39,0,0,0,
7675,90,90,0.20,9.63,0.89,0.35,-0.01,0.01,-57.29,15.24,25.43,0,0,0,
7680,90,90,0.20,9.63,0.89,0.35,-0.01,0.01,-58.20,16.15,26.09,0,0,0,
7686,90,90,0.22,9.64,0.63,0.36,-0.01,0.00,-57.44,15.40,25.08,0,0,0,
7693,88,88,0.18,9.84,0.56,0.23,-0.01,0.00,-56.83,14.24,24.86,0,0,0,
7699,88,88,0.18,9.84,0.56,0.23,-0.01,0.00,-58.32,15.77,25.15,0,0,0,
7705,88,88,0.22,9.79,0.47,0.04,-0.00,0.00,-57.99,15.26,24.55,0,0,0,
7716,89,89,0.20,9.70,0.62,-0.14,-0.01,0.00,-57.82,14.79,25.55,0,0,0,
7723,90,90,0.20,9.61,0.88,-0.21,-0.00,0.00,-58.70,15.49,26.38,0,0,0,
7729,91,92,0.23,9.45,0.89,-0.21,-0.00,0.00,-57.76,13.86,24.67,0,0,0,
7735,91,92,0.23,9.45,0.89,-0.12,-0.00,0.00,-58.02,14.64,25.02,0,0,0,
7741,90,90,0.17,9.59,0.89,-0.04,-0.00,0.00,-58.49,15.93,26.53,0,0,0,
7748,90,90,0.22,9.63,0.76,-0.04,-0.00,0.00,-57.73,14.75,25.52,0,0,0,
7754,90,90,0.22,9.63,0.76,0.01,-0.01,0.00,-56.64,13.84,25.12,0,0,0,
7760,89,89,0.20,9.68,0.66,-0.04,-0.01,0.00,-57.56,15.42,25.55,0,0,0,
7779,91,91,0.22,9.51,0.86,-0.16,-0.01,0.00,-58.26,14.64,25.18,0,0,0,
7785,91,90,0.17,9.54,0.98,-0.16,-0.00,0.00,-57.95,15.14,25.84,0,0,0,
7792,91,90,0.17,9.54,0.98,-0.11,-0.00,0.00,-56.94,13.55,25.02,0,0,0,
7798,91,91,0.20,9.51,0.97,-0.01,-0.01,0.00,-58.07,15.29,26.44,0,0,0,
7804,91,91,0.20,9.52,0.88,0.08,-0.01,0.00,-58.61,14.98,25.65,0,0,0,
7809,91,91,0.20,9.52,0.88,0.08,-0.01,0.00,-57.79,14.48,24.77,0,0,0,
7816,90,90,0.19,9.58,0.98,0.14,-0.01,0.00,-57.86,14.75,25.15,0,0,0,
7828,92,93,0.23,9.32,1.10,0.28,-0.00,0.00,-57.31,14.94,25.84,0,0,0,
7834,91,91,0.19,9.52,0.96,0.51,-0.00,0.00,-57.47,14.78,25.50,0,0,0,
7840,88,88,0.19,9.80,0.51,0.51,-0.00,0.00,-58.40,15.17,26.00,0,0,0,
7847,88,88,0.21,9.80,0.51,0.55,0.00,0.01,-57.78,15.13,25.93,0,0,0,
7853,88,88,0.21,9.84,0.28,0.35,0.00,0.00,-56.62,14.70,25.37,0,0,0,
7859,87,87,0.17,9.94,0.34,0.35,0.00,0.00,-58.13,14.72,26.09,0,0,0,
7865,87,87,0.17,9.94,0.34,0.05,-0.00,0.00,-59.03,15.00,25.39,0,0,0,
7876,89,89,0.22,9.69,0.50,-0.17,-0.00,0.00,-57.76,14.40,25.59,0,0,0,
7883,90,90,0.17,9.58,0.78,-0.25,-0.01,0.00,-59.15,16.31,22.93,0,0,0,
7888,91,91,0.20,9.48,0.95,-0.16,-0.01,0.00,-57.47,14.21,25.20,0,0,0,
7894,91,91,0.20,9.48,0.95,-0.16,-0.01,0.00,-57.76,13.77,25.86,0,0,0,
7900,91,92,0.22,9.41,0.90,0.01,-0.01,0.00,-58.77,15.49,25.83,0,0,0,
7907,90,90,0.18,9.63,0.83,0.14,-0.01,0.00,-57.92,14.28,25.14,0,0,0,
7913,90,90,0.18,9.63,0.83,0.14,-0.01,0.00,-56.28,13.11,25.87,0,0,0,
7918,89,90,0.22,9.64,0.63,0.17,-0.01,0.00,-58.08,15.00,26.51,0,0,0,
7937,89,89,0.21,9.74,0.60,-0.01,-0.00,0.00,-58.71,14.86,26.06,0,0,0,
7944,90,91,0.23,9.55,0.67,-0.07,-0.00,0.00,-58.52,14.92,25.11,0,0,0,
7950,90,91,0.23,9.55,0.67,-0.07,-0.00,0.00,-57.56,14.34,24.96,0,0,0,
7956,90,90,0.17,9.60,0.83,-0.05,-0.00,0.00,-57.69,14.62,25.78,0,0,0,
7962,91,91,0.22,9.49,0.83,0.04,-0.00,0.00,-58.46,16.09,26.64,0,0,0,
7968,91,91,0.22,9.49,0.83,0.04,-0.00,0.00,-57.41,18.15,24.93,0,0,0,
7974,90,90,0.19,9.57,0.73,0.13,-0.00,0.00,-57.75,14.70,25.80,0,0,0,
7985,89,89,0.20,9.72,0.65,0.15,-0.00,0.00,-57.79,15.23,26.47,0,0,0,
7991,90,90,0.22,9.62,0.56,0.09,-0.00,0.00,-57.22,13.97,25.33,0,0,0,
7997,89,89,0.22,9.73,0.61,0.09,-0.00,0.00,-58.01,15.30,27.21,0,0,0,
8004,89,89,0.18,9.73,0.61,0.02,-0.00,0.00,-58.21,15.38,26.03,0,0,0,
8010,90,90,0.22,9.63,0.63,-0.03,-0.00,0.00,-58.16,13.90,25.58,0,0,0,
8016,90,90,0.20,9.57,0.69,-0.03,-0.00,0.00,-58.40,15.14,26.16,0,0,0,
8022,90,90,0.20,9.57,0.69,-0.04,-0.00,0.00,-59.43,15.59,25.88,0,0,0,
8029,90,89,0.18,9.65,0.74,-0.01,-0.01,0.00,-58.29,14.50,25.88,0,0,0,
8040,90,91,0.22,9.53,0.68,0.03,-0.00,0.00,-58.54,15.62,26.57,0,0,0,
8046,90,89,0.18,9.66,0.69,0.04,-0.01,0.00,-57.91,14.54,26.02,0,0,0,
8052,90,89,0.18,9.66,0.69,0.04,-0.01,0.00,-57.04,13.46,25.65,0,0,0,
8059,89,90,0.22,9.64,0.65,0.04,-0.00,0.00,-57.97,15.14,27.05,0,0,0,
8065,90,90,0.20,9.60,0.62,0.02,-0.01,0.00,-58.40,15.13,25.75,0,0,0,
8071,90,90,0.20,9.60,0.62,0.02,-0.01,0.00,-57.23,13.64,25.08,0,0,0,
8077,89,89,0.19,9.70,0.69,-0.01,-0.01,0.00,-58.45,14.94,25.83,0,0,0,
8095,90,90,0.18,9.63,0.70,0.01,-0.01,0.00,-57.53,14.13,25.61,0,0,0,
8102,89,90,0.22,9.63,0.71,0.03,-0.01,0.00,-58.40,15.76,26.47,0,0,0,
8108,90,90,0.22,9.57,0.66,0.03,-0.01,0.00,-57.72,14.86,26.63,0,0,0,
8114,90,90,0.21,9.57,0.66,0.04,-0.01,0.00,-57.73,15.20,25.87,0,0,0,
8120,89,89,0.19,9.69,0.67,0.04,-0.01,0.00,-58.20,15.49,26.03,0,0,0,
8127,90,90,0.23,9.60,0.60,0.04,-0.01,0.00,-57.70,14.67,25.80,0,0,0,
8133,90,90,0.23,9.60,0.60,0.03,-0.01,0.00,-56.99,14.45,24.88,0,0,0,
8144,89,89,0.19,9.66,0.64,0.00,-0.01,0.00,-58.55,15.08,26.34,0,0,0,
8150,89,90,0.22,9.67,0.67,-0.01,-0.01,0.00,-57.76,14.19,24.69,0,0,0,
8157,90,90,0.21,9.55,0.64,-0.01,-0.01,0.00,-57.98,15.64,26.12,0,0,0,
8163,90,90,0.21,9.55,0.64,-0.01,-0.01,0.00,-58.64,15.33,25.81,0,0,0,
8169,90,89,0.18,9.67,0.70,-0.01,-0.01,0.00,-57.51,14.94,25.67,0,0,0,
8175,90,90,0.23,9.57,0.68,0.01,-0.01,0.00,-57.47,14.98,26.50,0,0,0,
8181,90,90,0.23,9.57,0.68,0.01,-0.01,0.00,-58.62,16.41,26.59,0,0,0,
8187,90,90,0.19,9.63,0.67,0.03,-0.01,0.00,-57.72,14.88,25.56,0,0,0,
8199,89,89,0.20,9.66,0.68,0.03,-0.01,0.00,-57.85,14.95,25.86,0,0,0,
8205,90,90,0.21,9.57,0.63,0.02,-0.01,0.00,-57.70,15.07,24.83,0,0,0,
8211,89,89,0.17,9.70,0.66,0.01,-0.01,0.00,-57.75,13.78,25.21,0,0,0,
8218,89,89,0.17,9.70,0.66,0.01,-0.01,0.00,-58.08,15.04,25.23,0,0,0,
8224,90,90,0.23,9.62,0.63,0.00,-0.01,0.00,-58.39,15.36,25.72,0,0,0,
8229,90,90,0.19,9.62,0.64,-0.01,-0.01,0.00,-57.56,14.24,25.01,0,0,0,
8235,90,90,0.19,9.62,0.64,-0.01,-0.01,0.00,-57.97,15.20,26.26,0,0,0,
8253,90,91,0.22,9.54,0.69,0.00,-0.01,0.00,-57.37,14.50,25.37,0,0,0,
8261,90,89,0.18,9.66,0.70,0.02,-0.01,0.00,-58.90,15.87,25.17,0,0,0,
8267,90,90,0.22,9.61,0.65,0.04,-0.01,0.00,-57.75,14.88,25.17,0,0,0,
8273,90,90,0.22,9.61,0.65,0.04,-0.01,0.00,-57.80,14.38,25.05,0,0,0,
8280,90,90,0.20,9.61,0.63,0.03,-0.01,0.00,-59.54,16.21,26.24,0,0,0,
8286,89,89,0.19,9.71,0.66,0.01,-0.01,0.00,-57.78,15.04,24.32,0,0,0,
8292,89,89,0.19,9.71,0.66,0.01,-0.01,0.00,-56.47,13.74,24.54,0,0,0,
8298,90,91,0.22,9.54,0.63,0.00,-0.01,0.00,-58.07,15.00,26.05,0,0,0,
8309,90,89,0.18,9.66,0.68,-0.00,-0.01,0.00,-57.78,14.88,23.94,0,0,0,
8316,90,90,0.21,9.60,0.68,0.01,-0.01,0.00,-57.89,15.10,25.74,0,0,0,
8322,90,90,0.21,9.59,0.64,0.03,-0.01,0.00,-58.99,16.40,26.05,0,0,0,
8328,90,90,0.21,9.59,0.64,0.03,-0.01,0.00,-57.53,14.70,25.75,0,0,0,
8333,89,89,0.19,9.71,0.65,0.01,-0.01,0.00,-57.82,15.59,25.34,0,0,0,
8340,90,90,0.22,9.57,0.60,-0.01,-0.01,0.00,-58.35,16.27,26.48,0,0,0,
8346,90,90,0.22,9.57,0.60,-0.01,-0.01,0.00,-58.24,15.27,25.33,0,0,0,
8359,90,90,0.22,9.60,0.71,-0.03,-0.00,0.00,-58.65,15.04,25.40,0,0,0,
8366,90,90,0.22,9.60,0.71,-0.03,-0.00,0.00,-57.92,14.95,24.88,0,0,0,
8372,91,91,0.21,9.52,0.71,0.01,-0.00,0.00,-57.29,14.16,24.96,0,0,0,
8378,90,89,0.18,9.67,0.72,0.06,-0.01,0.00,-58.27,14.95,25.61,0,0,0,
8385,90,89,0.18,9.67,0.72,0.06,-0.01,0.00,-58.93,15.05,25.29,0,0,0,
8391,90,90,0.23,9.59,0.61,0.07,-0.01,0.00,-58.10,13.68,24.31,0,0,0,
8396,89,89,0.18,9.69,0.60,0.04,-0.01,0.00,-58.89,14.67,25.90,0,0,0,
8413,89,89,0.21,9.69,0.62,-0.00,-0.01,0.00,-57.29,14.25,24.77,0,0,0,
8420,90,90,0.21,9.57,0.62,-0.03,-0.01,0.00,-59.05,16.31,25.96,0,0,0,
8427,90,89,0.18,9.66,0.73,-0.03,-0.01,0.00,-58.42,15.20,25.49,0,0,0,
8433,90,91,0.22,9.54,0.70,0.01,-0.00,0.00,-57.50,14.26,25.68,0,0,0,
8439,90,91,0.22,9.54,0.70,0.01,-0.00,0.00,-58.74,15.38,26.22,0,0,0,
8445,90,90,0.18,9.61,0.68,0.05,-0.01,0.00,-58.59,15.16,26.06,0,0,0,
8452,89,89,0.21,9.67,0.66,0.06,-0.01,0.00,-57.13,13.55,25.07,0,0,0,
8458,89,89,0.21,9.67,0.66,0.06,-0.01,0.00,-59.40,14.91,25.94,0,0,0,
8469,89,89,0.19,9.72,0.61,0.05,-0.01,0.00,-57.75,13.88,24.79,0,0,0,
8475,89,89,0.19,9.72,0.61,0.01,-0.01,0.00,-58.24,14.57,25.59,0,0,0,
8482,90,90,0.21,9.60,0.60,-0.02,-0.01,0.00,-59.19,15.96,25.65,0,0,0,
8488,90,90,0.19,9.60,0.66,-0.04,-0.01,0.00,-58.10,14.25,24.58,0,0,0,
8494,90,90,0.19,9.60,0.66,-0.04,-0.01,0.00,-57.51,14.56,25.90,0,0,0,
8500,89,89,0.20,9.66,0.69,-0.02,-0.01,0.00,-58.54,15.10,26.91,0,0,0,
8506,90,91,0.22,9.54,0.66,-0.00,-0.01,0.00,-58.30,14.78,26.07,0,0,0,
8518,90,89,0.17,9.66,0.70,0.01,-0.01,0.00,-58.74,14.62,25.94,0,0,0,
8524,90,89,0.17,9.66,0.70,0.01,-0.01,0.00,-58.74,15.57,26.15,0,0,0,
8530,90,90,0.22,9.59,0.67,0.03,-0.01,0.00,-58.45,14.50,25.84,0,0,0,
8536,90,90,0.20,9.61,0.63,0.04,-0.01,0.00,-58.32,18.65,26.95,0,0,0,
8543,90,90,0.20,9.61,0.65,0.04,-0.01,0.00,-59.02,15.92,25.96,0,0,0,
8549,89,89,0.20,9.70,0.65,0.03,-0.01,0.00,-58.23,14.35,25.75,0,0,0,
8554,90,90,0.22,9.58,0.60,0.02,-0.01,0.00,-58.74,14.37,25.99,0,0,0,
8566,89,89,0.18,9.69,0.64,-0.00,-0.01,0.00,-58.37,14.92,26.10,0,0,0,
8580,90,90,0.21,9.57,0.65,-0.01,-0.01,0.00,-58.48,15.42,26.60,0,0,0,
8587,90,90,0.21,9.57,0.65,-0.01,-0.01,0.00,-57.75,14.69,25.72,0,0,0,
8592,89,89,0.19,9.67,0.69,0.00,-0.01,0.00,-57.18,13.40,25.81,0,0,0,
8598,90,90,0.19,9.58,0.65,0.00,-0.01,0.00,-58.33,15.57,25.87,0,0,0,
8605,90,90,0.23,9.58,0.65,0.02,-0.01,0.00,-57.98,14.09,25.77,0,0,0,
8611,90,89,0.18,9.65,0.65,0.02,-0.01,0.00,-56.96,13.46,25.42,0,0,0,
8617,90,90,0.18,9.63,0.65,0.02,-0.01,0.00,-57.86,14.97,26.34,0,0,0,
8628,90,90,0.20,9.58,0.61,0.02,-0.01,0.00,-57.53,14.10,26.50,0,0,0,
8634,90,90,0.20,9.58,0.61,0.02,-0.01,0.00,-57.42,14.75,29.74,0,0,0,
8641,89,89,0.19,9.70,0.68,0.01,-0.01,0.00,-58.89,15.71,26.97,0,0,0,
8647,90,90,0.23,9.57,0.63,0.02,-0.01,0.00,-58.13,14.72,25.71,0,0,0,
8653,90,90,0.23,9.57,0.63,0.02,-0.01,0.00,-57.75,14.43,26.16,0,0,0,
8659,90,89,0.18,9.65,0.64,0.02,-0.01,0.00,-58.35,15.17,26.95,0,0,0,
8666,89,90,0.21,9.65,0.65,0.01,-0.01,0.00,-57.83,15.19,26.31,0,0,0,
8677,90,90,0.21,9.55,0.63,0.01,-0.01,0.00,-57.88,14.54,26.19,0,0,0,
8683,89,89,0.20,9.70,0.67,0.01,-0.01,0.00,-59.57,15.19,26.35,0,0,0,
8689,89,89,0.20,9.70,0.67,0.01,-0.01,0.00,-57.92,14.59,26.82,0,0,0,
8696,90,90,0.22,9.57,0.62,0.02,-0.01,0.00,-58.54,14.92,25.77,0,0,0,
8702,90,89,0.19,9.65,0.64,0.01,-0.01,0.00,-58.74,16.37,25.61,0,0,0,
8708,90,89,0.19,9.65,0.64,0.01,-0.01,0.00,-57.80,14.94,26.25,0,0,0,
8714,90,90,0.20,9.65,0.66,0.01,-0.01,0.00,-57.61,14.26,25.96,0,0,0,
8720,90,91,0.22,9.55,0.62,0.01,-0.01,0.00,-59.15,15.84,26.91,0,0,0,
8738,90,90,0.22,9.58,0.63,0.02,-0.01,0.00,-58.42,15.59,26.29,0,0,0,
8746,90,90,0.22,9.58,0.63,0.02,-0.01,0.00,-58.54,15.30,26.05,0,0,0,
8751,90,90,0.18,9.63,0.63,0.02,-0.01,0.00,-57.50,14.09,25.07,0,0,0,
8757,89,89,0.20,9.67,0.65,0.02,-0.01,0.00,-58.13,15.24,27.27,0,0,0,
8764,89,89,0.20,9.67,0.65,0.02,-0.01,0.00,-57.97,14.76,26.13,0,0,0,
8770,90,90,0.22,9.57,0.60,0.03,-0.01,0.00,-57.99,14.38,25.69,0,0,0,
8775,89,89,0.18,9.69,0.64,0.01,-0.01,0.00,-58.43,15.21,25.93,0,0,0,
8786,90,90,0.22,9.60,0.62,0.00,-0.01,0.00,-58.17,14.73,29.19,0,0,0,
8793,90,90,0.19,9.61,0.64,-0.00,-0.01,0.00,-57.56,14.45,25.55,0,0,0,
8799,90,90,0.19,9.61,0.64,-0.00,-0.01,0.00,-58.61,15.62,26.85,0,0,0,
8805,89,89,0.19,9.67,0.66,0.00,-0.01,0.00,-58.29,15.20,26.21,0,0,0,
8811,89,89,0.19,9.67,0.63,0.00,-0.01,0.00,-57.72,14.00,24.45,0,0,0,
8818,90,91,0.22,9.55,0.63,0.01,-0.01,0.00,-58.59,15.29,26.12,0,0,0,
8824,89,89,0.19,9.68,0.66,0.02,-0.01,0.00,-58.92,15.58,26.12,0,0,0,
8829,90,90,0.19,9.61,0.63,0.02,-0.01,0.00,-58.17,14.18,25.33,0,0,0,
8840,90,90,0.20,9.61,0.60,0.02,-0.01,0.00,-58.92,15.39,26.92,0,0,0,
8846,90,90,0.20,9.61,0.60,0.02,-0.01,0.00,-57.97,14.98,26.73,0,0,0,
8852,89,89,0.19,9.70,0.63,0.00,-0.01,0.00,-57.42,14.02,26.91,0,0,0,
8859,90,90,0.22,9.57,0.60,-0.00,-0.01,0.00,-58.62,15.27,27.49,0,0,0,
8864,90,90,0.22,9.57,0.60,-0.00,-0.01,0.00,-58.39,14.86,25.90,0,0,0,
8870,90,89,0.18,9.66,0.66,-0.01,-0.01,0.00,-57.67,13.24,24.96,0,0,0,
8877,90,90,0.22,9.61,0.65,0.00,-0.01,0.00,-58.24,15.32,26.76,0,0,0,
8888,90,90,0.19,9.57,0.63,0.01,-0.01,0.00,-58.08,15.02,25.15,0,0,0,
8895,89,89,0.18,9.68,0.67,0.01,-0.01,0.00,-58.29,15.32,25.75,0,0,0,
8907,90,91,0.23,9.56,0.61,0.03,-0.01,0.00,-57.00,15.26,25.48,0,0,0,
8913,90,89,0.19,9.66,0.64,0.03,-0.01,0.00,-57.40,14.66,25.05,0,0,0,
8920,90,89,0.19,9.66,0.64,0.02,-0.01,0.00,-57.95,15.93,26.73,0,0,0,
8926,90,90,0.21,9.64,0.63,0.02,-0.01,0.00,-57.29,14.86,26.66,0,0,0,
8932,90,90,0.21,9.59,0.59,0.01,-0.01,0.00,-57.31,13.45,25.62,0,0,0,
8944,89,89,0.18,9.71,0.61,-0.01,-0.01,0.00,-58.67,15.45,25.52,0,0,0,
8950,90,91,0.23,9.56,0.63,-0.01,-0.01,0.00,-57.57,14.31,25.81,0,0,0,
8956,90,91,0.23,9.56,0.63,-0.01,-0.01,0.00,-58.07,14.24,27.40,0,0,0,
8962,90,90,0.19,9.62,0.66,-0.00,-0.01,0.00,-59.37,15.45,25.99,0,0,0,
8968,90,90,0.19,9.61,0.70,-0.00,-0.01,0.00,-57.70,14.26,26.06,0,0,0,
8975,90,90,0.20,9.61,0.70,0.02,-0.01,0.00,-58.01,14.66,26.50,0,0,0,
8981,90,90,0.20,9.56,0.61,0.05,-0.01,0.00,-58.61,16.02,26.54,0,0,0,
8987,89,89,0.19,9.71,0.61,0.05,-0.01,0.00,-58.45,14.73,25.37,0,0,0,
8998,90,90,0.23,9.62,0.56,0.01,-0.01,0.00,-58.46,14.83,26.26,0,0,0,
9004,90,90,0.23,9.62,0.56,0.01,-0.01,0.00,-58.78,14.70,26.02,0,0,0,
9011,90,89,0.18,9.64,0.61,-0.02,-0.01,0.00,-56.77,13.37,24.57,0,0,0,
9017,90,89,0.20,9.66,0.66,-0.03,-0.01,0.00,-58.02,15.00,25.87,0,0,0,
9023,90,89,0.20,9.66,0.66,-0.03,-0.01,0.00,-58.39,15.32,26.47,0,0,0,
9029,90,91,0.21,9.53,0.65,-0.01,-0.01,0.00,-58.64,14.73,24.61,0,0,0,
9036,89,89,0.19,9.66,0.68,0.02,-0.01,0.00,-58.49,15.08,25.91,0,0,0,
9047,90,90,0.23,9.60,0.63,0.04,-0.01,0.00,-58.30,14.67,24.96,0,0,0,
9053,90,90,0.19,9.63,0.59,0.03,-0.01,0.00,-58.11,14.83,25.52,0,0,0,
9066,89,89,0.19,9.69,0.61,0.00,-0.01,0.00,-58.14,14.94,26.35,0,0,0,
9073,90,91,0.22,9.56,0.60,-0.01,-0.01,0.00,-58.10,14.83,26.40,0,0,0,
9079,89,89,0.19,9.67,0.65,-0.01,-0.01,0.00,-58.26,16.12,27.04,0,0,0,
9085,89,89,0.19,9.67,0.65,-0.01,-0.01,0.00,-58.30,14.82,27.23,0,0,0,
9091,90,90,0.22,9.60,0.63,-0.00,-0.01,0.00,-57.19,13.69,25.80,0,0,0,
9103,90,90,0.19,9.58,0.64,0.01,-0.01,0.00,-58.46,14.45,27.21,0,0,0,
9110,89,89,0.20,9.66,0.67,0.02,-0.01,0.00,-57.76,13.74,25.74,0,0,0,
9116,89,89,0.20,9.66,0.60,0.02,-0.01,0.00,-58.08,15.11,26.40,0,0,0,
9122,90,90,0.22,9.56,0.60,0.04,-0.01,0.00,-60.01,15.92,26.51,0,0,0,
9128,89,89,0.18,9.69,0.61,0.03,-0.01,0.00,-57.82,14.69,26.02,0,0,0,
9135,89,89,0.18,9.69,0.60,0.03,-0.01,0.00,-58.14,15.35,26.64,0,0,0,
9140,89,90,0.22,9.65,0.60,0.01,-0.01,0.00,-58.64,14.82,27.08,0,0,0,
9146,90,90,0.20,9.59,0.60,-0.00,-0.01,0.00,-58.29,14.13,26.54,0,0,0,
9157,89,89,0.19,9.69,0.65,-0.01,-0.01,0.00,-57.73,14.78,25.40,0,0,0,
9164,90,90,0.22,9.57,0.62,-0.01,-0.01,0.00,-58.58,14.97,25.64,0,0,0,
9170,90,90,0.22,9.57,0.62,-0.01,-0.01,0.00,-57.44,13.71,25.75,0,0,0,
9176,90,89,0.18,9.65,0.65,-0.00,-0.01,0.00,-57.76,14.75,26.40,0,0,0,
9182,90,90,0.21,9.64,0.65,0.00,-0.01,0.00,-58.29,15.43,26.41,0,0,0,
9189,90,90,0.21,9.64,0.65,0.00,-0.01,0.00,-58.20,14.64,24.39,0,0,0,
9195,90,90,0.20,9.57,0.61,0.02,-0.01,0.00,-58.29,15.76,26.54,0,0,0,
9206,89,89,0.19,9.69,0.65,0.01,-0.01,0.00,-58.21,14.78,25.97,0,0,0,
9212,90,90,0.22,9.57,0.61,0.02,-0.01,0.00,-57.73,14.26,26.54,0,0,0,
9217,90,90,0.22,9.57,0.61,0.02,-0.01,0.00,-59.02,14.09,26.43,0,0,0,
9230,90,90,0.21,9.63,0.64,0.02,-0.01,0.00,-58.20,13.02,25.94,0,0,0,
9237,90,90,0.21,9.56,0.62,0.02,-0.01,0.00,-58.36,14.82,26.16,0,0,0,
9242,90,90,0.21,9.56,0.62,0.02,-0.01,0.00,-59.41,15.77,26.50,0,0,0,
9248,89,89,0.18,9.69,0.64,0.02,-0.01,0.00,-59.00,14.69,25.84,0,0,0,
9255,90,90,0.18,9.57,0.60,0.02,-0.01,0.00,-58.86,14.73,25.91,0,0,0,
9267,90,90,0.19,9.63,0.62,0.02,-0.01,0.00,-58.40,14.88,25.45,0,0,0,
9273,90,90,0.19,9.63,0.62,0.02,-0.01,0.00,-57.82,14.72,25.97,0,0,0,
9279,89,90,0.21,9.65,0.63,0.02,-0.01,0.00,-58.81,16.00,26.91,0,0,0,
9285,90,90,0.21,9.59,0.59,0.03,-0.01,0.00,-57.80,14.89,25.91,0,0,0,
9292,90,90,0.21,9.59,0.89,0.03,-0.01,0.00,-57.32,13.78,26.38,0,0,0,
9297,89,89,0.16,9.70,0.61,0.01,-0.01,0.00,-58.04,15.48,26.18,0,0,0,
9303,90,90,0.23,9.59,0.60,-0.00,-0.01,0.00,-59.43,15.95,26.15,0,0,0,
9314,90,90,0.19,9.63,0.59,-0.01,-0.01,0.00,-57.88,14.59,26.43,0,0,0,
9322,89,89,0.20,9.67,0.65,-0.03,-0.01,0.00,-59.51,16.73,27.49,0,0,0,
9327,89,89,0.20,9.67,0.65,-0.03,-0.01,0.00,-58.35,15.01,26.26,0,0,0,
9333,90,91,0.22,9.54,0.65,-0.00,-0.01,0.00,-57.59,14.38,26.43,0,0,0,
9339,90,89,0.18,9.66,0.66,0.02,-0.01,0.00,-58.49,15.81,27.14,0,0,0,
9346,90,89,0.18,9.66,0.66,0.02,-0.01,0.00,-58.43,14.45,26.40,0,0,0,
9352,90,90,0.23,9.60,0.61,0.03,-0.01,0.00,-57.94,14.89,26.69,0,0,0,
9363,90,90,0.21,9.61,0.60,0.03,-0.01,0.00,-59.37,15.52,26.10,0,0,0,
9370,89,89,0.19,9.67,0.64,0.01,-0.01,0.00,-57.85,13.88,26.18,0,0,0,
9376,90,90,0.22,9.57,0.59,0.02,-0.01,0.00,-58.46,14.48,25.64,0,0,0,
9382,90,90,0.22,9.57,0.59,0.02,-0.01,0.00,-59.02,15.35,26.91,0,0,0,
9396,90,90,0.21,9.61,0.62,0.01,-0.01,0.00,-58.52,14.28,25.68,0,0,0,
9402,90,90,0.21,9.61,0.62,0.01,-0.01,0.00,-59.43,15.83,27.05,0,0,0,
9408,90,90,0.19,9.59,0.60,0.01,-0.01,0.00,-57.70,14.48,26.81,0,0,0,
9414,89,89,0.19,9.68,0.63,0.00,-0.01,0.00,-58.36,15.02,26.41,0,0,0,
9426,90,90,0.23,9.58,0.57,0.01,-0.01,0.00,-58.73,15.04,25.67,0,0,0,
9432,90,89,0.18,9.67,0.61,-0.01,-0.01,0.00,-57.34,13.68,25.37,0,0,0,
9438,90,89,0.18,9.67,0.61,-0.01,-0.01,0.00,-58.45,15.48,26.47,0,0,0,
9445,90,90,0.21,9.62,0.62,-0.02,-0.01,0.00,-58.11,15.10,25.43,0,0,0,
9451,90,90,0.20,9.57,0.61,-0.01,-0.01,0.00,-56.40,13.33,26.50,0,0,0,
9457,90,90,0.20,9.57,0.61,-0.01,-0.01,0.00,-57.66,15.27,27.32,0,0,0,
9463,89,89,0.19,9.67,0.67,-0.01,-0.01,0.00,-58.27,15.02,26.34,0,0,0,
9474,90,91,0.23,9.55,0.63,0.01,-0.01,0.00,-57.44,14.75,27.07,0,0,0,
9481,90,89,0.18,9.65,0.64,0.02,-0.01,0.00,-58.93,16.41,27.45,0,0,0,
9487,89,90,0.21,9.64,0.63,0.02,-0.01,0.00,-57.51,14.48,27.13,0,0,0,
9493,89,90,0.21,9.64,0.63,0.02,-0.01,0.00,-57.53,14.51,27.92,0,0,0,
9500,90,90,0.21,9.57,0.59,0.02,-0.01,0.00,-57.98,15.38,28.03,0,0,0,
9506,89,89,0.19,9.68,0.63,0.01,-0.01,0.00,-57.32,14.43,27.58,0,0,0,
9512,89,89,0.19,9.68,0.63,0.01,-0.01,0.00,-57.16,13.02,25.91,0,0,0,
9518,90,90,0.22,9.59,0.61,0.01,-0.01,0.00,-58.45,15.13,29.11,0,0,0,
9528,90,89,0.18,9.64,0.62,0.01,-0.01,0.00,-57.94,14.24,27.01,0,0,0,
9535,90,90,0.21,9.64,0.63,0.01,-0.01,0.00,-57.99,14.60,27.30,0,0,0,
9548,90,90,0.20,9.57,0.59,0.01,-0.01,0.00,-58.17,14.16,26.95,0,0,0,
9633,89,89,0.20,9.68,0.63,-0.00,-0.01,0.00,-58.20,14.28,26.88,0,0,0,
9640,90,91,0.22,9.54,0.60,-0.00,-0.01,0.00,-59.65,15.46,28.91,0,0,0,
9646,90,89,0.19,9.66,0.65,0.00,-0.01,0.00,-58.81,14.63,27.23,0,0,0,
9653,90,90,0.19,9.61,0.61,0.00,-0.01,0.00,-58.55,13.90,26.44,0,0,0,
9664,90,90,0.20,9.61,0.60,0.01,-0.01,0.00,-59.11,14.60,27.35,0,0,0,
9670,90,90,0.20,9.61,0.60,0.01,-0.01,0.00,-58.54,13.26,26.54,0,0,0,
9676,89,89,0.19,9.70,0.64,0.00,-0.01,0.00,-58.92,14.48,27.70,0,0,0,
9682,90,90,0.22,9.58,0.59,-0.00,-0.01,0.00,-59.76,14.85,26.45,0,0,0,
9688,90,90,0.22,9.58,0.59,-0.00,-0.01,0.00,-59.18,13.77,26.34,0,0,0,
9694,89,89,0.18,9.67,0.64,-0.01,-0.01,0.00,-59.30,14.92,26.51,0,0,0,
9700,90,90,0.23,9.59,0.65,-0.00,-0.01,0.00,-58.94,15.42,27.67,0,0,0,
9711,90,90,0.20,9.58,0.63,0.01,-0.01,0.00,-57.78,13.36,25.91,0,0,0,
9718,89,89,0.19,9.68,0.67,0.01,-0.01,0.00,-58.93,15.13,26.94,0,0,0,
9724,89,89,0.19,9.68,0.67,0.02,-0.01,0.00,-59.11,14.78,26.81,0,0,0,
9729,90,90,0.22,9.58,0.56,0.03,-0.01,0.00,-57.91,14.57,25.83,0,0,0,
9736,89,89,0.18,9.70,0.57,0.03,-0.01,0.00,-59.08,14.73,27.78,0,0,0,
9742,89,89,0.18,9.70,0.57,-0.01,-0.01,0.00,-59.35,14.98,27.08,0,0,0,
9748,89,90,0.22,9.65,0.61,-0.04,-0.01,0.00,-58.86,14.48,26.41,0,0,0,
9753,89,90,0.22,9.65,0.61,-0.04,-0.01,0.00,-58.42,14.54,27.74,0,0,0,
9764,90,89,0.19,9.66,0.70,-0.01,-0.01,0.00,-59.25,15.05,27.67,0,0,0,
9771,90,89,0.19,9.66,0.70,-0.01,-0.01,0.00,-58.26,13.56,27.00,0,0,0,
9777,90,91,0.22,9.55,0.64,0.02,-0.01,0.00,-59.21,14.88,28.12,0,0,0,
9791,90,90,0.19,9.63,0.66,0.03,-0.01,0.00,-58.71,13.91,26.82,0,0,0,
9797,89,90,0.21,9.65,0.63,0.04,-0.01,0.00,-59.13,14.81,27.29,0,0,0,
9804,90,90,0.20,9.61,0.57,0.03,-0.01,0.00,-59.81,15.13,26.82,0,0,0,
9810,90,90,0.20,9.61,0.87,0.03,-0.01,0.00,-58.56,13.87,26.67,0,0,0,
9821,90,90,0.23,9.58,0.63,-0.01,-0.01,0.00,-59.66,15.77,27.08,0,0,0,
9827,90,90,0.23,9.58,0.63,-0.01,-0.01,0.00,-58.68,13.84,26.79,0,0,0,
9834,90,90,0.19,9.61,0.65,0.01,-0.01,0.00,-58.80,14.26,27.14,0,0,0,
9840,90,90,0.21,9.65,0.64,0.02,-0.01,0.00,-59.76,15.21,28.40,0,0,0,
9846,90,90,0.21,9.65,0.64,0.02,-0.01,0.00,-58.49,14.50,26.62,0,0,0,
9852,90,90,0.21,9.60,0.55,0.02,-0.01,0.00,-58.08,13.30,26.19,0,0,0,
9858,89,89,0.19,9.70,0.62,-0.01,-0.01,0.00,-59.34,15.05,27.61,0,0,0,
9869,90,90,0.22,9.61,0.58,-0.03,-0.01,0.00,-57.95,13.53,25.08,0,0,0,
9876,90,90,0.19,9.61,0.63,-0.04,-0.01,0.00,-59.38,14.22,26.85,0,0,0,
9882,90,90,0.19,9.61,0.63,-0.04,-0.01,0.00,-59.84,15.93,27.80,0,0,0,
9887,89,89,0.20,9.67,0.64,-0.03,-0.01,0.00,-58.92,14.22,25.93,0,0,0,
9894,90,91,0.22,9.54,0.63,-0.02,-0.01,0.00,-59.53,14.91,25.91,0,0,0,
9900,90,91,0.22,9.54,0.63,-0.02,-0.01,0.00,-59.60,15.40,27.62,0,0,0,
9906,90,89,0.19,9.64,0.70,-0.01,-0.01,0.00,-59.15,14.25,27.07,0,0,0,
9912,90,91,0.23,9.57,0.68,0.30,-0.01,0.00,-57.41,13.17,26.88,0,0,0,
9923,90,90,0.20,9.60,0.63,0.06,-0.01,0.00,-59.30,14.43,27.07,0,0,0,
9930,89,89,0.19,9.72,0.60,0.06,-0.01,0.00,-58.49,12.92,25.83,0,0,0,
9936,89,89,0.19,9.72,0.60,0.04,-0.01,0.00,-59.00,14.54,26.73,0,0,0,
9949,89,89,0.18,9.68,0.64,-0.04,-0.01,0.00,-57.79,13.45,25.91,0,0,0,
9956,89,89,0.18,9.68,0.64,-0.04,-0.01,0.00,-58.80,14.95,26.85,0,0,0,
9962,90,90,0.22,9.59,0.68,-0.04,-0.01,0.00,-59.44,15.57,26.44,0,0,0,
9968,90,90,0.19,9.56,0.67,-0.00,-0.01,0.00,-58.77,14.00,26.02,0,0,0,
9980,89,89,0.19,9.66,0.69,0.02,-0.01,0.00,-60.01,15.36,27.52,0,0,0,
9986,90,90,0.19,9.57,0.61,0.02,-0.01,0.00,-59.12,14.28,26.67,0,0,0,
9992,90,90,0.22,9.57,0.61,0.05,-0.01,0.00,-58.40,13.40,26.86,0,0,0,
9998,90,89,0.17,9.68,0.60,0.03,-0.01,0.00,-58.93,15.14,28.08,0,0,0,
10004,90,90,0.21,9.64,0.64,0.03,-0.01,0.00,-59.18,14.60,27.39,0,0,0,
10010,90,90,0.21,9.64,0.64,0.00,-0.01,0.00,-57.92,13.78,26.38,0,0,0,
10017,90,90,0.20,9.59,0.62,0.00,-0.01,0.00,-59.43,14.21,28.27,0,0,0,
10028,89,89,0.18,9.69,0.64,0.00,-0.01,0.00,-58.84,13.93,27.26,0,0,0,
10034,90,90,0.23,9.62,0.57,-0.03,-0.01,0.00,-58.83,14.18,28.28,0,0,0,
10040,90,90,0.23,9.62,0.57,-0.03,-0.01,0.00,-59.68,16.25,27.83,0,0,0,
10047,90,90,0.18,9.57,0.73,-0.04,-0.01,0.00,-58.70,14.62,27.29,0,0,0,
10053,89,90,0.21,9.66,0.65,0.01,-0.01,0.00,-58.67,14.28,27.48,0,0,0,
10059,89,90,0.21,9.66,0.65,0.01,-0.01,0.00,-58.96,15.05,28.19,0,0,0,
10065,90,90,0.22,9.62,0.56,-0.00,-0.01,0.00,-58.32,14.60,28.25,0,0,0,
10072,89,89,0.19,9.69,0.67,-0.05,-0.01,0.00,-58.10,14.09,27.42,0,0,0,
10083,91,91,0.23,9.48,0.75,-0.03,-0.01,0.00,-58.58,15.17,27.29,0,0,0,
10089,91,91,0.17,9.51,0.81,0.08,-0.01,0.00,-58.40,13.45,26.44,0,0,0,
10095,91,91,0.17,9.51,0.81,0.08,-0.01,0.00,-59.38,14.79,27.68,0,0,0,
10108,90,90,0.21,9.62,0.54,0.12,-0.01,0.00,-58.78,14.06,27.04,0,0,0,
10115,90,90,0.21,9.62,0.53,0.12,-0.01,0.00,-58.51,14.10,26.76,0,0,0,
10121,89,88,0.18,9.77,0.53,0.05,-0.00,0.00,-59.35,15.43,27.45,0,0,0,
10126,89,90,0.22,9.64,0.53,-0.02,-0.00,0.00,-59.12,14.51,26.24,0,0,0,
10138,90,90,0.19,9.63,0.62,-0.05,-0.01,0.00,-59.22,14.88,27.84,0,0,0,
10145,90,90,0.20,9.63,0.70,-0.05,-0.01,0.00,-58.89,14.86,27.10,0,0,0,
10151,90,90,0.20,9.63,0.70,-0.05,-0.01,0.00,-57.97,12.76,26.72,0,0,0,
10157,91,91,0.22,9.51,0.67,0.00,-0.01,0.00,-59.03,14.25,27.90,0,0,0,
10162,90,89,0.18,9.65,0.68,0.04,-0.01,0.00,-59.09,14.34,27.81,0,0,0,
10169,90,89,0.18,9.65,0.68,0.04,-0.01,0.00,-58.62,13.52,26.24,0,0,0,
10175,90,90,0.21,9.60,0.62,0.06,-0.01,0.00,-59.35,15.02,28.41,0,0,0,
10186,90,89,0.19,9.65,0.57,0.06,-0.01,0.00,-58.86,14.66,26.95,0,0,0,
10192,89,89,0.19,9.72,0.59,0.02,-0.01,0.00,-58.23,14.73,27.59,0,0,0,
10198,90,90,0.19,9.59,0.55,0.02,-0.01,0.00,-59.06,14.91,28.54,0,0,0,
10205,90,90,0.22,9.59,0.55,-0.02,-0.01,0.00,-59.09,14.35,27.45,0,0,0,
10211,90,89,0.18,9.67,0.64,-0.04,-0.01,0.00,-57.82,13.10,27.39,0,0,0,
10217,90,90,0.22,9.59,0.65,-0.04,-0.01,0.00,-58.97,14.76,27.57,0,0,0,
10223,90,90,0.22,9.59,0.65,-0.03,-0.01,0.00,-59.41,14.97,27.23,0,0,0,
10230,90,90,0.20,9.55,0.65,0.00,-0.01,0.00,-58.73,13.50,26.73,0,0,0,
10241,89,89,0.20,9.66,0.66,0.03,-0.01,0.00,-60.13,15.86,27.90,0,0,0,
10247,90,90,0.21,9.58,0.58,0.04,-0.01,0.00,-59.25,14.00,27.43,0,0,0,
10253,90,90,0.21,9.58,0.58,0.04,-0.01,0.00,-58.55,14.09,26.88,0,0,0,
10265,90,90,0.21,9.64,0.61,0.00,-0.01,0.00,-58.97,14.50,27.30,0,0,0,
10272,90,90,0.20,9.59,0.60,0.00,-0.01,0.00,-59.41,14.16,27.38,0,0,0,
10278,90,90,0.20,9.59,0.60,-0.00,-0.01,0.00,-59.50,14.54,27.52,0,0,0,
10284,89,89,0.19,9.67,0.65,-0.01,-0.01,0.00,-59.59,14.26,27.45,0,0,0,
10296,90,91,0.23,9.55,0.63,0.01,-0.01,0.00,-59.16,14.81,26.76,0,0,0,
10303,90,89,0.18,9.64,0.65,0.02,-0.01,0.00,-59.78,14.06,26.34,0,0,0,
10309,90,89,0.18,9.64,0.65,0.02,-0.01,0.00,-59.27,12.98,26.21,0,0,0,
10315,89,90,0.21,9.65,0.62,0.03,-0.01,0.00,-60.13,14.45,27.59,0,0,0,
10320,90,90,0.21,9.59,0.57,0.03,-0.01,0.00,-60.01,16.47,27.65,0,0,0,
10327,90,90,0.21,9.59,0.88,0.03,-0.01,0.00,-59.11,14.15,27.48,0,0,0,
10333,89,89,0.19,9.70,0.62,0.00,-0.01,0.00,-59.47,14.28,27.90,0,0,0,
10345,90,90,0.22,9.57,0.60,-0.01,-0.01,0.00,-59.44,14.51,26.67,0,0,0,
10351,90,90,0.18,9.63,0.64,-0.00,-0.01,0.00,-58.11,12.93,26.31,0,0,0,
10358,90,90,0.21,9.64,0.64,0.01,-0.01,0.00,-59.87,14.73,27.74,0,0,0,
10364,90,90,0.21,9.64,0.64,0.01,-0.01,0.00,-59.41,14.67,27.16,0,0,0,
10370,90,90,0.21,9.57,0.60,0.03,-0.01,0.00,-58.65,13.42,25.93,0,0,0,
10376,89,89,0.18,9.69,0.62,0.02,-0.01,0.00,-59.66,14.62,27.90,0,0,0,
10380,89,89,0.18,9.69,0.62,0.02,-0.01,0.00,-59.91,15.97,28.27,0,0,0,
10391,90,90,0.22,9.60,0.58,0.01,-0.01,0.00,-58.65,13.04,27.19,0,0,0,
10398,90,90,0.19,9.63,0.61,0.00,-0.01,0.00,-59.54,14.70,27.35,0,0,0,
10404,89,89,0.21,9.68,0.64,-0.01,-0.01,0.00,-59.18,14.59,27.65,0,0,0,
10410,89,89,0.21,9.68,0.64,-0.01,-0.01,0.00,-58.45,13.08,25.74,0,0,0,
10415,90,90,0.22,9.56,0.61,0.00,-0.01,0.00,-58.96,14.56,27.57,0,0,0,
10429,89,89,0.17,9.69,0.33,0.00,-0.01,0.00,-58.93,13.40,26.79,0,0,0,
10436,90,90,0.22,9.60,0.61,0.01,-0.01,0.00,-59.15,14.73,27.54,0,0,0,
10442,90,90,0.20,9.60,0.61,0.01,-0.01,0.00,-59.97,15.26,28.06,0,0,0,
10454,89,89,0.20,9.68,0.62,0.01,-0.01,0.00,-58.74,14.00,28.11,0,0,0,
10461,90,91,0.22,9.57,0.60,0.01,-0.01,0.00,-59.51,15.49,28.30,0,0,0,
10467,90,89,0.18,9.68,0.63,0.01,-0.01,0.00,-58.80,14.07,28.46,0,0,0,
10473,90,89,0.18,9.68,0.63,0.00,-0.01,0.00,-58.58,14.53,27.43,0,0,0,
10479,90,90,0.21,9.60,0.63,0.01,-0.01,0.00,-59.70,14.83,27.24,0,0,0,
10485,90,90,0.20,9.59,0.62,0.01,-0.01,0.00,-58.59,14.16,26.44,0,0,0,
10491,90,90,0.20,9.59,0.62,0.02,-0.01,0.00,-58.48,13.48,27.52,0,0,0,
10502,89,89,0.19,9.70,0.64,0.02,-0.01,0.00,-59.68,15.55,27.59,0,0,0,
10508,90,90,0.22,9.57,0.59,0.02,-0.01,0.00,-58.45,14.56,26.78,0,0,0,
10514,90,89,0.17,9.68,0.61,0.01,-0.01,0.00,-59.47,14.15,28.56,0,0,0,
10521,90,89,0.17,9.68,0.61,0.01,-0.01,0.00,-60.16,16.25,27.99,0,0,0,
10527,90,90,0.21,9.62,0.61,-0.00,-0.01,0.00,-59.34,14.47,27.42,0,0,0,
10533,90,90,0.20,9.58,0.61,0.00,-0.01,0.00,-58.48,17.93,28.56,0,0,0,
10539,90,90,0.20,9.58,0.61,0.00,-0.01,0.00,-59.00,15.38,28.88,0,0,0,
10550,90,90,0.23,9.57,0.59,0.00,-0.01,0.00,-57.57,13.43,27.05,0,0,0,
10557,90,90,0.23,9.57,0.59,0.00,-0.01,0.00,-58.59,15.01,27.08,0,0,0,
10563,90,89,0.18,9.65,0.62,-0.00,-0.01,0.00,-58.65,15.16,28.19,0,0,0,
10568,90,90,0.21,9.64,0.61,-0.00,-0.01,0.00,-58.27,13.86,27.23,0,0,0,
10575,90,90,0.21,9.64,0.61,0.00,-0.01,0.00,-59.15,14.59,28.18,0,0,0,
10581,90,90,0.21,9.57,0.60,-0.00,-0.01,0.00,-59.11,16.11,28.11,0,0,0,
10593,89,89,0.18,9.68,0.65,-0.00,-0.01,0.00,-58.74,13.62,27.20,0,0,0,
10599,90,90,0.22,9.57,0.61,0.01,-0.01,0.00,-58.77,15.80,28.35,0,0,0,
10611,90,89,0.18,9.64,0.62,0.02,-0.01,0.00,-57.32,13.58,26.15,0,0,0,
10618,89,90,0.20,9.65,0.62,0.02,-0.01,0.00,-58.74,14.78,27.46,0,0,0,
10624,90,90,0.21,9.58,0.58,0.02,-0.01,0.00,-58.75,14.50,26.97,0,0,0,
10630,90,90,0.21,9.58,0.58,0.02,-0.01,0.00,-58.26,13.45,26.43,0,0,0,
10636,89,89,0.18,9.70,0.63,-0.00,-0.01,0.00,-58.73,14.69,26.21,0,0,0,
10643,90,90,0.22,9.58,0.61,-0.00,-0.01,0.00,-58.97,14.50,27.76,0,0,0,
10649,90,90,0.22,9.58,0.61,-0.01,-0.01,0.00,-58.04,14.06,25.90,0,0,0,
10660,90,90,0.20,9.61,0.63,0.00,-0.01,0.00,-58.90,15.62,27.64,0,0,0,
10666,90,90,0.21,9.65,0.65,0.01,-0.01,0.00,-58.75,14.86,28.30,0,0,0,
10673,90,90,0.21,9.57,0.60,0.02,-0.01,0.00,-58.45,14.41,27.33,0,0,0,
10679,90,90,0.21,9.57,0.60,0.02,-0.01,0.00,-59.02,16.09,27.90,0,0,0,
10684,89,89,0.18,9.71,0.61,0.01,-0.01,0.00,-58.55,14.66,26.59,0,0,0,
10690,90,90,0.22,9.61,0.60,-0.00,-0.01,0.00,-57.56,13.31,27.54,0,0,0,
10697,90,90,0.22,9.61,0.60,-0.00,-0.01,0.00,-58.35,15.81,27.76,0,0,0,
10708,89,89,0.19,9.67,0.65,-0.01,-0.01,0.00,-58.37,13.64,26.41,0,0,0,
10715,89,89,0.19,9.67,0.65,-0.01,-0.01,0.00,-58.30,15.43,26.79,0,0,0,
10721,90,90,0.22,9.57,0.61,0.00,-0.01,0.00,-59.72,16.46,27.83,0,0,0,
10727,89,89,0.18,9.67,0.64,0.01,-0.01,0.00,-59.08,14.32,26.15,0,0,0,
10734,89,89,0.18,9.67,0.64,0.01,-0.01,0.00,-58.33,14.62,27.21,0,0,0,
10740,90,90,0.22,9.61,0.62,0.01,-0.01,0.00,-59.63,16.11,28.76,0,0,0,
