Start of File
1054,90,90,0.21,9.60,0.72,0.01,-0.01,0.00,-49.91,27.65,20.55,0,0,0,
1061,90,90,0.21,9.60,0.71,0.01,-0.01,0.00,-49.68,27.42,21.22,0,0,0,
1067,90,90,0.20,9.60,0.71,0.01,-0.01,0.00,-49.84,28.02,20.36,0,0,0,
1073,90,90,0.20,9.60,0.71,0.01,-0.01,0.00,-49.85,27.65,21.19,0,0,0,
1079,90,90,0.20,9.60,0.71,0.01,-0.01,0.00,-49.99,27.57,21.12,0,0,0,
1086,89,90,0.22,9.61,0.73,0.01,-0.01,0.00,-50.09,27.83,21.44,0,0,0,
1092,90,90,0.21,9.60,0.73,0.01,-0.01,0.00,-50.13,27.59,21.70,0,0,0,
1098,90,90,0.21,9.60,0.74,0.01,-0.01,0.00,-49.61,27.92,21.10,0,0,0,
1110,90,89,0.20,9.61,0.73,0.01,-0.01,0.00,-49.74,27.95,20.87,0,0,0,
1117,89,90,0.21,9.60,0.74,0.01,-0.01,0.00,-49.69,27.59,21.16,0,0,0,
1123,89,90,0.21,9.60,0.74,0.01,-0.01,0.00,-49.49,28.08,20.29,0,0,0,
1129,89,90,0.21,9.60,0.75,0.01,-0.01,0.00,-49.55,28.03,21.10,0,0,0,
1135,89,90,0.21,9.60,0.76,0.01,-0.01,0.00,-50.13,27.57,20.94,0,0,0,
1142,89,90,0.21,9.60,0.76,0.01,-0.01,0.00,-49.75,27.87,21.82,0,0,0,
1148,90,90,0.20,9.60,0.75,0.01,-0.01,0.00,-49.59,28.12,20.87,0,0,0,
1159,90,90,0.21,9.60,0.75,0.01,-0.01,0.00,-49.63,27.67,20.78,0,0,0,
1165,89,90,0.21,9.60,0.75,0.01,-0.01,0.00,-50.26,27.21,20.68,0,0,0,
1171,89,90,0.21,9.60,0.75,0.01,-0.01,0.00,-50.04,27.81,20.96,0,0,0,
1179,89,90,0.21,9.61,0.75,0.01,-0.01,0.00,-49.36,27.55,20.52,0,0,0,
1191,90,90,0.21,9.60,0.75,0.01,-0.01,0.00,-49.85,27.87,21.31,0,0,0,
1197,90,90,0.21,9.60,0.75,0.01,-0.01,0.00,-50.06,27.19,20.24,0,0,0,
1203,89,90,0.21,9.60,0.75,0.01,-0.01,0.00,-49.43,27.95,20.45,0,0,0,
1211,89,90,0.21,9.61,0.75,0.01,-0.01,0.00,-49.27,27.83,20.70,0,0,0,
1222,90,90,0.20,9.60,0.78,0.01,-0.01,0.00,-49.91,27.81,20.49,0,0,0,
1228,90,90,0.20,9.60,0.78,0.01,-0.01,0.00,-49.21,27.90,20.05,0,0,0,
1234,90,90,0.20,9.60,0.78,0.01,-0.01,0.00,-49.37,27.23,20.23,0,0,0,
1241,90,90,0.21,9.60,0.78,0.01,-0.01,0.00,-49.72,27.49,20.29,0,0,0,
1247,89,89,0.20,9.61,0.79,0.01,-0.01,0.00,-49.27,27.55,20.45,0,0,0,
1253,89,89,0.20,9.61,0.79,0.01,-0.01,0.00,-49.27,27.35,20.08,0,0,0,
1259,89,89,0.20,9.61,0.79,0.01,-0.01,0.00,-49.02,27.42,20.45,0,0,0,
1271,89,89,0.21,9.61,0.78,0.01,-0.01,0.00,-49.14,27.43,20.89,0,0,0,
1278,90,89,0.20,9.61,0.81,0.01,-0.01,0.00,-49.40,27.93,20.51,0,0,0,
1284,89,90,0.21,9.61,0.79,0.01,-0.01,0.00,-49.80,27.83,20.46,0,0,0,
1291,89,90,0.21,9.61,0.79,0.01,-0.01,0.00,-49.46,27.43,21.22,0,0,0,
1297,89,90,0.21,9.61,0.79,0.01,-0.01,0.00,-49.68,27.36,21.25,0,0,0,
1304,89,89,0.21,9.63,0.79,0.01,-0.01,0.00,-49.52,27.78,20.14,0,0,0,
1310,89,89,0.21,9.63,0.79,0.01,-0.01,0.00,-49.42,27.80,20.15,0,0,0,
1321,90,90,0.20,9.60,0.80,0.01,-0.01,0.00,-49.93,27.93,19.75,0,0,0,
1327,90,90,0.20,9.60,0.80,0.01,-0.01,0.00,-49.61,27.90,20.11,0,0,0,
1334,90,89,0.20,9.61,0.81,0.01,-0.01,0.00,-49.09,27.32,20.70,0,0,0,
1340,89,90,0.21,9.61,0.78,0.01,-0.01,0.00,-49.61,27.70,21.12,0,0,0,
1353,89,90,0.21,9.61,0.79,0.01,-0.01,0.00,-49.42,27.73,20.72,0,0,0,
1359,89,90,0.21,9.61,0.79,0.01,-0.01,0.00,-49.65,27.52,20.20,0,0,0,
1366,89,90,0.21,9.61,0.79,0.01,-0.01,0.00,-50.07,27.52,20.08,0,0,0,
1372,89,90,0.21,9.61,0.80,0.01,-0.01,0.00,-49.55,27.78,20.71,0,0,0,
1384,90,89,0.19,9.60,0.80,0.01,-0.01,0.00,-50.03,27.67,21.54,0,0,0,
1390,89,90,0.22,9.62,0.79,0.01,-0.01,0.00,-49.74,27.96,21.29,0,0,0,
1396,89,90,0.22,9.60,0.80,0.01,-0.01,0.00,-49.65,27.55,21.16,0,0,0,
1403,89,90,0.22,9.60,0.80,0.01,-0.01,0.00,-49.72,27.78,20.53,0,0,0,
1409,89,89,0.21,9.62,0.80,0.01,-0.01,0.00,-50.12,27.21,20.51,0,0,0,
1415,89,90,0.21,9.61,0.80,0.01,-0.01,0.00,-50.23,27.68,20.61,0,0,0,
1420,89,90,0.21,9.61,0.80,0.01,-0.01,0.00,-49.30,27.57,20.52,0,0,0,
1432,89,90,0.22,9.60,0.79,0.01,-0.01,0.00,-49.80,27.68,20.05,0,0,0,
1439,89,90,0.22,9.60,0.79,0.01,-0.01,0.00,-49.75,27.13,20.58,0,0,0,
1445,89,90,0.22,9.61,0.80,0.01,-0.01,0.00,-49.39,27.21,20.23,0,0,0,
1451,89,89,0.20,9.61,0.80,0.00,-0.01,0.00,-49.68,27.67,20.37,0,0,0,
1458,89,89,0.20,9.61,0.80,0.00,-0.01,0.00,-49.63,27.42,20.39,0,0,0,
1464,90,90,0.21,9.60,0.80,0.01,-0.01,0.00,-49.61,27.83,20.11,0,0,0,
1470,89,89,0.20,9.62,0.79,0.01,-0.01,0.00,-49.39,27.89,19.72,0,0,0,
1476,89,89,0.20,9.62,0.79,0.01,-0.01,0.00,-49.85,28.08,20.11,0,0,0,
1488,89,90,0.21,9.61,0.80,0.01,-0.01,0.00,-49.82,27.81,20.83,0,0,0,
1495,89,90,0.21,9.61,0.80,0.01,-0.01,0.00,-49.55,27.52,20.11,0,0,0,
1501,89,90,0.21,9.61,0.79,0.01,-0.01,0.00,-50.12,27.42,19.34,0,0,0,
1513,89,90,0.22,9.61,0.78,0.01,-0.01,0.00,-50.29,27.68,20.58,0,0,0,
1519,89,90,0.21,9.61,0.79,0.01,-0.01,0.00,-49.97,27.39,20.10,0,0,0,
1526,90,90,0.21,9.60,0.80,0.01,-0.01,0.00,-49.91,27.70,20.33,0,0,0,
1532,90,90,0.21,9.60,0.80,0.01,-0.01,0.00,-49.68,27.83,20.43,0,0,0,
1544,90,90,0.21,9.60,0.79,0.01,-0.01,0.00,-49.74,27.64,20.33,0,0,0,
1551,90,90,0.21,9.60,0.79,0.01,-0.01,0.00,-49.84,27.71,20.46,0,0,0,
1558,89,89,0.21,9.61,0.79,0.01,-0.01,0.00,-49.66,27.39,21.03,0,0,0,
1564,89,90,0.21,9.61,0.79,0.01,-0.01,0.00,-49.61,27.36,20.77,0,0,0,
1570,89,90,0.21,9.60,0.80,0.01,-0.01,0.00,-50.03,27.71,21.13,0,0,0,
1576,89,90,0.21,9.60,0.80,0.01,-0.01,0.00,-49.68,27.48,21.24,0,0,0,
1583,89,90,0.21,9.61,0.79,0.01,-0.01,0.00,-49.43,27.83,20.59,0,0,0,
1594,89,90,0.22,9.62,0.78,0.01,-0.01,0.00,-50.03,28.15,20.68,0,0,0,
1601,89,90,0.21,9.62,0.78,0.01,-0.01,0.00,-50.41,26.72,20.71,0,0,0,
1606,89,90,0.21,9.62,0.79,0.01,-0.01,0.00,-49.81,27.49,20.08,0,0,0,
1612,89,89,0.21,9.62,0.79,0.01,-0.01,0.00,-50.16,27.92,20.15,0,0,0,
1619,90,90,0.21,9.60,0.79,0.01,-0.01,0.00,-49.63,27.67,20.81,0,0,0,
1626,89,89,0.20,9.61,0.79,0.01,-0.01,0.00,-50.03,27.10,21.15,0,0,0,
1632,89,89,0.20,9.61,0.79,0.01,-0.01,0.00,-49.94,27.78,20.64,0,0,0,
1638,89,90,0.21,9.60,0.78,0.01,-0.01,0.00,-50.06,27.93,21.24,0,0,0,
1649,89,90,0.21,9.61,0.79,0.01,-0.01,0.00,-49.49,27.73,20.77,0,0,0,
1656,89,90,0.21,9.61,0.79,0.01,-0.01,0.00,-49.91,27.49,20.86,0,0,0,
1663,90,90,0.21,9.60,0.78,0.01,-0.01,0.00,-49.62,26.78,20.37,0,0,0,
1675,89,90,0.21,9.61,0.79,0.01,-0.01,0.00,-49.82,27.05,20.67,0,0,0,
1683,89,90,0.21,9.61,0.79,0.01,-0.01,0.00,-49.74,27.71,19.99,0,0,0,
1689,89,90,0.21,9.61,0.79,0.01,-0.01,0.00,-49.87,27.30,19.94,0,0,0,
1695,89,90,0.21,9.61,0.79,0.01,-0.01,0.00,-50.20,27.21,20.24,0,0,0,
1706,89,90,0.21,9.61,0.78,0.01,-0.01,0.00,-50.13,26.56,21.05,0,0,0,
1713,89,90,0.22,9.61,0.78,0.01,-0.01,0.00,-49.75,27.45,20.53,0,0,0,
1720,89,90,0.21,9.61,0.79,0.01,-0.01,0.00,-49.80,27.99,20.18,0,0,0,
1726,89,90,0.21,9.61,0.79,0.01,-0.01,0.00,-49.75,28.18,20.86,0,0,0,
1732,90,90,0.20,9.60,0.80,0.01,-0.01,0.00,-49.25,26.82,20.40,0,0,0,
1738,89,89,0.21,9.62,0.78,0.01,-0.01,0.00,-49.56,28.12,20.13,0,0,0,
1745,89,89,0.21,9.62,0.78,0.01,-0.01,0.00,-49.53,27.71,20.74,0,0,0,
1751,89,90,0.22,9.62,0.78,0.01,-0.01,0.00,-49.66,27.71,20.97,0,0,0,
1763,90,90,0.21,9.60,0.79,0.01,-0.01,0.00,-49.91,27.67,20.80,0,0,0,
1769,89,90,0.21,9.61,0.79,0.00,-0.01,0.00,-49.40,27.33,19.77,0,0,0,
1775,89,89,0.20,9.61,0.78,0.01,-0.01,0.00,-49.14,27.35,20.99,0,0,0,
1781,89,89,0.20,9.61,0.78,0.01,-0.01,0.00,-49.43,27.65,20.14,0,0,0,
1787,89,90,0.21,9.61,0.77,0.01,-0.01,0.00,-49.18,27.30,21.03,0,0,0,
1793,89,90,0.22,9.61,0.79,0.01,-0.01,0.00,-49.66,27.74,20.90,0,0,0,
1800,89,90,0.22,9.61,0.79,0.01,-0.01,0.00,-49.65,27.74,21.38,0,0,0,
1811,90,90,0.20,9.61,0.79,0.01,-0.01,0.00,-49.69,27.42,21.32,0,0,0,
1818,90,90,0.20,9.61,0.79,0.01,-0.01,0.00,-49.53,28.22,21.51,0,0,0,
1824,89,90,0.22,9.62,0.78,0.01,-0.01,0.00,-49.46,27.87,21.32,0,0,0,
1830,89,90,0.21,9.61,0.78,0.01,-0.01,0.00,-49.33,27.64,22.03,0,0,0,
1843,90,89,0.20,9.61,0.78,0.01,-0.01,0.00,-49.12,27.57,21.43,0,0,0,
1849,89,89,0.21,9.61,0.77,0.01,-0.01,0.00,-48.73,28.14,20.89,0,0,0,
1855,89,89,0.21,9.61,0.77,0.01,-0.01,0.00,-49.40,27.33,21.34,0,0,0,
1861,90,90,0.20,9.60,0.77,0.01,-0.01,0.00,-49.85,27.92,21.35,0,0,0,
1873,89,90,0.21,9.61,0.77,0.01,-0.01,0.00,-49.58,27.54,21.40,0,0,0,
1880,89,90,0.21,9.61,0.79,0.01,-0.01,0.00,-49.55,27.90,20.96,0,0,0,
1886,89,89,0.21,9.62,0.79,0.01,-0.01,0.00,-49.84,27.65,21.38,0,0,0,
1892,89,89,0.21,9.62,0.79,0.01,-0.01,0.00,-49.74,27.84,21.28,0,0,0,
1899,90,90,0.21,9.60,0.79,0.01,-0.01,0.00,-49.63,27.04,20.77,0,0,0,
1905,89,90,0.21,9.61,0.77,0.01,-0.01,0.00,-49.49,27.68,21.54,0,0,0,
1911,89,90,0.21,9.61,0.77,0.01,-0.01,0.00,-49.40,27.23,20.26,0,0,0,
1923,89,90,0.21,9.61,0.78,0.01,-0.01,0.00,-49.65,27.61,20.42,0,0,0,
1929,89,90,0.21,9.61,0.78,0.01,-0.01,0.00,-49.42,27.81,21.08,0,0,0,
1936,89,90,0.22,9.61,0.77,0.01,-0.01,0.00,-49.63,27.86,20.91,0,0,0,
1942,89,90,0.21,9.62,0.78,0.01,-0.01,0.00,-49.61,27.21,20.75,0,0,0,
1948,89,90,0.21,9.62,0.78,0.01,-0.01,0.00,-49.27,27.54,21.66,0,0,0,
1954,89,89,0.20,9.62,0.79,0.01,-0.01,0.00,-50.01,27.62,21.31,0,0,0,
1961,90,90,0.20,9.60,0.79,0.01,-0.01,0.00,-49.58,27.93,20.91,0,0,0,
1972,91,90,0.16,9.46,1.03,0.04,-0.01,0.00,-49.34,27.30,21.47,0,0,0,
1978,88,90,0.26,9.66,0.62,0.18,-0.04,-0.00,-49.27,27.51,21.63,0,0,0,
1984,88,90,0.26,9.66,0.62,0.18,-0.04,-0.00,-49.44,27.08,21.27,0,0,0,
1991,88,88,0.19,9.80,0.52,0.02,-0.01,0.00,-49.68,28.06,21.65,0,0,0,
2005,89,89,0.21,9.66,0.71,0.04,-0.01,0.00,-49.09,27.86,20.24,0,0,0,
2011,89,89,0.21,9.66,0.71,0.04,-0.01,0.00,-49.68,27.76,20.74,0,0,0,
2017,89,89,0.21,9.65,0.70,0.00,-0.01,0.00,-49.80,27.51,20.67,0,0,0,
2024,90,90,0.22,9.52,0.87,-0.01,-0.01,0.00,-49.44,27.78,20.32,0,0,0,
2036,89,89,0.21,9.63,0.74,0.05,-0.00,0.00,-49.53,27.49,20.34,0,0,0,
2042,89,90,0.21,9.61,0.74,0.03,-0.01,0.00,-49.44,27.52,19.80,0,0,0,
2048,89,90,0.21,9.61,0.74,0.03,-0.01,0.00,-49.59,27.68,20.62,0,0,0,
2054,90,90,0.21,9.51,0.85,0.05,-0.00,0.00,-49.66,28.02,20.72,0,0,0,
2061,89,90,0.23,9.60,0.77,0.14,0.01,0.00,-50.06,27.73,21.06,0,0,0,
2067,89,90,0.23,9.60,0.77,0.14,0.01,0.00,-49.28,27.27,21.32,0,0,0,
2073,89,89,0.19,9.64,0.73,0.13,-0.00,0.00,-49.53,27.80,20.84,0,0,0,
2085,92,92,0.20,9.38,1.06,0.19,-0.01,0.00,-49.74,27.32,21.38,0,0,0,
2092,89,89,0.20,9.71,0.57,0.37,-0.01,0.00,-49.71,27.67,21.51,0,0,0,
2098,86,88,0.32,9.88,0.05,0.19,0.01,0.00,-49.84,27.57,21.51,0,0,0,
2104,86,88,0.32,9.88,0.05,0.19,0.01,0.00,-49.74,27.99,21.02,0,0,0,
2110,85,85,0.24,10.09,-0.05,-0.02,0.21,0.02,-49.74,27.55,21.08,0,0,0,
2117,92,88,-0.01,9.54,1.23,-0.54,0.05,0.01,-49.71,27.21,21.16,0,0,0,
2123,92,88,-0.01,9.54,1.23,-0.54,0.05,0.01,-50.06,27.39,21.05,0,0,0,
2129,91,93,0.29,9.34,0.99,-0.37,-0.05,0.00,-49.55,27.40,21.21,0,0,0,
2141,92,92,0.21,9.35,1.12,-0.03,-0.01,0.00,-49.28,27.04,20.68,0,0,0,
2147,90,90,0.17,9.56,0.85,0.13,-0.04,0.00,-49.72,27.58,21.24,0,0,0,
2154,89,89,0.20,9.66,0.69,0.18,-0.05,-0.00,-50.00,27.19,21.27,0,0,0,
2167,88,89,0.25,9.74,0.50,0.08,-0.03,0.00,-49.25,27.29,21.54,0,0,0,
2173,89,89,0.21,9.64,0.67,-0.02,-0.01,0.00,-49.65,27.35,21.62,0,0,0,
2179,89,89,0.21,9.64,0.67,-0.02,-0.01,0.00,-49.36,26.75,21.50,0,0,0,
2186,90,90,0.20,9.55,0.78,-0.02,-0.01,0.00,-49.61,27.48,21.82,0,0,0,
2198,89,89,0.20,9.71,0.60,-0.02,-0.01,0.00,-49.50,27.32,22.07,0,0,0,
2204,91,91,0.20,9.48,0.91,-0.03,-0.01,0.00,-49.62,27.36,21.43,0,0,0,
2210,89,89,0.20,9.67,0.65,0.04,-0.01,0.00,-49.47,27.30,21.32,0,0,0,
2217,89,89,0.20,9.65,0.67,0.04,-0.01,0.00,-49.71,27.68,21.27,0,0,0,
2223,89,89,0.21,9.65,0.67,-0.03,-0.01,0.00,-49.52,27.32,20.80,0,0,0,
2229,90,90,0.21,9.58,0.78,-0.03,-0.01,0.00,-49.99,27.38,21.60,0,0,0,
2235,90,90,0.21,9.58,0.78,-0.03,-0.01,0.00,-50.07,27.00,20.94,0,0,0,
2246,89,89,0.21,9.64,0.68,-0.09,-0.01,0.00,-49.72,27.61,20.93,0,0,0,
2253,89,89,0.21,9.64,0.68,-0.09,-0.01,0.00,-49.91,27.51,20.34,0,0,0,
2259,89,89,0.20,9.62,0.73,-0.14,-0.01,0.00,-50.22,27.39,20.13,0,0,0,
2265,90,90,0.20,9.58,0.81,-0.14,-0.01,0.00,-49.30,27.45,21.25,0,0,0,
2271,90,90,0.20,9.58,0.81,-0.14,-0.01,0.00,-49.53,27.48,20.37,0,0,0,
2278,90,90,0.20,9.53,0.88,-0.11,-0.01,0.00,-50.09,27.46,20.04,0,0,0,
2284,90,90,0.21,9.54,0.89,-0.02,-0.01,0.00,-50.54,27.35,21.13,0,0,0,
2290,90,90,0.21,9.54,0.89,-0.02,-0.01,0.00,-50.07,27.61,20.93,0,0,0,
2302,89,89,0.20,9.67,0.69,-0.00,-0.01,0.00,-49.72,27.64,20.81,0,0,0,
2309,89,89,0.20,9.67,0.69,-0.00,-0.01,0.00,-50.23,27.54,19.13,0,0,0,
2315,89,89,0.21,9.71,0.65,-0.09,-0.01,0.00,-49.91,27.89,20.71,0,0,0,
2327,90,90,0.21,9.56,0.84,-0.16,-0.01,0.00,-49.69,27.42,20.58,0,0,0,
2334,91,90,0.19,9.50,1.00,-0.07,-0.02,0.00,-49.46,27.70,20.36,0,0,0,
2340,89,90,0.23,9.60,0.80,0.00,-0.03,0.00,-49.88,27.01,20.77,0,0,0,
2347,89,90,0.23,9.60,0.80,0.00,-0.03,0.00,-49.61,26.91,20.33,0,0,0,
2358,90,90,0.20,9.60,0.81,0.01,-0.01,0.00,-49.72,27.57,20.23,0,0,0,
2365,90,90,0.20,9.60,0.81,0.01,-0.01,0.00,-49.74,27.96,20.87,0,0,0,
2371,90,90,0.21,9.59,0.81,0.01,-0.01,0.00,-49.30,26.95,20.91,0,0,0,
2378,89,90,0.21,9.61,0.83,0.01,-0.01,0.00,-48.92,27.24,20.75,0,0,0,
2384,90,91,0.21,9.49,0.96,0.01,-0.01,0.00,-49.44,27.17,21.40,0,0,0,
2390,90,91,0.21,9.49,0.96,0.06,-0.01,0.00,-49.65,27.32,20.32,0,0,0,
2396,89,89,0.21,9.66,0.74,0.12,-0.01,0.00,-49.43,27.55,19.51,0,0,0,
2408,89,89,0.21,9.71,0.67,0.06,-0.01,0.00,-49.02,27.30,20.26,0,0,0,
2415,88,88,0.20,9.74,0.68,-0.06,-0.02,0.00,-49.80,27.36,20.72,0,0,0,
2421,89,89,0.19,9.69,0.77,-0.06,-0.02,-0.31,-49.96,27.27,20.04,0,0,0,
2427,89,89,0.19,9.69,0.77,-0.18,-0.05,-0.00,-49.39,27.32,20.08,0,0,0,
2434,89,89,0.21,9.63,0.79,-0.26,-0.07,-0.01,-50.07,27.00,20.20,0,0,0,
2440,89,90,0.23,9.61,0.78,-0.29,-0.07,-0.01,-49.75,26.98,20.14,0,0,0,
2446,89,90,0.23,9.61,0.78,-0.29,-0.07,-0.01,-49.52,27.02,20.10,0,0,0,
2452,90,90,0.22,9.53,0.96,-0.26,-0.03,-0.00,-50.06,27.59,20.15,0,0,0,
2463,91,91,0.21,9.41,1.11,-0.15,-0.02,0.00,-50.09,26.89,20.08,0,0,0,
2471,91,90,0.18,9.51,1.10,0.02,-0.02,0.00,-49.82,26.54,20.65,0,0,0,
2477,90,90,0.22,9.55,0.93,0.02,-0.05,-0.00,-49.42,26.50,20.26,0,0,0,
2489,89,90,0.23,9.63,0.80,0.14,-0.03,0.00,-49.02,26.73,20.17,0,0,0,
2496,89,89,0.21,9.66,0.78,0.10,-0.01,0.00,-49.49,27.07,20.21,0,0,0,
2503,89,89,0.21,9.66,0.78,0.10,-0.01,0.00,-49.61,26.75,20.36,0,0,0,
2509,89,89,0.21,9.62,0.83,0.03,-0.01,0.00,-49.71,26.82,20.97,0,0,0,
2521,90,90,0.21,9.58,0.88,0.02,-0.01,0.00,-49.43,26.44,20.75,0,0,0,
2527,90,90,0.20,9.60,0.89,0.03,-0.01,0.00,-49.17,26.98,21.70,0,0,0,
2534,90,90,0.20,9.60,0.86,0.04,-0.01,0.00,-49.23,26.67,21.16,0,0,0,
2540,90,90,0.20,9.60,0.86,0.04,-0.01,0.00,-49.20,26.75,20.58,0,0,0,
2546,90,90,0.21,9.59,0.85,0.04,-0.01,0.00,-48.99,27.32,21.34,0,0,0,
2552,89,90,0.22,9.60,0.85,0.04,-0.01,0.00,-48.61,26.78,20.70,0,0,0,
2559,89,90,0.22,9.60,0.84,0.04,-0.01,0.00,-49.74,26.72,20.42,0,0,0,
2571,89,89,0.21,9.62,0.83,0.02,-0.01,0.00,-49.43,26.60,21.10,0,0,0,
2577,89,89,0.21,9.62,0.83,0.02,-0.01,0.00,-49.15,26.70,20.37,0,0,0,
2583,89,89,0.21,9.62,0.83,0.00,-0.01,0.00,-49.44,26.76,20.83,0,0,0,
2589,89,89,0.19,9.63,0.84,-0.02,-0.02,0.00,-49.11,26.40,20.90,0,0,0,
2596,90,90,0.21,9.59,0.90,-0.02,-0.02,0.00,-49.56,27.08,21.37,0,0,0,
2602,90,90,0.21,9.59,0.90,-0.06,-0.04,0.00,-49.65,26.98,21.34,0,0,0,
2608,90,91,0.23,9.52,0.92,-0.03,-0.04,-0.00,-49.43,26.92,21.18,0,0,0,
2614,90,91,0.23,9.52,0.92,-0.03,-0.04,-0.00,-49.81,27.20,20.51,0,0,0,
2626,89,89,0.24,9.65,0.77,-0.00,-0.02,0.00,-49.42,27.02,20.83,0,0,0,
2633,89,89,0.24,9.65,0.77,-0.00,-0.02,0.00,-49.97,26.89,20.94,0,0,0,
2639,90,90,0.21,9.58,0.88,-0.03,-0.01,0.00,-49.69,26.79,20.51,0,0,0,
2651,90,90,0.21,9.56,0.94,0.00,-0.01,0.00,-49.72,26.95,20.77,0,0,0,
2659,89,89,0.20,9.61,0.86,0.04,-0.01,0.00,-49.61,26.85,20.65,0,0,0,
2665,89,89,0.22,9.66,0.77,-0.00,-0.01,0.00,-49.58,27.32,20.13,0,0,0,
2671,89,89,0.20,9.66,0.77,-0.00,-0.01,0.00,-49.65,27.26,20.21,0,0,0,
2683,89,89,0.20,9.65,0.80,-0.14,-0.01,0.00,-49.15,27.00,20.68,0,0,0,
2689,89,89,0.20,9.69,0.82,-0.14,-0.01,0.00,-49.42,27.13,21.05,0,0,0,
2696,89,88,0.17,9.69,0.82,-0.21,-0.01,0.00,-49.08,26.59,20.68,0,0,0,
2702,90,90,0.18,9.58,1.00,-0.29,-0.04,-0.00,-49.24,27.07,20.14,0,0,0,
2708,90,90,0.20,9.60,0.99,-0.29,-0.04,-0.00,-49.37,26.81,20.78,0,0,0,
2713,90,90,0.20,9.60,0.99,-0.29,-0.08,-0.00,-49.12,26.43,21.24,0,0,0,
2720,90,90,0.19,9.52,1.10,-0.27,-0.09,-0.01,-49.25,26.94,20.68,0,0,0,
2732,90,90,0.20,9.51,1.10,-0.23,-0.13,-0.01,-49.02,27.32,20.01,0,0,0,
2738,90,91,0.25,9.48,1.09,-0.12,-0.11,-0.01,-49.78,27.61,20.84,0,0,0,
2744,90,91,0.25,9.48,1.09,-0.12,-0.11,-0.01,-49.40,27.43,20.77,0,0,0,
2751,90,90,0.22,9.57,0.99,-0.02,-0.07,-0.00,-49.66,27.14,20.40,0,0,0,
2757,89,89,0.20,9.66,0.90,-0.03,-0.05,-0.00,-49.44,27.46,21.15,0,0,0,
2763,89,89,0.18,9.67,0.96,-0.03,-0.05,-0.00,-49.77,27.24,20.78,0,0,0,
2769,89,89,0.18,9.67,0.96,-0.11,-0.05,-0.00,-49.72,27.81,20.15,0,0,0,
2776,90,90,0.20,9.56,1.09,-0.19,-0.09,-0.01,-48.96,27.05,20.32,0,0,0,
2788,89,90,0.23,9.64,0.94,-0.17,-0.07,-0.01,-49.50,27.04,20.42,0,0,0,
2794,89,89,0.21,9.68,0.97,-0.27,-0.07,-0.01,-49.47,27.20,19.92,0,0,0,
2800,89,90,0.26,9.56,0.97,-0.27,-0.07,-0.01,-49.14,27.26,20.72,0,0,0,
2806,89,90,0.26,9.56,0.97,-0.33,-0.06,-0.01,-49.23,27.10,20.33,0,0,0,
2820,90,90,0.22,9.52,1.24,-0.27,-0.01,0.00,-48.45,27.16,20.20,0,0,0,
2826,90,90,0.22,9.52,1.24,-0.27,-0.01,0.00,-48.93,26.88,20.68,0,0,0,
2832,90,90,0.21,9.54,1.22,-0.22,-0.01,0.00,-49.46,26.97,20.61,0,0,0,
2844,90,90,0.19,9.52,1.25,-0.19,-0.01,0.00,-49.06,27.30,19.96,0,0,0,
2851,90,90,0.20,9.56,1.21,-0.18,-0.02,0.00,-49.33,27.11,20.53,0,0,0,
2857,91,91,0.21,9.45,1.36,-0.15,-0.01,0.00,-48.76,27.10,20.62,0,0,0,
2863,91,91,0.21,9.45,1.36,-0.15,-0.01,0.00,-49.28,27.21,20.04,0,0,0,
2869,90,91,0.21,9.50,1.31,-0.05,-0.01,0.00,-49.01,27.61,21.06,0,0,0,
2876,90,90,0.21,9.54,1.28,0.00,-0.01,0.00,-49.14,27.13,20.55,0,0,0,
2882,90,90,0.21,9.54,1.28,0.00,-0.01,0.00,-49.17,27.13,20.55,0,0,0,
2894,90,90,0.21,9.54,1.25,0.02,-0.02,0.00,-49.23,26.95,21.32,0,0,0,
2900,90,90,0.21,9.54,1.25,0.02,-0.02,0.00,-49.28,26.48,19.69,0,0,0,
2906,90,90,0.22,9.54,1.25,0.03,-0.01,0.00,-48.87,27.13,20.93,0,0,0,
2913,90,90,0.20,9.54,1.24,0.05,-0.01,0.00,-49.17,27.16,20.36,0,0,0,
2919,90,90,0.20,9.54,1.24,0.05,-0.01,0.00,-49.42,26.98,20.62,0,0,0,
2925,90,90,0.21,9.59,1.19,0.05,-0.01,0.00,-49.23,27.14,20.15,0,0,0,
2931,90,90,0.21,9.57,1.20,0.02,-0.01,0.00,-49.20,27.48,20.49,0,0,0,
2938,90,90,0.21,9.57,1.20,0.02,-0.01,0.00,-49.80,26.92,20.20,0,0,0,
2950,90,90,0.21,9.56,1.23,0.01,-0.01,0.00,-49.46,26.54,19.88,0,0,0,
2956,90,90,0.21,9.56,1.23,0.01,-0.01,0.00,-49.99,26.75,21.27,0,0,0,
2962,90,90,0.20,9.54,1.24,0.02,-0.01,0.00,-49.58,26.57,21.09,0,0,0,
2969,90,90,0.20,9.55,1.23,0.03,-0.01,0.00,-49.44,27.02,20.52,0,0,0,
2982,90,90,0.21,9.52,1.25,0.05,-0.01,0.00,-49.69,27.65,21.00,0,0,0,
2988,91,91,0.20,9.46,1.33,0.09,-0.01,0.00,-49.80,27.38,21.44,0,0,0,
2994,92,92,0.20,9.32,1.50,0.09,-0.01,0.00,-49.96,27.01,21.03,0,0,0,
3006,92,92,0.20,9.34,1.46,0.48,-0.01,0.00,-49.62,27.17,20.74,0,0,0,
3013,90,90,0.20,9.52,1.17,0.66,-0.02,0.00,-49.65,27.32,21.37,0,0,0,
3019,90,90,0.20,9.52,1.17,0.66,-0.02,0.00,-49.46,27.10,20.90,0,0,0,
3025,89,89,0.21,9.66,0.94,0.68,-0.02,0.00,-48.95,27.43,21.59,0,0,0,
3032,88,88,0.21,9.78,0.73,0.68,-0.01,0.00,-49.61,27.04,20.89,0,0,0,
3039,88,88,0.21,9.78,0.73,0.55,-0.01,0.00,-50.00,27.11,19.70,0,0,0,
3045,88,88,0.22,9.75,0.73,0.34,-0.01,0.00,-48.87,27.32,20.71,0,0,0,
3056,89,89,0.22,9.66,0.85,0.20,-0.01,0.00,-49.14,27.19,21.21,0,0,0,
3062,89,89,0.21,9.64,0.87,0.14,-0.00,0.00,-49.31,27.65,20.51,0,0,0,
3069,89,90,0.21,9.61,0.88,0.11,-0.00,0.00,-48.83,27.73,20.20,0,0,0,
3075,89,90,0.21,9.61,0.88,0.11,-0.00,0.00,-49.53,27.23,20.65,0,0,0,
3081,89,90,0.22,9.60,0.87,0.08,-0.00,0.00,-48.61,27.48,21.02,0,0,0,
3087,89,90,0.23,9.61,0.83,0.08,-0.00,0.00,-48.83,28.03,20.37,0,0,0,
3094,89,90,0.23,9.61,0.83,0.07,0.01,0.00,-49.61,27.92,20.81,0,0,0,
3100,90,90,0.22,9.59,0.86,0.07,0.03,0.01,-49.11,27.54,21.25,0,0,0,
3111,90,91,0.24,9.49,0.98,0.11,0.05,0.01,-49.08,27.73,21.27,0,0,0,
3117,91,90,0.19,9.50,1.08,0.22,0.08,0.01,-49.20,27.83,20.96,0,0,0,
3123,91,90,0.19,9.50,1.22,0.22,0.08,0.01,-49.25,28.12,21.81,0,0,0,
3130,92,91,0.17,9.38,1.22,0.35,0.03,0.01,-49.24,28.11,21.16,0,0,0,
3142,86,86,0.20,10.04,0.18,0.52,-0.01,0.00,-49.34,27.89,20.37,0,0,0,
3149,86,86,0.21,10.04,0.18,0.34,-0.01,0.00,-48.71,27.24,21.19,0,0,0,
3155,89,89,0.20,9.71,0.61,-0.04,-0.01,0.00,-48.74,27.62,20.74,0,0,0,
3167,90,91,0.22,9.51,0.90,-0.08,-0.01,0.00,-48.66,28.09,21.51,0,0,0,
3174,90,90,0.22,9.58,0.79,-0.00,-0.01,0.00,-49.59,27.32,21.62,0,0,0,
3180,89,89,0.20,9.62,0.75,-0.00,-0.01,0.00,-48.98,27.89,21.40,0,0,0,
3186,89,89,0.20,9.62,0.75,-0.00,-0.01,0.00,-49.63,27.80,21.21,0,0,0,
3193,89,89,0.20,9.62,0.77,-0.01,-0.01,0.00,-49.56,28.02,20.78,0,0,0,
3199,89,89,0.21,9.66,0.72,-0.04,-0.01,0.00,-49.49,27.81,20.48,0,0,0,
3205,89,89,0.21,9.66,0.72,-0.04,-0.01,0.00,-49.12,27.65,20.43,0,0,0,
3211,89,90,0.22,9.61,0.76,-0.06,-0.01,0.00,-49.24,27.80,19.72,0,0,0,
3223,90,91,0.22,9.50,0.89,-0.05,0.01,0.00,-49.18,27.46,20.64,0,0,0,
3230,91,91,0.19,9.42,1.08,0.10,0.00,0.00,-49.14,27.93,20.83,0,0,0,
3236,89,89,0.22,9.63,0.74,0.22,-0.01,0.00,-49.20,27.95,20.62,0,0,0,
3242,89,89,0.22,9.63,0.74,0.22,-0.01,0.00,-48.52,27.49,20.07,0,0,0,
3248,88,89,0.20,9.72,0.61,0.16,-0.01,0.00,-48.87,27.32,20.78,0,0,0,
3255,89,89,0.21,9.68,0.64,0.05,-0.01,0.00,-49.52,27.96,20.80,0,0,0,
3261,89,89,0.21,9.68,0.64,0.05,-0.01,0.00,-48.92,27.49,20.97,0,0,0,
3272,90,90,0.21,9.58,0.78,0.02,-0.01,0.00,-49.09,28.03,20.93,0,0,0,
3279,90,90,0.21,9.58,0.78,0.02,-0.01,0.00,-49.44,27.21,21.24,0,0,0,
3286,89,90,0.22,9.63,0.72,0.02,-0.01,0.00,-49.50,27.38,21.35,0,0,0,
3292,89,89,0.21,9.67,0.67,-0.01,-0.01,0.00,-48.83,27.92,20.80,0,0,0,
3305,90,90,0.21,9.52,0.85,-0.04,-0.01,0.00,-49.36,28.05,19.92,0,0,0,
3312,90,90,0.22,9.54,0.86,0.07,-0.01,0.00,-48.85,27.64,20.86,0,0,0,
3318,88,88,0.22,9.77,0.52,0.07,-0.01,0.00,-49.08,27.81,20.18,0,0,0,
3330,90,90,0.20,9.59,0.76,-0.05,-0.01,0.00,-49.05,27.89,19.94,0,0,0,
3337,90,90,0.21,9.57,0.77,-0.05,-0.01,0.00,-48.98,27.70,21.03,0,0,0,
3343,90,90,0.21,9.57,0.77,-0.04,-0.01,0.00,-49.01,27.43,20.42,0,0,0,
3349,90,90,0.21,9.58,0.80,0.01,-0.01,0.00,-48.68,27.48,19.61,0,0,0,
3356,89,89,0.20,9.63,0.72,0.03,-0.01,0.00,-49.52,27.46,19.89,0,0,0,
3362,89,89,0.20,9.63,0.72,0.03,-0.01,0.00,-48.89,27.38,20.91,0,0,0,
3368,89,89,0.20,9.64,0.70,-0.00,-0.01,0.00,-49.06,27.54,20.81,0,0,0,
3374,90,90,0.20,9.60,0.74,-0.00,-0.01,0.00,-48.90,27.89,20.13,0,0,0,
3385,89,90,0.22,9.61,0.75,-0.03,-0.01,0.00,-49.06,27.49,20.71,0,0,0,
3392,89,90,0.22,9.60,0.77,-0.03,-0.01,0.00,-48.95,27.78,20.77,0,0,0,
3398,89,90,0.22,9.60,0.77,-0.03,-0.01,0.00,-49.18,27.29,20.40,0,0,0,
3404,90,90,0.21,9.59,0.78,-0.02,-0.01,0.00,-48.95,27.93,20.01,0,0,0,
3411,90,90,0.21,9.58,0.78,-0.00,-0.01,0.00,-49.09,28.12,20.18,0,0,0,
3418,90,90,0.21,9.58,0.78,-0.00,-0.01,0.00,-48.86,28.21,20.46,0,0,0,
3424,90,90,0.21,9.60,0.77,0.01,-0.01,0.00,-49.17,27.93,20.26,0,0,0,
3435,90,90,0.21,9.58,0.78,0.01,-0.01,0.00,-49.11,28.24,20.56,0,0,0,
3442,89,89,0.21,9.62,0.74,0.03,-0.01,0.00,-49.11,27.96,20.49,0,0,0,
3449,89,90,0.22,9.62,0.73,0.01,-0.01,0.00,-49.39,28.15,20.61,0,0,0,
3455,89,90,0.22,9.62,0.73,0.01,-0.01,0.00,-48.68,27.71,21.25,0,0,0,
3467,90,90,0.20,9.60,0.76,0.02,-0.01,0.00,-49.39,27.73,20.91,0,0,0,
3474,90,90,0.20,9.60,0.76,0.02,-0.01,0.00,-49.04,27.93,20.77,0,0,0,
3481,89,89,0.21,9.62,0.75,0.03,-0.01,0.00,-48.95,27.30,20.53,0,0,0,
3487,89,89,0.22,9.68,0.67,0.01,-0.01,0.00,-48.95,27.90,19.53,0,0,0,
3567,89,89,0.21,9.62,0.77,-0.01,-0.01,0.00,-48.99,27.77,20.11,0,0,0,
3605,90,90,0.22,9.60,0.82,-0.01,-0.01,0.00,-48.77,27.45,20.81,0,0,0,
3612,90,90,0.22,9.60,0.82,-0.01,-0.01,0.00,-49.04,27.35,21.48,0,0,0,
3618,90,90,0.21,9.58,0.84,-0.00,-0.01,0.00,-48.71,27.32,21.43,0,0,0,
3624,90,89,0.19,9.61,0.80,0.01,-0.01,0.00,-48.60,27.57,21.18,0,0,0,
3630,90,89,0.19,9.61,0.80,0.01,-0.01,0.00,-48.99,27.17,21.08,0,0,0,
3636,90,90,0.20,9.59,0.81,0.00,-0.01,0.00,-48.93,27.07,20.65,0,0,0,
3650,89,89,0.22,9.63,0.80,0.01,-0.01,0.00,-49.23,27.46,21.69,0,0,0,
3656,89,89,0.22,9.64,0.74,-0.02,-0.01,0.00,-49.56,27.11,21.32,0,0,0,
3663,89,89,0.21,9.62,0.79,-0.06,-0.01,0.00,-48.68,27.38,20.78,0,0,0,
3669,89,89,0.21,9.67,0.74,-0.06,-0.01,0.00,-49.01,27.14,21.24,0,0,0,
3675,89,89,0.20,9.67,0.74,-0.10,-0.01,0.00,-48.87,27.24,21.02,0,0,0,
3681,90,90,0.21,9.61,0.84,-0.15,-0.01,0.00,-49.14,27.24,21.60,0,0,0,
3688,90,90,0.20,9.59,0.88,-0.15,-0.01,0.00,-49.17,27.62,20.97,0,0,0,
3699,90,90,0.17,9.56,0.98,-0.12,-0.02,0.00,-49.43,26.73,21.34,0,0,0,
3706,90,90,0.17,9.56,0.98,-0.12,-0.02,0.00,-49.17,27.10,21.28,0,0,0,
3712,90,89,0.14,9.58,1.10,-0.09,-0.07,-0.00,-48.83,27.62,21.06,0,0,0,
3718,89,91,0.31,9.55,0.71,-0.06,-0.11,-0.01,-49.34,27.43,20.83,0,0,0,
3725,88,90,0.31,9.67,0.77,-0.06,-0.11,-0.01,-49.15,26.63,20.08,0,0,0,
3731,89,89,0.23,9.67,0.77,-0.04,-0.02,0.00,-49.14,27.51,21.05,0,0,0,
3737,90,90,0.21,9.59,0.90,-0.08,-0.01,0.00,-49.42,27.46,20.37,0,0,0,
3743,89,89,0.21,9.62,0.88,-0.08,-0.01,0.00,-49.30,27.27,21.37,0,0,0,
3763,89,89,0.21,9.66,0.84,-0.21,-0.01,0.00,-49.37,27.35,20.29,0,0,0,
3769,89,89,0.21,9.66,0.84,-0.21,-0.01,0.00,-49.77,26.79,20.74,0,0,0,
3775,91,91,0.18,9.46,1.12,-0.21,-0.01,0.00,-49.05,26.82,20.61,0,0,0,
3781,91,90,0.13,9.49,1.23,-0.09,-0.03,0.00,-49.31,27.27,20.91,0,0,0,
3788,91,90,0.13,9.49,1.23,-0.09,-0.03,0.00,-49.01,27.43,20.83,0,0,0,
3794,91,91,0.19,9.46,1.24,-0.01,-0.12,-0.00,-49.91,27.67,19.70,0,0,0,
3800,89,89,0.24,9.66,0.81,0.04,-0.14,-0.01,-49.61,27.30,20.58,0,0,0,
3811,89,90,0.27,9.61,0.77,0.02,-0.08,-0.01,-49.21,27.83,19.80,0,0,0,
3818,89,90,0.22,9.60,0.92,0.02,-0.02,0.00,-49.18,26.79,20.64,0,0,0,
3825,89,90,0.22,9.60,0.92,0.02,-0.02,0.00,-49.24,27.00,19.80,0,0,0,
3831,90,90,0.21,9.57,0.98,0.02,-0.02,0.00,-49.06,27.01,20.75,0,0,0,
3837,90,90,0.21,9.57,0.98,0.04,-0.02,0.00,-49.24,27.36,20.29,0,0,0,
3843,90,90,0.21,9.57,0.98,0.04,-0.02,0.00,-48.92,27.67,20.45,0,0,0,
3850,90,90,0.21,9.53,1.01,0.08,-0.02,0.00,-49.01,27.10,19.67,0,0,0,
3861,91,91,0.20,9.47,1.09,0.17,-0.01,0.00,-49.20,27.11,20.13,0,0,0,
3867,91,91,0.19,9.48,1.07,0.30,-0.01,0.00,-49.05,27.10,20.05,0,0,0,
3873,91,91,0.22,9.47,1.04,0.30,-0.02,0.00,-48.96,26.98,19.61,0,0,0,
3880,91,91,0.22,9.47,1.04,0.41,-0.02,0.00,-49.59,27.08,20.91,0,0,0,
3886,88,88,0.21,9.77,0.62,0.45,-0.02,0.00,-49.37,27.24,20.89,0,0,0,
3892,87,87,0.20,9.85,0.50,0.24,-0.02,0.00,-48.87,27.78,19.63,0,0,0,
3898,87,87,0.20,9.85,0.50,0.24,-0.02,0.00,-48.70,27.16,20.89,0,0,0,
3905,89,89,0.22,9.65,0.72,0.04,-0.03,0.00,-49.02,27.29,19.82,0,0,0,
3924,90,90,0.20,9.59,0.84,0.07,-0.01,0.00,-49.20,27.33,20.72,0,0,0,
3930,90,90,0.21,9.57,0.82,0.09,-0.01,0.00,-49.49,27.35,19.80,0,0,0,
3936,90,90,0.21,9.57,0.82,0.09,-0.01,0.00,-49.62,27.00,20.13,0,0,0,
3943,90,90,0.21,9.54,0.88,0.15,-0.00,0.00,-49.17,27.58,20.96,0,0,0,
3949,88,88,0.21,9.79,0.55,0.13,-0.00,0.00,-49.01,27.19,19.47,0,0,0,
3956,88,88,0.21,9.79,0.55,0.13,-0.00,0.00,-49.37,26.91,20.75,0,0,0,
3961,89,88,0.19,9.72,0.63,-0.05,-0.01,0.00,-49.40,27.23,21.03,0,0,0,
3973,90,90,0.22,9.53,0.86,-0.11,-0.02,0.00,-49.25,27.64,20.64,0,0,0,
3980,91,91,0.21,9.48,0.94,-0.01,-0.02,0.00,-49.31,27.17,20.42,0,0,0,
3986,91,91,0.21,9.47,0.96,0.14,-0.01,0.00,-49.72,27.11,20.02,0,0,0,
3992,91,91,0.21,9.47,0.96,0.14,-0.01,0.00,-49.20,27.92,20.24,0,0,0,
3998,89,89,0.21,9.71,0.63,0.20,-0.01,0.00,-49.69,27.58,21.43,0,0,0,
4005,88,88,0.22,9.75,0.57,0.09,-0.01,0.00,-49.53,27.51,20.55,0,0,0,
4011,88,88,0.22,9.75,0.77,0.09,-0.01,0.00,-49.61,27.45,21.47,0,0,0,
4022,90,90,0.20,9.57,0.79,0.03,-0.01,0.00,-49.31,27.46,20.75,0,0,0,
4028,90,90,0.20,9.57,0.79,0.03,-0.01,0.00,-49.39,27.05,20.33,0,0,0,
4035,89,89,0.20,9.61,0.75,0.06,-0.01,0.00,-49.58,27.74,20.10,0,0,0,
4041,89,89,0.22,9.67,0.68,0.04,-0.01,0.00,-49.11,27.35,20.15,0,0,0,
4047,89,89,0.22,9.67,0.68,0.04,-0.01,0.00,-49.14,27.32,19.86,0,0,0,
4053,89,90,0.22,9.61,0.72,-0.00,-0.01,0.00,-49.36,27.38,20.84,0,0,0,
4060,89,90,0.22,9.61,0.72,-0.01,-0.01,0.00,-48.89,27.30,20.71,0,0,0,
4066,89,90,0.22,9.61,0.72,-0.01,-0.01,0.00,-48.76,27.45,19.91,0,0,0,
4086,90,90,0.21,9.58,0.79,-0.04,-0.01,0.00,-49.61,27.23,20.49,0,0,0,
4092,90,90,0.21,9.58,0.79,-0.06,-0.01,0.00,-48.86,27.59,20.07,0,0,0,
4098,90,90,0.21,9.57,0.81,-0.02,-0.01,0.00,-48.93,27.65,19.89,0,0,0,
4104,89,89,0.20,9.64,0.73,-0.02,-0.01,0.00,-48.70,27.30,19.83,0,0,0,
4110,89,89,0.20,9.64,0.73,-0.00,-0.01,0.00,-48.73,27.39,20.05,0,0,0,
4116,90,90,0.21,9.60,0.78,-0.01,-0.01,0.00,-49.23,27.23,20.59,0,0,0,
4122,90,90,0.21,9.60,0.78,-0.01,-0.01,0.00,-48.83,27.74,21.24,0,0,0,
4133,89,90,0.21,9.61,0.77,-0.01,-0.01,0.00,-49.01,27.54,19.73,0,0,0,
4141,89,90,0.21,9.61,0.73,-0.01,-0.01,0.00,-49.65,28.06,20.26,0,0,0,
4147,89,89,0.21,9.62,0.73,-0.01,-0.01,0.00,-49.01,27.65,20.37,0,0,0,
4153,89,90,0.21,9.61,0.75,-0.02,-0.01,0.00,-48.93,27.24,20.56,0,0,0,
4160,90,90,0.20,9.61,0.78,-0.02,-0.01,0.00,-48.82,27.46,19.45,0,0,0,
4166,90,90,0.20,9.61,0.78,-0.03,-0.01,0.00,-48.52,27.67,20.83,0,0,0,
4172,90,90,0.22,9.55,0.81,-0.01,-0.00,0.00,-49.72,27.49,20.56,0,0,0,
4183,90,92,0.27,9.44,0.86,0.07,0.02,0.00,-48.99,27.10,20.77,0,0,0,
4189,90,89,0.15,9.57,0.95,0.29,0.05,0.01,-49.30,27.02,20.18,0,0,0,
4196,88,87,0.15,9.81,0.45,0.29,0.05,0.01,-49.56,27.33,20.11,0,0,0,
4202,88,88,0.22,9.81,0.45,0.23,0.01,0.00,-49.08,27.33,20.87,0,0,0,
4208,89,89,0.19,9.68,0.64,0.05,0.00,0.00,-48.80,27.05,19.57,0,0,0,
4214,89,89,0.19,9.68,0.64,0.05,0.00,0.00,-48.96,27.14,21.03,0,0,0,
4222,89,90,0.21,9.62,0.70,-0.03,-0.00,0.00,-49.47,27.65,20.26,0,0,0,
4228,90,90,0.22,9.55,0.80,0.00,-0.01,0.00,-48.82,27.32,20.34,0,0,0,
4246,90,90,0.22,9.60,0.73,-0.01,-0.01,0.00,-48.61,27.52,19.98,0,0,0,
4253,90,89,0.19,9.62,0.70,-0.00,-0.01,0.00,-49.04,27.71,20.20,0,0,0,
4260,90,89,0.19,9.62,0.70,-0.00,-0.01,0.00,-48.79,27.26,19.91,0,0,0,
4266,90,90,0.20,9.59,0.73,0.00,-0.01,0.00,-49.09,27.35,20.30,0,0,0,
4272,89,89,0.20,9.62,0.71,0.01,-0.01,0.00,-49.46,27.20,20.33,0,0,0,
4278,89,89,0.20,9.62,0.71,0.01,-0.01,0.00,-48.86,27.64,20.62,0,0,0,
4284,90,90,0.21,9.58,0.76,0.02,-0.01,0.00,-48.99,27.73,20.32,0,0,0,
4296,89,89,0.22,9.66,0.66,0.03,-0.01,0.00,-49.01,27.07,20.48,0,0,0,
4302,89,89,0.21,9.62,0.69,-0.00,-0.01,0.00,-48.71,26.98,20.14,0,0,0,
4308,90,90,0.22,9.58,0.75,-0.01,-0.01,0.00,-48.47,26.88,20.37,0,0,0,
4314,90,90,0.22,9.58,0.75,-0.01,-0.01,0.00,-49.08,26.63,20.24,0,0,0,
4321,89,90,0.21,9.61,0.71,0.02,-0.01,0.00,-48.96,27.64,20.61,0,0,0,
4327,89,89,0.21,9.62,0.71,0.01,-0.01,0.00,-48.58,27.36,20.62,0,0,0,
4333,89,89,0.21,9.62,0.71,0.01,-0.01,0.00,-49.53,27.42,19.89,0,0,0,
4339,89,90,0.22,9.62,0.71,0.01,-0.01,0.00,-49.25,27.54,20.70,0,0,0,
4351,89,90,0.22,9.61,0.71,0.00,-0.01,0.00,-49.28,27.13,20.68,0,0,0,
4358,89,89,0.20,9.62,0.70,0.00,-0.01,0.00,-49.62,27.52,19.92,0,0,0,
4364,89,90,0.22,9.60,0.71,0.00,-0.01,0.00,-49.05,27.23,20.34,0,0,0,
4370,89,90,0.22,9.60,0.71,0.00,-0.01,0.00,-49.23,27.38,20.72,0,0,0,
4377,89,90,0.22,9.60,0.75,0.00,-0.01,0.00,-49.75,27.71,20.43,0,0,0,
4383,89,89,0.20,9.63,0.71,0.03,-0.01,0.00,-49.37,27.10,19.89,0,0,0,
4396,89,89,0.22,9.64,0.68,-0.01,-0.01,0.00,-49.34,27.42,19.61,0,0,0,
4408,90,90,0.20,9.59,0.75,-0.00,-0.01,0.00,-49.08,27.77,20.70,0,0,0,
4415,89,89,0.21,9.62,0.70,0.01,-0.01,0.00,-48.85,27.46,20.84,0,0,0,
4422,89,89,0.22,9.63,0.72,0.00,-0.01,0.00,-49.39,27.87,20.21,0,0,0,
4428,89,90,0.21,9.61,0.72,0.00,-0.01,0.00,-49.18,27.93,20.81,0,0,0,
4434,89,90,0.21,9.61,0.72,-0.00,-0.01,0.00,-48.79,27.62,20.04,0,0,0,
4440,89,90,0.21,9.61,0.71,-0.01,-0.01,0.00,-49.23,27.67,20.40,0,0,0,
4447,90,90,0.21,9.59,0.74,-0.00,-0.01,0.00,-49.28,27.65,19.50,0,0,0,
4458,89,89,0.21,9.62,0.71,0.01,-0.01,0.00,-49.59,27.52,20.02,0,0,0,
4464,89,89,0.21,9.62,0.71,0.01,-0.01,0.00,-49.34,27.48,20.20,0,0,0,
4470,90,90,0.20,9.60,0.72,0.00,-0.01,0.00,-49.24,27.77,19.45,0,0,0,
4477,89,90,0.21,9.61,0.72,0.00,-0.01,0.00,-49.18,27.84,20.97,0,0,0,
4483,89,90,0.21,9.61,0.68,0.00,-0.01,0.00,-48.83,28.28,20.11,0,0,0,
4489,89,89,0.21,9.64,0.68,-0.01,-0.01,0.00,-48.68,27.55,20.15,0,0,0,
4495,89,89,0.22,9.64,0.66,-0.04,-0.00,0.00,-49.15,27.99,20.84,0,0,0,
4501,90,90,0.22,9.59,0.67,-0.04,-0.00,0.00,-49.65,28.02,20.86,0,0,0,
4513,89,89,0.22,9.65,0.65,-0.03,0.05,0.01,-49.23,28.05,20.02,0,0,0,
4519,89,89,0.22,9.65,0.65,-0.03,0.05,0.01,-49.58,27.51,19.35,0,0,0,
4525,89,89,0.20,9.66,0.68,-0.07,0.05,0.01,-49.77,27.83,19.16,0,0,0,
4531,89,91,0.29,9.56,0.58,-0.10,0.07,0.01,-49.30,28.09,19.16,0,0,0,
4538,89,91,0.29,9.56,0.58,-0.10,0.07,0.01,-49.01,27.68,19.82,0,0,0,
4544,88,88,0.17,9.79,0.65,-0.10,0.14,0.01,-49.46,27.04,19.22,0,0,0,
4556,92,90,0.10,9.45,1.26,-0.21,0.05,0.00,-49.05,27.38,18.88,0,0,0,
4568,89,90,0.26,9.58,0.74,-0.04,-0.04,-0.01,-48.87,27.38,19.28,0,0,0,
4575,89,90,0.26,9.58,0.74,-0.04,-0.04,-0.01,-49.65,27.59,20.27,0,0,0,
4581,88,89,0.23,9.71,0.64,0.01,0.00,0.00,-49.02,27.46,19.99,0,0,0,
4588,90,89,0.16,9.57,0.87,-0.07,0.01,0.00,-49.15,27.42,20.04,0,0,0,
4594,90,89,0.16,9.57,0.87,-0.07,0.01,0.00,-48.85,27.43,19.41,0,0,0,
4601,89,89,0.21,9.64,0.76,-0.04,-0.00,0.00,-49.37,27.71,19.01,0,0,0,
4607,91,92,0.25,9.36,1.05,-0.01,-0.00,0.00,-49.42,27.87,20.48,0,0,0,
4613,91,90,0.17,9.48,1.03,-0.01,0.31,0.00,-49.44,27.73,20.26,0,0,0,
4624,87,87,0.20,9.84,0.45,0.27,-0.01,0.00,-49.14,28.14,20.46,0,0,0,
4631,87,87,0.20,9.84,0.45,0.27,-0.01,0.00,-48.83,27.57,19.57,0,0,0,
4638,88,88,0.21,9.73,0.57,0.02,-0.01,0.00,-49.37,27.92,20.36,0,0,0,
4644,90,90,0.21,9.51,0.89,-0.01,-0.01,0.00,-49.53,27.38,19.32,0,0,0,
4650,89,89,0.21,9.64,0.70,-0.01,-0.01,0.00,-49.27,27.51,20.61,0,0,0,
4656,89,89,0.20,9.64,0.70,0.04,-0.01,0.00,-49.31,27.78,20.07,0,0,0,
4663,90,90,0.21,9.60,0.75,0.01,-0.01,0.00,-49.14,27.71,19.15,0,0,0,
4674,89,89,0.20,9.62,0.74,0.01,-0.01,0.00,-49.21,28.19,20.59,0,0,0,
4680,89,90,0.21,9.61,0.76,0.01,-0.01,0.00,-50.00,27.74,20.17,0,0,0,
4686,89,90,0.21,9.61,0.76,0.01,-0.01,0.00,-49.33,27.67,19.98,0,0,0,
4693,89,90,0.22,9.60,0.77,0.01,-0.01,0.00,-49.34,27.96,19.82,0,0,0,
4699,90,90,0.20,9.60,0.76,0.01,-0.01,0.00,-49.88,28.08,20.29,0,0,0,
4705,90,90,0.21,9.59,0.74,0.01,-0.01,0.00,-49.99,28.50,19.54,0,0,0,
4719,90,90,0.22,9.56,0.79,0.06,0.01,0.00,-49.25,27.64,19.96,0,0,0,
4730,89,89,0.21,9.67,0.70,0.07,0.00,0.00,-49.80,28.12,20.58,0,0,0,
4738,89,89,0.21,9.63,0.73,0.02,-0.01,0.00,-49.59,28.06,20.61,0,0,0,
4744,90,90,0.20,9.60,0.76,0.02,-0.01,0.00,-49.49,28.18,20.27,0,0,0,
4750,90,90,0.20,9.60,0.76,0.02,-0.01,0.00,-49.27,28.05,20.61,0,0,0,
4756,90,89,0.19,9.62,0.73,0.02,-0.01,0.00,-49.80,27.77,20.07,0,0,0,
4763,89,90,0.21,9.60,0.74,0.02,-0.01,0.00,-49.56,27.68,19.95,0,0,0,
4768,89,90,0.21,9.60,0.74,0.02,-0.01,0.00,-49.74,28.15,19.85,0,0,0,
4775,89,89,0.20,9.62,0.75,0.02,-0.01,0.00,-49.65,28.16,20.18,0,0,0,
4786,90,89,0.20,9.61,0.74,0.02,-0.01,0.00,-49.11,27.95,20.80,0,0,0,
4793,89,90,0.21,9.62,0.72,0.02,-0.01,0.00,-49.78,27.64,19.95,0,0,0,
4799,89,89,0.21,9.62,0.72,0.01,-0.01,0.00,-49.06,27.59,19.41,0,0,0,
4805,89,89,0.21,9.62,0.72,0.01,-0.01,0.00,-49.58,27.81,19.67,0,0,0,
4812,89,90,0.22,9.60,0.75,0.01,-0.01,0.00,-48.89,28.22,18.59,0,0,0,
4818,89,89,0.21,9.62,0.74,0.01,-0.01,0.00,-48.89,27.65,18.96,0,0,0,
4825,89,89,0.21,9.62,0.74,0.01,-0.01,0.00,-49.08,27.93,18.94,0,0,0,
4836,89,90,0.22,9.61,0.72,0.01,-0.01,0.00,-49.62,27.84,18.94,0,0,0,
4842,89,90,0.22,9.61,0.72,0.01,-0.01,0.00,-48.90,27.58,19.37,0,0,0,
4848,90,90,0.20,9.61,0.73,0.01,-0.01,0.00,-48.79,27.95,19.61,0,0,0,
4855,90,90,0.20,9.60,0.74,0.01,-0.01,0.00,-49.24,27.68,19.37,0,0,0,
4861,90,90,0.20,9.60,0.74,0.01,-0.01,0.00,-48.79,28.08,19.34,0,0,0,
4873,89,89,0.20,9.62,0.72,0.01,-0.01,0.00,-49.36,27.80,19.56,0,0,0,
4880,89,89,0.20,9.62,0.72,0.01,-0.01,0.00,-48.96,27.78,19.45,0,0,0,
4888,90,90,0.21,9.60,0.74,0.01,-0.01,0.00,-49.37,27.51,19.75,0,0,0,
4899,89,90,0.21,9.61,0.73,0.01,-0.01,0.00,-49.68,27.68,19.82,0,0,0,
4905,89,90,0.21,9.61,0.73,0.01,-0.01,0.00,-49.43,27.19,20.51,0,0,0,
4911,89,90,0.23,9.62,0.72,0.01,-0.01,0.00,-49.05,27.32,19.25,0,0,0,
4918,89,89,0.21,9.61,0.73,0.01,-0.01,0.00,-49.08,27.32,20.29,0,0,0,
4924,89,89,0.21,9.61,0.73,0.01,-0.01,0.00,-49.23,27.30,19.26,0,0,0,
4930,90,90,0.20,9.60,0.75,0.01,-0.01,0.00,-49.36,26.94,19.99,0,0,0,
4936,90,90,0.20,9.60,0.75,0.01,-0.01,0.00,-49.36,27.84,20.02,0,0,0,
4947,89,90,0.21,9.61,0.73,0.01,-0.01,0.00,-48.92,27.83,20.10,0,0,0,
4954,89,90,0.21,9.61,0.73,0.01,-0.01,0.00,-49.23,27.54,20.53,0,0,0,
4960,89,90,0.21,9.61,0.73,0.01,-0.01,0.00,-49.02,28.14,20.39,0,0,0,
4966,89,90,0.21,9.61,0.74,0.01,-0.01,0.00,-48.92,27.78,20.40,0,0,0,
4972,89,90,0.21,9.61,0.74,0.01,-0.01,0.00,-48.87,27.77,19.83,0,0,0,
4979,90,89,0.20,9.61,0.72,0.01,-0.01,0.00,-48.74,27.64,19.96,0,0,0,
4985,89,90,0.21,9.61,0.73,0.01,-0.01,0.00,-49.17,27.96,19.04,0,0,0,
4991,89,90,0.21,9.61,0.73,0.01,-0.01,0.00,-49.21,27.40,19.50,0,0,0,
5002,90,90,0.20,9.61,0.74,0.01,-0.01,0.00,-49.37,28.15,19.01,0,0,0,
5009,90,90,0.20,9.61,0.74,0.01,-0.01,0.00,-49.17,28.18,20.42,0,0,0,
5015,89,90,0.21,9.61,0.73,0.01,-0.01,0.00,-49.55,27.67,19.96,0,0,0,
5021,89,89,0.21,9.62,0.70,0.01,-0.01,0.00,-49.05,27.86,20.36,0,0,0,
5033,89,89,0.21,9.62,0.72,0.01,-0.01,0.00,-49.23,27.45,19.70,0,0,0,
5040,89,90,0.21,9.61,0.73,0.01,-0.01,0.00,-49.11,27.67,19.01,0,0,0,
5047,89,90,0.21,9.61,0.73,0.01,-0.01,0.00,-48.89,28.21,19.96,0,0,0,
5059,89,89,0.20,9.62,0.71,0.01,-0.01,0.00,-48.83,27.76,19.42,0,0,0,
5065,89,89,0.20,9.62,0.71,0.01,-0.01,0.00,-49.05,27.99,19.64,0,0,0,
5071,89,90,0.21,9.61,0.71,0.01,-0.01,0.00,-49.01,28.43,19.26,0,0,0,
5078,89,89,0.21,9.62,0.72,0.01,-0.01,0.00,-49.42,27.84,20.51,0,0,0,
5084,90,90,0.21,9.60,0.72,0.01,-0.01,0.00,-48.76,27.46,19.83,0,0,0,
5090,89,90,0.21,9.60,0.72,0.01,-0.01,0.00,-49.80,27.99,18.55,0,0,0,
5096,89,90,0.21,9.61,0.72,0.01,-0.01,0.00,-48.96,27.43,19.53,0,0,0,
5107,89,89,0.20,9.63,0.71,0.01,-0.01,0.00,-48.58,28.28,21.10,0,0,0,
5115,89,90,0.21,9.61,0.71,0.01,-0.01,0.00,-49.91,27.70,20.27,0,0,0,
5121,89,90,0.21,9.61,0.71,0.01,-0.01,0.00,-48.83,28.27,19.26,0,0,0,
5126,89,90,0.21,9.61,0.71,0.01,-0.01,0.00,-48.92,27.42,20.52,0,0,0,
5133,90,90,0.21,9.58,0.76,0.02,-0.01,0.00,-49.25,27.62,20.37,0,0,0,
5140,90,90,0.21,9.58,0.61,0.02,-0.01,0.00,-49.36,27.80,20.11,0,0,0,
5146,89,89,0.21,9.69,0.61,0.02,-0.01,0.00,-48.77,27.95,19.82,0,0,0,
5152,89,89,0.20,9.64,0.67,-0.06,-0.01,0.00,-49.30,27.70,20.17,0,0,0,
5163,90,90,0.20,9.54,0.83,-0.05,-0.01,0.00,-48.77,28.14,19.31,0,0,0,
5170,89,89,0.22,9.63,0.71,0.01,-0.01,0.00,-49.20,28.08,19.69,0,0,0,
5177,89,89,0.22,9.63,0.67,0.01,-0.01,0.00,-48.92,28.22,20.23,0,0,0,
5182,89,89,0.21,9.64,0.67,-0.01,-0.01,0.00,-49.24,27.77,19.96,0,0,0,
5196,90,90,0.22,9.59,0.77,0.01,-0.01,0.00,-48.99,27.21,20.58,0,0,0,
5203,90,90,0.22,9.59,0.77,0.01,-0.01,0.00,-49.04,27.62,20.64,0,0,0,
5209,89,89,0.21,9.63,0.70,0.01,-0.01,0.00,-49.08,27.84,19.73,0,0,0,
5220,89,90,0.22,9.60,0.74,0.00,-0.01,0.00,-49.44,27.49,19.51,0,0,0,
5227,90,90,0.21,9.58,0.76,0.01,-0.01,0.00,-49.61,27.89,20.36,0,0,0,
5233,90,90,0.24,9.56,0.67,0.05,0.01,0.00,-49.40,27.51,20.02,0,0,0,
5240,90,90,0.24,9.56,0.67,0.05,0.01,0.00,-49.62,27.58,19.19,0,0,0,
5246,90,90,0.20,9.60,0.77,0.08,0.04,0.00,-48.93,27.86,20.26,0,0,0,
5252,90,90,0.21,9.55,0.79,0.11,0.02,0.00,-48.79,27.52,20.56,0,0,0,
5259,90,90,0.21,9.55,0.79,0.11,0.02,0.00,-49.63,27.62,20.07,0,0,0,
5265,90,91,0.27,9.54,0.70,0.20,0.05,0.01,-49.52,27.84,19.00,0,0,0,
5276,88,88,0.16,9.78,0.57,0.21,0.07,0.01,-49.17,28.31,19.98,0,0,0,
5283,89,90,0.25,9.62,0.53,0.10,0.06,0.01,-49.28,27.97,19.82,0,0,0,
5289,88,87,0.13,9.83,0.54,0.01,0.06,0.01,-49.56,27.81,20.48,0,0,0,
5296,88,87,0.13,9.83,0.54,0.01,0.06,0.01,-49.55,27.76,19.79,0,0,0,
5302,92,92,0.20,9.36,1.02,-0.08,0.00,0.00,-49.18,27.87,19.99,0,0,0,
5308,89,89,0.22,9.66,0.65,0.10,-0.00,0.00,-49.14,28.35,19.57,0,0,0,
5314,89,89,0.22,9.66,0.65,0.10,-0.00,0.00,-49.39,27.52,19.72,0,0,0,
5325,91,91,0.20,9.47,0.86,-0.03,-0.01,0.00,-49.15,28.15,20.29,0,0,0,
5332,91,91,0.20,9.47,0.86,-0.06,-0.01,0.00,-48.99,28.05,19.95,0,0,0,
5338,90,90,0.20,9.60,0.71,0.04,-0.01,0.00,-49.34,28.12,20.21,0,0,0,
5350,89,89,0.21,9.62,0.66,0.06,-0.01,0.00,-48.80,27.87,19.67,0,0,0,
5358,89,89,0.21,9.65,0.62,0.04,-0.01,0.00,-49.27,27.93,19.85,0,0,0,
5364,89,89,0.21,9.62,0.64,0.01,-0.01,0.00,-49.44,27.57,19.76,0,0,0,
5370,89,89,0.21,9.62,0.64,0.01,-0.01,0.00,-49.05,28.34,19.32,0,0,0,
5376,89,90,0.21,9.61,0.68,0.00,-0.01,0.00,-49.82,27.26,20.27,0,0,0,
5387,89,89,0.21,9.64,0.60,-0.00,-0.01,0.00,-49.47,27.55,20.68,0,0,0,
5395,89,89,0.21,9.63,0.65,-0.04,-0.01,0.00,-49.37,28.24,19.76,0,0,0,
5400,89,90,0.22,9.61,0.70,-0.04,-0.01,0.00,-49.69,27.92,20.26,0,0,0,
5406,89,90,0.22,9.61,0.70,-0.04,-0.01,0.00,-49.28,27.86,20.99,0,0,0,
5412,90,90,0.21,9.57,0.72,-0.03,-0.00,0.00,-49.28,28.03,20.97,0,0,0,
5419,89,89,0.21,9.65,0.65,0.00,-0.01,0.00,-49.55,27.81,20.68,0,0,0,
5425,89,89,0.21,9.65,0.65,0.00,-0.01,0.00,-48.99,27.77,19.96,0,0,0,
5436,87,86,0.14,9.93,0.49,-0.38,-0.06,-0.00,-49.02,27.78,19.26,0,0,0,
5443,87,86,0.14,9.93,0.49,-0.38,-0.06,-0.00,-49.59,27.64,20.18,0,0,0,
5450,90,90,0.20,9.50,0.84,-0.59,-0.12,-0.01,-49.25,27.83,20.08,0,0,0,
5456,93,93,0.26,9.22,1.17,-0.47,-0.15,-0.01,-49.21,27.59,20.17,0,0,0,
5462,93,93,0.26,9.22,1.17,-0.47,-0.15,-0.01,-49.02,27.40,20.33,0,0,0,
5468,93,94,0.23,9.16,1.34,0.03,-0.05,-0.00,-49.74,27.89,19.91,0,0,0,
5475,91,91,0.21,9.45,1.01,0.44,-0.01,0.00,-49.68,28.12,19.13,0,0,0,
5486,88,88,0.18,9.75,0.61,0.53,-0.02,0.00,-49.28,28.65,19.44,0,0,0,
5492,87,87,0.23,9.86,0.29,0.32,-0.05,0.00,-48.96,28.37,19.67,0,0,0,
5498,87,87,0.23,9.86,0.29,0.32,-0.05,0.00,-49.18,27.80,20.34,0,0,0,
5510,88,88,0.21,9.77,0.48,0.04,-0.01,0.00,-49.37,27.81,18.96,0,0,0,
5518,88,88,0.21,9.77,0.48,-0.26,-0.01,0.00,-49.52,28.02,19.57,0,0,0,
5524,90,90,0.21,9.51,0.86,-0.35,-0.01,0.00,-49.61,27.62,19.73,0,0,0,
5530,91,92,0.21,9.39,1.07,-0.22,-0.01,0.00,-48.96,28.35,20.20,0,0,0,
5536,91,92,0.21,9.39,1.07,-0.22,-0.01,0.00,-49.27,28.27,19.89,0,0,0,
5548,89,89,0.22,9.66,0.70,0.04,-0.01,0.00,-49.52,27.84,19.29,0,0,0,
5556,89,89,0.22,9.66,0.70,0.04,-0.01,0.00,-50.00,27.39,20.39,0,0,0,
5561,88,88,0.22,9.74,0.61,-0.06,-0.01,0.00,-49.30,27.23,19.47,0,0,0,
5567,90,90,0.20,9.60,0.78,-0.14,-0.01,0.00,-49.42,27.67,20.18,0,0,0,
5574,90,90,0.20,9.60,0.82,-0.14,-0.01,0.00,-49.55,27.48,19.79,0,0,0,
5580,90,90,0.21,9.60,0.82,-0.14,-0.01,0.00,-48.86,27.83,19.92,0,0,0,
5586,90,90,0.20,9.52,0.90,-0.12,-0.01,0.00,-49.81,28.37,19.37,0,0,0,
5598,90,90,0.20,9.52,0.95,-0.03,-0.01,0.00,-49.53,27.21,19.82,0,0,0,
5604,90,90,0.22,9.59,0.84,0.04,-0.01,0.00,-49.91,27.92,18.84,0,0,0,
5611,90,90,0.22,9.59,0.84,0.04,-0.01,0.00,-49.49,27.78,20.17,0,0,0,
5617,90,90,0.22,9.57,0.84,0.07,-0.01,0.00,-49.30,27.52,20.86,0,0,0,
5623,90,90,0.20,9.57,0.84,0.10,-0.01,0.00,-49.01,28.25,19.67,0,0,0,
5629,90,90,0.20,9.57,0.84,0.10,-0.01,0.00,-48.90,27.68,20.29,0,0,0,
5636,91,91,0.20,9.43,1.00,0.16,-0.01,0.00,-49.63,27.76,19.82,0,0,0,
5648,89,89,0.21,9.62,0.76,0.30,-0.01,0.00,-49.42,27.84,20.18,0,0,0,
5654,89,89,0.21,9.67,0.67,0.27,-0.01,0.00,-49.06,27.77,20.17,0,0,0,
5660,88,89,0.22,9.72,0.59,0.20,-0.01,0.00,-49.11,27.97,19.50,0,0,0,
5674,89,89,0.21,9.68,0.64,0.09,-0.00,0.00,-49.52,28.28,20.87,0,0,0,
5680,89,89,0.21,9.63,0.67,0.04,-0.00,0.00,-49.59,27.52,20.36,0,0,0,
5686,89,89,0.22,9.64,0.68,0.01,-0.01,0.00,-48.96,27.73,19.76,0,0,0,
5692,89,89,0.22,9.64,0.68,0.01,-0.01,0.00,-49.06,27.83,19.48,0,0,0,
5699,90,90,0.21,9.60,0.71,0.00,-0.01,0.00,-48.86,27.90,19.72,0,0,0,
5711,89,89,0.21,9.61,0.70,0.01,-0.01,0.00,-48.87,27.93,19.45,0,0,0,
5717,89,89,0.20,9.63,0.69,0.00,-0.01,0.00,-49.69,27.83,19.86,0,0,0,
5723,90,90,0.20,9.58,0.73,-0.01,-0.01,0.00,-49.59,27.45,19.70,0,0,0,
5730,90,90,0.20,9.58,0.73,-0.01,-0.01,0.00,-49.58,27.51,19.88,0,0,0,
5737,89,90,0.22,9.62,0.72,0.01,-0.01,0.00,-50.00,28.18,18.90,0,0,0,
5743,89,89,0.21,9.63,0.68,0.00,-0.00,0.00,-49.81,28.28,19.91,0,0,0,
5749,89,89,0.21,9.63,0.68,0.00,-0.00,0.00,-49.56,27.77,19.54,0,0,0,
5760,90,90,0.20,9.59,0.72,-0.02,-0.01,0.00,-49.74,28.12,19.64,0,0,0,
5767,90,90,0.20,9.59,0.72,-0.03,-0.01,0.00,-49.82,28.16,18.88,0,0,0,
5773,90,89,0.19,9.60,0.75,-0.02,-0.02,0.00,-50.06,27.45,19.95,0,0,0,
5779,89,90,0.23,9.59,0.73,-0.01,-0.02,0.00,-49.47,27.55,18.75,0,0,0,
5785,89,90,0.23,9.59,0.73,-0.01,-0.02,0.00,-49.18,27.38,19.10,0,0,0,
5791,89,89,0.20,9.63,0.70,-0.00,-0.01,0.00,-49.85,27.80,18.81,0,0,0,
5798,89,89,0.18,9.63,0.73,-0.01,-0.02,0.00,-49.66,28.09,19.16,0,0,0,
5809,90,90,0.20,9.57,0.85,-0.02,-0.04,0.00,-49.93,27.96,19.57,0,0,0,
5815,89,89,0.20,9.63,0.74,-0.02,-0.04,-0.00,-49.77,27.80,19.66,0,0,0,
5821,89,89,0.20,9.63,0.74,0.00,-0.06,-0.00,-49.31,27.52,19.77,0,0,0,
5835,89,89,0.23,9.65,0.64,-0.02,-0.07,-0.00,-49.23,27.87,19.66,0,0,0,
5841,89,89,0.23,9.65,0.64,-0.02,-0.07,-0.00,-49.55,28.03,19.18,0,0,0,
5846,90,90,0.23,9.56,0.76,-0.01,-0.04,-0.00,-49.04,28.09,19.28,0,0,0,
5852,89,90,0.20,9.61,0.75,-0.01,-0.05,-0.00,-49.27,27.55,18.82,0,0,0,
5859,89,90,0.20,9.61,0.75,0.00,-0.05,-0.00,-49.68,27.68,19.73,0,0,0,
5871,90,90,0.21,9.60,0.73,0.02,-0.03,0.00,-49.14,27.84,19.23,0,0,0,
5877,90,90,0.21,9.60,0.73,-0.01,-0.02,0.00,-48.98,27.96,19.67,0,0,0,
5883,89,89,0.20,9.63,0.70,0.00,-0.01,0.00,-49.20,27.55,19.35,0,0,0,
5890,89,89,0.20,9.63,0.73,-0.02,-0.01,0.00,-49.55,27.74,19.07,0,0,0,
5896,89,89,0.20,9.63,0.73,-0.02,-0.01,0.00,-49.02,27.73,18.77,0,0,0,
5902,89,89,0.21,9.63,0.72,-0.03,-0.01,0.00,-49.87,27.57,19.95,0,0,0,
5908,90,90,0.22,9.56,0.77,-0.03,-0.01,0.00,-49.56,27.49,19.89,0,0,0,
5920,90,90,0.21,9.60,0.74,0.01,-0.01,0.00,-49.55,28.08,19.91,0,0,0,
5927,90,90,0.18,9.54,0.91,0.02,-0.02,0.00,-49.28,27.51,19.75,0,0,0,
5933,90,90,0.18,9.54,0.91,0.02,-0.02,0.00,-49.43,27.35,20.18,0,0,0,
5939,90,90,0.22,9.57,0.78,0.09,-0.04,-0.00,-49.56,27.64,20.04,0,0,0,
5945,88,88,0.23,9.75,0.48,0.07,-0.02,0.00,-49.05,27.67,19.18,0,0,0,
5952,88,88,0.23,9.75,0.48,0.07,-0.02,0.00,-49.05,27.90,19.15,0,0,0,
5958,90,90,0.21,9.59,0.75,-0.02,-0.01,0.00,-49.06,28.02,20.02,0,0,0,
5969,89,90,0.22,9.62,0.74,-0.00,-0.01,0.00,-49.17,27.73,19.37,0,0,0,
5976,90,90,0.20,9.59,0.76,-0.00,-0.01,0.00,-48.33,27.59,19.41,0,0,0,
5989,90,90,0.20,9.60,0.73,0.01,-0.01,0.00,-48.86,27.52,19.96,0,0,0,
5996,90,90,0.21,9.60,0.74,0.02,-0.01,0.00,-49.34,28.30,20.83,0,0,0,
6002,89,90,0.22,9.60,0.74,0.03,-0.01,0.00,-48.77,27.80,20.90,0,0,0,
6008,89,90,0.22,9.60,0.74,0.03,-0.01,0.00,-49.61,27.58,20.13,0,0,0,
6015,89,89,0.21,9.63,0.71,0.03,-0.01,0.00,-49.43,27.46,19.83,0,0,0,
6021,89,89,0.20,9.61,0.72,0.01,-0.01,0.00,-49.40,27.51,20.81,0,0,0,
6033,89,90,0.21,9.61,0.72,0.01,-0.01,0.00,-48.80,27.65,20.13,0,0,0,
6039,89,89,0.21,9.62,0.71,0.01,-0.01,0.00,-49.18,27.89,19.88,0,0,0,
6045,89,89,0.21,9.62,0.71,0.01,-0.01,0.00,-48.95,27.92,20.02,0,0,0,
6052,89,90,0.22,9.61,0.71,0.00,-0.01,0.00,-49.12,27.49,19.61,0,0,0,
6058,90,90,0.21,9.60,0.74,0.01,-0.01,0.00,-49.08,27.65,19.53,0,0,0,
6064,90,90,0.21,9.60,0.74,0.01,-0.01,0.00,-49.39,27.49,19.85,0,0,0,
6070,90,90,0.20,9.59,0.76,0.02,-0.01,0.00,-48.95,28.24,20.74,0,0,0,
6082,89,90,0.21,9.60,0.73,0.04,-0.01,0.00,-48.71,28.09,19.88,0,0,0,
6089,89,89,0.21,9.63,0.70,0.04,-0.02,0.00,-49.50,27.73,20.64,0,0,0,
6095,89,89,0.17,9.65,0.75,0.03,-0.02,0.00,-49.52,28.00,19.77,0,0,0,
6101,89,89,0.17,9.65,0.75,0.03,-0.02,0.00,-48.92,27.57,19.51,0,0,0,
6108,88,90,0.27,9.65,0.57,-0.02,-0.04,-0.00,-49.52,27.89,20.10,0,0,0,
6114,90,90,0.19,9.53,0.87,-0.01,-0.01,0.00,-49.08,27.71,19.03,0,0,0,
6120,90,90,0.19,9.55,0.82,-0.01,-0.01,0.00,-49.01,27.59,20.08,0,0,0,
6126,90,90,0.20,9.55,0.82,0.07,-0.03,0.00,-48.85,27.97,19.66,0,0,0,
6137,88,89,0.22,9.73,0.56,0.09,-0.03,0.00,-49.25,27.16,20.18,0,0,0,
6152,90,90,0.22,9.57,0.75,-0.06,-0.02,0.00,-49.36,27.07,20.64,0,0,0,
6158,90,90,0.20,9.55,0.81,-0.01,-0.01,0.00,-48.92,28.00,20.34,0,0,0,
6164,90,90,0.20,9.55,0.81,-0.01,-0.01,0.00,-49.65,27.78,20.20,0,0,0,
6170,90,89,0.18,9.63,0.75,0.01,-0.03,0.00,-49.31,28.21,20.17,0,0,0,
6178,89,90,0.25,9.61,0.65,0.01,-0.03,0.00,-48.70,27.76,20.42,0,0,0,
6184,89,90,0.25,9.61,0.65,0.01,-0.03,0.00,-48.30,27.55,19.77,0,0,0,
6195,90,90,0.21,9.60,0.74,0.00,-0.01,0.00,-49.84,27.49,20.07,0,0,0,
6201,90,90,0.21,9.60,0.74,0.00,-0.01,0.00,-48.98,27.46,20.23,0,0,0,
6208,90,90,0.19,9.60,0.74,0.01,-0.01,0.00,-48.63,27.92,20.13,0,0,0,
6214,89,89,0.20,9.64,0.68,0.02,-0.01,0.00,-48.95,28.00,20.78,0,0,0,
6220,89,89,0.20,9.64,0.68,0.02,-0.01,0.00,-49.47,28.15,20.05,0,0,0,
6226,89,90,0.21,9.60,0.73,-0.00,-0.01,0.00,-49.56,28.18,20.18,0,0,0,
6232,90,89,0.19,9.61,0.74,0.02,-0.01,0.00,-49.72,27.96,19.94,0,0,0,
6243,89,89,0.22,9.66,0.65,0.01,-0.02,0.00,-49.71,28.21,20.13,0,0,0,
6250,89,89,0.21,9.62,0.69,0.01,-0.02,0.00,-48.74,27.57,19.53,0,0,0,
6256,89,89,0.21,9.62,0.69,-0.04,-0.01,0.00,-48.92,27.92,20.48,0,0,0,
6262,90,90,0.20,9.51,0.86,-0.00,-0.01,0.00,-49.20,27.89,19.89,0,0,0,
6269,89,89,0.21,9.68,0.61,0.04,-0.01,0.00,-49.01,27.89,20.02,0,0,0,
6275,89,89,0.21,9.68,0.61,0.04,-0.01,0.00,-49.44,27.64,20.21,0,0,0,
6281,90,90,0.20,9.61,0.73,0.00,-0.01,0.00,-49.15,27.45,19.67,0,0,0,
6287,89,89,0.20,9.62,0.72,0.00,-0.01,0.00,-49.33,27.65,20.30,0,0,0,
6298,89,90,0.21,9.60,0.73,0.01,-0.01,0.00,-49.36,27.70,19.96,0,0,0,
6312,90,90,0.21,9.60,0.73,0.03,-0.01,0.00,-49.31,27.64,20.08,0,0,0,
6318,89,90,0.21,9.61,0.72,0.04,-0.01,0.00,-49.66,27.74,19.34,0,0,0,
6324,89,90,0.22,9.61,0.69,0.04,-0.01,0.00,-45.10,27.62,20.07,0,0,0,
6331,89,90,0.22,9.61,0.69,0.03,-0.01,0.00,-48.92,27.80,20.45,0,0,0,
6337,89,89,0.21,9.62,0.68,0.01,-0.01,0.00,-49.49,27.80,20.30,0,0,0,
6343,89,90,0.22,9.61,0.71,0.01,-0.01,0.00,-48.85,27.57,19.18,0,0,0,
6355,89,90,0.21,9.61,0.71,0.01,-0.01,0.00,-49.42,27.40,20.40,0,0,0,
6361,89,90,0.21,9.61,0.71,0.01,-0.01,0.00,-48.96,27.71,20.36,0,0,0,
6368,89,90,0.21,9.61,0.71,0.01,-0.01,0.00,-48.95,27.71,20.48,0,0,0,
6374,89,90,0.22,9.61,0.69,0.01,-0.01,0.00,-48.85,28.30,20.29,0,0,0,
6380,89,90,0.22,9.61,0.71,0.00,-0.01,0.00,-48.89,28.24,19.83,0,0,0,
6386,89,90,0.22,9.61,0.71,0.00,-0.01,0.00,-48.52,27.81,20.45,0,0,0,
6393,90,90,0.20,9.60,0.73,0.00,-0.01,0.00,-48.85,28.25,20.43,0,0,0,
6399,89,89,0.16,9.66,0.75,0.00,-0.02,0.00,-48.90,28.05,19.67,0,0,0,
6410,89,89,0.24,9.65,0.60,-0.04,-0.04,0.00,-49.43,27.73,20.26,0,0,0,
6416,90,90,0.19,9.56,0.81,-0.04,-0.04,-0.00,-49.66,27.96,20.77,0,0,0,
6423,90,90,0.19,9.56,0.81,-0.10,-0.06,-0.00,-49.31,27.95,20.46,0,0,0,
6430,90,90,0.24,9.55,0.76,0.00,-0.04,-0.00,-49.17,27.71,20.80,0,0,0,
6436,89,90,0.23,9.61,0.70,0.05,-0.02,0.00,-49.08,27.92,20.81,0,0,0,
6442,89,90,0.23,9.61,0.70,0.05,-0.02,0.00,-49.08,28.03,19.95,0,0,0,
6449,89,89,0.20,9.63,0.69,0.05,-0.01,0.00,-49.69,27.67,20.55,0,0,0,
6466,89,90,0.21,9.62,0.70,-0.01,-0.01,0.00,-49.15,27.74,20.23,0,0,0,
6474,90,90,0.21,9.59,0.73,-0.01,-0.01,0.00,-49.21,27.64,19.99,0,0,0,
6480,90,90,0.21,9.59,0.73,-0.01,-0.01,0.00,-49.20,27.58,20.89,0,0,0,
6486,89,89,0.21,9.62,0.71,0.00,-0.01,0.00,-45.18,27.27,20.10,0,0,0,
6493,89,89,0.20,9.62,0.71,0.00,-0.01,0.00,-49.68,27.84,19.58,0,0,0,
6499,89,90,0.21,9.61,0.72,0.00,-0.01,0.00,-48.98,27.38,19.58,0,0,0,
6505,89,90,0.21,9.61,0.72,-0.00,-0.01,0.00,-48.74,27.23,19.79,0,0,0,
6517,90,90,0.20,9.60,0.73,-0.00,-0.01,0.00,-49.47,27.45,19.32,0,0,0,
6524,90,90,0.20,9.60,0.72,0.01,-0.01,0.00,-48.98,27.38,20.62,0,0,0,
6530,89,89,0.21,9.62,0.71,0.01,-0.01,0.00,-48.95,26.94,20.64,0,0,0,
6536,89,89,0.21,9.62,0.73,0.01,-0.01,0.00,-49.25,27.32,19.92,0,0,0,
6542,90,90,0.21,9.60,0.73,0.01,-0.01,0.00,-48.39,27.42,20.81,0,0,0,
6614,89,89,0.24,9.67,0.59,0.01,-0.03,0.00,-49.58,27.97,19.96,0,0,0,
6644,90,90,0.20,9.60,0.72,0.02,-0.01,0.00,-49.15,28.05,20.32,0,0,0,
6650,90,90,0.21,9.60,0.71,0.02,-0.01,0.00,-49.17,27.87,19.98,0,0,0,
6662,90,89,0.20,9.61,0.71,0.01,-0.01,0.00,-49.25,27.33,20.34,0,0,0,
6668,89,89,0.21,9.62,0.71,0.00,-0.01,0.00,-48.71,28.08,20.83,0,0,0,
6675,89,89,0.22,9.67,0.64,0.00,-0.01,0.00,-49.27,28.06,20.26,0,0,0,
6681,89,89,0.22,9.67,0.64,-0.00,-0.02,0.00,-49.14,27.35,20.08,0,0,0,
6687,90,90,0.21,9.57,0.78,-0.04,-0.01,0.00,-48.61,28.25,20.77,0,0,0,
6693,90,90,0.21,9.55,0.80,-0.04,-0.01,0.00,-48.73,27.54,21.05,0,0,0,
6700,90,90,0.20,9.55,0.80,0.02,-0.01,0.00,-49.61,27.58,20.46,0,0,0,
6712,89,89,0.21,9.67,0.63,0.04,-0.01,0.00,-49.63,26.95,19.89,0,0,0,
6718,89,90,0.22,9.60,0.72,0.00,-0.01,0.00,-48.87,27.27,21.18,0,0,0,
6724,89,89,0.21,9.65,0.68,0.01,-0.01,0.00,-49.33,27.45,19.95,0,0,0,
6730,89,89,0.21,9.65,0.74,0.01,-0.01,0.00,-48.71,27.55,19.69,0,0,0,
6736,90,90,0.20,9.60,0.74,0.00,-0.01,0.00,-48.38,27.86,20.29,0,0,0,
6742,89,90,0.22,9.63,0.70,-0.01,-0.01,0.00,-48.77,27.48,19.94,0,0,0,
6748,89,90,0.22,9.63,0.70,-0.01,-0.01,0.00,-48.55,27.55,20.11,0,0,0,
