Start of File
405,,
407,,
408,,
410,,
412,,
414,,
416,,
417,,
419,,
420,,
422,,
423,,
425,,
427,,
428,,
430,,
431,,
433,,
434,,
436,,
438,,
439,,
441,,
442,,
444,,
446,,
447,,
449,,
450,,
452,,
453,,
455,,
457,,
458,,
460,,
462,,
464,,
465,,
467,,
469,,
470,,
472,,
473,,
475,,
476,,
478,,
480,,
481,,
483,,
484,,
486,,
487,,
489,,
491,,
492,,
494,,
495,,
497,,
499,,
500,,
502,,
503,,
505,,
506,,
508,,
510,,
512,,
513,,
515,,
517,,
518,,
520,,
524,,
526,,
527,,
529,,
530,,
532,,
533,,
535,,
536,,
537,,
539,,
540,,
542,,
543,,
545,,
546,,
548,,
549,,
550,,
552,,
553,,
555,,
556,,
558,,
560,,
561,,
563,,
564,,
566,,
567,,
569,,
570,,
571,,
573,,
574,,
576,,
577,,
579,,
580,,
582,,
583,,
584,,
586,,
587,,
589,,
590,,
592,,
593,,
594,,
596,,
597,,
599,,
600,,
602,,
604,,
605,,
607,,
608,,
610,,
611,,
613,,
614,,
616,,
617,,
618,,
620,,
621,,
623,,
624,,
626,,
627,,
628,,
630,,
635,,
637,,
639,,
640,,
641,,
643,,
644,,
646,,
647,,
649,,
650,,
652,,
654,,
655,,
657,,
658,,
660,,
661,,
662,,
664,,
665,,
667,,
668,,
670,,
671,,
673,,
674,,
675,,
677,,
678,,
680,,
681,,
683,,
684,,
686,,
687,,
688,,
690,,
691,,
693,,
694,,
696,,
698,,
699,,
701,,
702,,
704,,
705,,
707,,
708,,
709,,
711,,
712,,
714,,
715,,
717,,
718,,
720,,
721,,
722,,
724,,
725,,
727,,
728,,
730,,
731,,
733,,
734,,
735,,
737,,
738,,
740,,
741,,
748,,
749,,
751,,
752,,
754,,
756,,
757,,
759,,
760,,
762,,
764,,
765,,
767,,
768,,
770,,
771,,
773,,
775,,
776,,
778,,
779,,
781,,
782,,
784,,
786,,
787,,
789,,
790,,
792,,
794,,
796,,
797,,
799,,
801,,
802,,
804,,
805,,
807,,
808,,
810,,
812,,
813,,
815,,
816,,
818,,
819,,
821,,
823,,
824,,
826,,
827,,
829,,
831,,
832,,
834,,
835,,
837,,
838,,
840,,
842,,
844,,
846,,
847,,
849,,
850,,
852,,
854,,
855,,
857,,
858,,
860,,
861,,
863,,
868,,
870,,
872,,
873,,
875,,
877,,
878,,
880,,
881,,
883,,
884,,
886,,
888,,
889,,
891,,
892,,
895,,
896,,
898,,
899,,
901,,
903,,
904,,
906,,
907,,
909,,
910,,
912,,
914,,
915,,
917,,
918,,
920,,
921,,
923,,
925,,
926,,
928,,
929,,
931,,
932,,
934,,
936,,
937,,
939,,
940,,
942,,
944,,
946,,
948,,
949,,
951,,
952,,
954,,
955,,
957,,
959,,
960,,
962,,
963,,
965,,
966,,
968,,
970,,
971,,
973,,
974,,
976,,
977,,
979,,
981,,
982,,
984,,
989,,
991,,
993,,
995,,
996,,
998,,
1000,,
1001,,
1003,,
1004,,
1006,,
1007,,
1009,,
1011,,
1012,,
1014,,
1015,,
1017,,
1018,,
1020,,
1021,,
1023,,
1025,,
1026,,
1028,,
1029,,
1031,,
1032,,
1034,,
1035,,
1037,,
1039,,
1040,,
1042,,
1044,,
1046,,
1047,,
1049,,
1050,,
1052,,
1053,,
1055,,
1057,,
1058,,
1060,,
1061,,
1063,,
1065,,
1066,,
1212,,
1318,,
1320,,
1322,,
1323,,
1325,,
1326,,
1328,,
1329,,
1331,,
1333,,
1334,,
1336,,
1337,,
1339,,
1340,,
1346,,
1348,,
1350,,
1351,,
1353,,
1354,,
1356,,
1357,,
1359,,
1361,,
1362,,
1364,,
1365,,
1367,,
1369,,
1371,,
1373,,
1374,,
1376,,
1377,,
1379,,
1380,,
1382,,
1383,,
1385,,
1387,,
1388,,
1390,,
1391,,
1393,,
1394,,
1396,,
1397,,
1399,,
1401,,
1402,,
1404,,
1405,,
1407,,
1408,,
1410,,
1412,,
1413,,
1415,,
1416,,
1419,,
1420,,
1422,,
1423,,
1425,,
1426,,
1428,,
1430,,
1431,,
1433,,
1434,,
1436,,
1437,,
1439,,
1440,,
1442,,
1444,,
1445,,
1447,,
1452,,
1454,,
1456,,
1457,,
1459,,
1460,,
1462,,
1463,,
1465,,
1467,,
1469,,
1470,,
1472,,
1474,,
1475,,
1477,,
1478,,
1480,,
1482,,
1483,,
1485,,
1486,,
1488,,
1489,,
1491,,
1493,,
1494,,
1496,,
1497,,
1499,,
1500,,
1502,,
1504,,
1505,,
1507,,
1508,,
1510,,
1512,,
1513,,
1515,,
1516,,
1519,,
1520,,
1522,,
1523,,
1525,,
1527,,
1528,,
1530,,
1531,,
1533,,
1534,,
1536,,
1538,,
1539,,
1541,,
1542,,
1544,,
1545,,
1547,,
1549,,
1550,,
1552,,
1553,,
1559,,
1561,,
1562,,
1564,,
1565,,
1567,,
1569,,
1571,,
1572,,
1574,,
1576,,
1577,,
1579,,
1580,,
1582,,
1584,,
1585,,
1587,,
1588,,
1590,,
1591,,
1593,,
1595,,
1596,,
1598,,
1599,,
1601,,
1602,,
1604,,
1606,,
1607,,
1609,,
1610,,
1612,,
1614,,
1615,,
1617,,
1619,,
1621,,
1622,,
1624,,
1625,,
1627,,
1629,,
1630,,
1632,,
1633,,
1635,,
1636,,
1638,,
1640,,
1641,,
1643,,
1644,,
1646,,
1648,,
1649,,
1651,,
1652,,
1654,,
1655,,
1657,,
1659,,
1660,,
1666,,
1667,,
1669,,
1671,,
1672,,
1674,,
1675,,
1677,,
1678,,
1679,,
1681,,
1682,,
1684,,
1685,,
1687,,
1688,,
1690,,
1691,,
1692,,
1694,,
1695,,
1697,,
1698,,
1700,,
1701,,
1703,,
1704,,
1705,,
1707,,
1708,,
1710,,
1711,,
1713,,
1715,,
1716,,
1718,,
1719,,
1721,,
1722,,
1724,,
1725,,
1726,,
1728,,
1729,,
1731,,
1732,,
1734,,
1735,,
1737,,
1738,,
1739,,
1741,,
1742,,
1744,,
1745,,
1747,,
1748,,
1750,,
1751,,
1752,,
1754,,
1755,,
1757,,
1758,,
1765,,
1766,,
1768,,
1769,,
1771,,
1772,,
1773,,
1775,,
1776,,
1778,,
1779,,
1781,,
1782,,
1784,,
1785,,
1786,,
1788,,
1789,,
1791,,
1792,,
1794,,
1795,,
1797,,
1798,,
1799,,
1801,,
1802,,
1804,,
1805,,
1807,,
1809,,
1810,,
1812,,
1813,,
1815,,
1816,,
1818,,
1819,,
1820,,
1822,,
1823,,
1825,,
1826,,
1828,,
1829,,
1831,,
1832,,
1833,,
1835,,
1836,,
1838,,
1839,,
1841,,
1842,,
1844,,
1845,,
1846,,
1848,,
1849,,
1851,,
1853,,
1854,,
1856,,
1857,,
1863,,
1864,,
1866,,
1868,,
1869,,
1871,,
1872,,
1874,,
1876,,
1877,,
1879,,
1880,,
1882,,
1883,,
1885,,
1887,,
1888,,
1890,,
1891,,
1893,,
1894,,
1896,,
1898,,
1899,,
1901,,
1903,,
1905,,
1906,,
1908,,
1909,,
1911,,
1913,,
1914,,
1916,,
1917,,
1919,,
1920,,
1922,,
1924,,
1925,,
1927,,
1928,,
1930,,
1931,,
1933,,
1935,,
1936,,
1938,,
1939,,
1941,,
1943,,
1944,,
1946,,
1947,,
1949,,
1950,,
1953,,
1954,,
1956,,
1958,,
1959,,
1961,,
1962,,
1964,,
1969,,
1971,,
1973,,
1974,,
1976,,
1978,,
1979,,
1981,,
1982,,
1984,,
1985,,
1987,,
1989,,
1990,,
1992,,
1993,,
1995,,
1996,,
1998,,
2000,,
2001,,
2003,,
2005,,
2007,,
2008,,
2010,,
2011,,
2013,,
2015,,
2016,,
2018,,
2019,,
2021,,
2022,,
2024,,
2026,,
2027,,
2029,,
2030,,
2032,,
2033,,
2035,,
2037,,
2038,,
2040,,
2041,,
2043,,
2044,,
2046,,
2048,,
2049,,
2051,,
2053,,
2055,,
2056,,
2058,,
2060,,
2061,,
2063,,
2064,,
2066,,
2067,,
2069,,
2071,,
2076,,
2078,,
2079,,
2081,,
2083,,
2084,,
2086,,
2087,,
2089,,
2090,,
2092,,
2093,,
2095,,
2097,,
2098,,
2100,,
2101,,
2104,,
2105,,
2107,,
2108,,
2110,,
2111,,
2113,,
2115,,
2116,,
2118,,
2119,,
2121,,
2123,,
2124,,
2126,,
2262,,
2263,,
2265,,
2266,,
2268,,
2270,,
2271,,
2273,,
2274,,
2276,,
2278,,
2279,,
2281,,
2282,,
2284,,
2286,,
2287,,
2289,,
2290,,
2292,,
2293,,
2295,,
2296,,
2298,,
2300,,
2301,,
2303,,
2304,,
2306,,
2307,,
2309,,
2311,,
2314,,
2318,,
2320,,
2321,,
2323,,
2324,,
2326,,
2327,,
2329,,
2331,,
2332,,
2334,,
2335,,
2337,,
2338,,
2340,,
2341,,
2343,,
2345,,
2346,,
2348,,
2349,,
2351,,
2352,,
2354,,
2356,,
2357,,
2359,,
2360,,
2363,,
2364,,
2366,,
2367,,
2369,,
2370,,
2372,,
2373,,
2375,,
2377,,
2378,,
2380,,
2381,,
2383,,
2384,,
2386,,
2388,,
2389,,
2391,,
2392,,
2394,,
2395,,
2397,,
2398,,
2400,,
2402,,
2403,,
2405,,
2406,,
2408,,
2409,,
2412,,
2413,,
2415,,
2416,,
2422,,
2424,,
2425,,
2427,,
2429,,
2430,,
2432,,
2433,,
2435,,
2436,,
2438,,
2440,,
2441,,
2443,,
2444,,
2446,,
2447,,
2449,,
2451,,
2452,,
2454,,
2455,,
2457,,
2459,,
2460,,
2462,,
2464,,
2466,,
2467,,
2469,,
2470,,
2472,,
2473,,
2475,,
2477,,
2478,,
2480,,
2481,,
2483,,
2484,,
2486,,
2488,,
2489,,
2491,,
2492,,
2494,,
2496,,
2497,,
2499,,
2500,,
2502,,
2503,,
2505,,
2507,,
2508,,
2510,,
2512,,
2514,,
2515,,
2517,,
2519,,
2520,,
2522,,
2523,,
2529,,
2531,,
2532,,
2534,,
2535,,
2537,,
2538,,
2540,,
2542,,
2543,,
2545,,
2546,,
2548,,
2550,,
2551,,
2553,,
2554,,
2556,,
2557,,
2559,,
2561,,
2563,,
2565,,
2566,,
2568,,
2569,,
2571,,
2572,,
2574,,
2576,,
2577,,
2579,,
2580,,
2582,,
2583,,
2585,,
2587,,
2588,,
2590,,
2591,,
2593,,
2595,,
2596,,
2598,,
2599,,
2601,,
2602,,
2604,,
2606,,
2607,,
2609,,
2610,,
2613,,
2614,,
2616,,
2617,,
2619,,
2621,,
2622,,
2624,,
2625,,
2627,,
2629,,
2630,,
2635,,
2637,,
2639,,
2640,,
2641,,
2643,,
2644,,
2646,,
2647,,
2649,,
2650,,
2652,,
2653,,
2654,,
2656,,
2657,,
2659,,
2661,,
2662,,
2664,,
2665,,
2667,,
2668,,
2670,,
2671,,
2672,,
2674,,
2675,,
2677,,
2678,,
2680,,
2681,,
2683,,
2684,,
2685,,
2687,,
2688,,
2690,,
2691,,
2693,,
2694,,
2696,,
2697,,
2698,,
2700,,
2701,,
2703,,
2704,,
2707,,
2708,,
2709,,
2711,,
2712,,
2714,,
2715,,
2717,,
2718,,
2720,,
2721,,
2722,,
2724,,
2725,,
2727,,
2728,,
2734,,
2735,,
2737,,
2738,,
2740,,
2741,,
2743,,
2744,,
2745,,
2747,,
2748,,
2750,,
2751,,
2754,,
2755,,
2756,,
2758,,
2759,,
2761,,
2762,,
2764,,
2765,,
2767,,
2768,,
2769,,
2771,,
2772,,
2774,,
2775,,
2777,,
2778,,
2779,,
2781,,
2782,,
2784,,
2785,,
2787,,
2788,,
2790,,
2791,,
2792,,
2794,,
2795,,
2797,,
2799,,
2801,,
2802,,
2803,,
2805,,
2806,,
2808,,
2809,,
2811,,
2812,,
2814,,
2815,,
2816,,
2818,,
2819,,
2821,,
2822,,
2824,,
2825,,
2826,,
2832,,
2834,,
2835,,
2837,,
2838,,
2840,,
2842,,
2843,,
2845,,
2847,,
2849,,
2850,,
2852,,
2853,,
2855,,
2856,,
2858,,
2860,,
2861,,
2863,,
2864,,
2866,,
2867,,
2869,,
2871,,
2872,,
2874,,
2875,,
2877,,
2879,,
2880,,
2882,,
2883,,
2885,,
2886,,
2888,,
2890,,
2891,,
2893,,
2894,,
2897,,
2898,,
2900,,
2902,,
2903,,
2905,,
2906,,
2908,,
2909,,
2911,,
2913,,
2914,,
2916,,
2917,,
2919,,
2920,,
2922,,
2924,,
2925,,
2927,,
2928,,
2930,,
2931,,
2933,,
2939,,
2940,,
2942,,
2944,,
2945,,
2947,,
2949,,
2951,,
2952,,
2954,,
2955,,
2957,,
2959,,
2960,,
2962,,
2963,,
2965,,
2966,,
2968,,
2970,,
2971,,
2973,,
2974,,
2976,,
2977,,
2979,,
2981,,
2982,,
2984,,
2985,,
2987,,
2988,,
2990,,
2992,,
2993,,
2995,,
2997,,
2999,,
3000,,
3002,,
3004,,
3005,,
3007,,
3008,,
3010,,
3011,,
3013,,
3015,,
3016,,
3018,,
3019,,
3021,,
3022,,
3024,,
3026,,
3027,,
3029,,
3030,,
3032,,
3033,,
3035,,
3037,,
3038,,
3040,,
3045,,
3048,,
3049,,
3051,,
3052,,
3054,,
3056,,
3057,,
3059,,
3060,,
3062,,
3063,,
3065,,
3067,,
3068,,
3070,,
3076,,
3252,,
3254,,
3256,,
3257,,
3259,,
3260,,
3262,,
3263,,
3265,,
3267,,
3268,,
3270,,
3272,,
3273,,
3275,,
3276,,
3278,,
3279,,
3281,,
3283,,
3284,,
3286,,
3287,,
3289,,
3290,,
3292,,
3294,,
3295,,
3297,,
3298,,
3300,,
3302,,
3304,,
3305,,
3307,,
3308,,
3310,,
3312,,
3313,,
3315,,
3316,,
3318,,
3319,,
3321,,
3322,,
3324,,
3326,,
3331,,
3333,,
3334,,
3336,,
3338,,
3339,,
3341,,
3342,,
3344,,
3345,,
3347,,
3349,,
3350,,
3352,,
3354,,
3356,,
3357,,
3359,,
3360,,
3362,,
3363,,
3365,,
3366,,
3368,,
3370,,
3371,,
3373,,
3374,,
3376,,
3377,,
3379,,
3381,,
3382,,
3384,,
3385,,
3387,,
3388,,
3390,,
3391,,
3393,,
3395,,
3396,,
3398,,
3399,,
3402,,
3403,,
3405,,
3406,,
3408,,
3410,,
3411,,
3413,,
3414,,
3416,,
3417,,
3419,,
3420,,
3422,,
3424,,
3425,,
3427,,
3428,,
3430,,
3431,,
3437,,
3439,,
3440,,
3442,,
3443,,
3445,,
3447,,
3448,,
3450,,
3452,,
3454,,
3455,,
3457,,
3458,,
3460,,
3462,,
3463,,
3465,,
3466,,
3468,,
3469,,
3471,,
3473,,
3474,,
3476,,
3477,,
3479,,
3480,,
3482,,
3484,,
3485,,
3487,,
3488,,
3490,,
3491,,
3493,,
3495,,
3496,,
3498,,
3499,,
3502,,
3503,,
3505,,
3507,,
3508,,
3510,,
3511,,
3513,,
3514,,
3516,,
3518,,
3519,,
3521,,
3522,,
3524,,
3525,,
3527,,
3529,,
3530,,
3532,,
3533,,
3535,,
3537,,
3538,,
3544,,
3545,,
3547,,
3549,,
3550,,
3552,,
3554,,
3556,,
3557,,
3559,,
3560,,
3562,,
3564,,
3565,,
3567,,
3568,,
3570,,
3571,,
3573,,
3575,,
3576,,
3578,,
3579,,
3581,,
3582,,
3584,,
3586,,
3587,,
3589,,
3590,,
3592,,
3594,,
3595,,
3597,,
3598,,
3600,,
3602,,
3604,,
3605,,
3607,,
3609,,
3610,,
3612,,
3613,,
3615,,
3616,,
3618,,
3620,,
3621,,
3623,,
3624,,
3626,,
3628,,
3629,,
3631,,
3632,,
3634,,
3635,,
3637,,
3639,,
3640,,
3642,,
3643,,
3645,,
3650,,
3653,,
3654,,
3656,,
3657,,
3658,,
3660,,
3661,,
3663,,
3664,,
3666,,
3667,,
3669,,
3670,,
3671,,
3673,,
3674,,
3676,,
3677,,
3679,,
3680,,
3681,,
3683,,
3684,,
3686,,
3687,,
3689,,
3690,,
3692,,
3693,,
3694,,
3696,,
3698,,
3700,,
3701,,
3703,,
3704,,
3705,,
3707,,
3708,,
3710,,
3711,,
3713,,
3714,,
3716,,
3717,,
3718,,
3720,,
3721,,
3723,,
3724,,
3726,,
3727,,
3729,,
3730,,
3731,,
3733,,
3734,,
3736,,
3737,,
3739,,
3740,,
3742,,
3744,,
3749,,
3751,,
3752,,
3754,,
3755,,
3757,,
3758,,
3760,,
3761,,
3762,,
3764,,
3765,,
3767,,
3768,,
3770,,
3771,,
3773,,
3774,,
3775,,
3777,,
3778,,
3780,,
3781,,
3783,,
3784,,
3786,,
3787,,
3788,,
3790,,
3792,,
3794,,
3795,,
3797,,
3798,,
3799,,
3801,,
3802,,
3804,,
3805,,
3807,,
3808,,
3810,,
3811,,
3812,,
3814,,
3815,,
3817,,
3818,,
3820,,
3821,,
3822,,
3824,,
3825,,
3827,,
3828,,
3830,,
3831,,
3833,,
3834,,
3835,,
3838,,
3839,,
3841,,
3842,,
3847,,
3849,,
3851,,
3852,,
3854,,
3856,,
3857,,
3859,,
3860,,
3862,,
3863,,
3865,,
3867,,
3868,,
3870,,
3871,,
3873,,
3875,,
3876,,
3878,,
3879,,
3881,,
3882,,
3884,,
3886,,
3888,,
3889,,
3891,,
3893,,
3894,,
3896,,
3897,,
3899,,
3900,,
3902,,
3904,,
3905,,
3907,,
3908,,
3910,,
3912,,
3913,,
3915,,
3916,,
3918,,
3919,,
3921,,
3923,,
3924,,
3926,,
3927,,
3929,,
3930,,
3932,,
3934,,
3935,,
3938,,
3939,,
3941,,
3942,,
3944,,
3945,,
3947,,
3949,,
3954,,
3956,,
3958,,
3959,,
3961,,
3962,,
3964,,
3965,,
3967,,
3969,,
3970,,
3972,,
3973,,
3975,,
3976,,
3978,,
3980,,
3981,,
3983,,
3984,,
3986,,
3988,,
3990,,
3991,,
3993,,
3995,,
3996,,
3998,,
3999,,
4001,,
4002,,
4004,,
4006,,
4007,,
4009,,
4010,,
4012,,
4014,,
4015,,
4017,,
4018,,
4020,,
4021,,
4023,,
4025,,
4026,,
4028,,
4029,,
4031,,
4032,,
4034,,
4036,,
4038,,
4040,,
4041,,
4043,,
4044,,
4046,,
4048,,
4049,,
4051,,
4052,,
4054,,
4056,,
4066,,
4124,,
4125,,
4127,,
4128,,
4130,,
4131,,
4133,,
4135,,
4136,,
4138,,
4139,,
4141,,
4143,,
4144,,
4146,,
4147,,
4149,,
4150,,
4152,,
4153,,
4155,,
4157,,
4158,,
4160,,
4161,,
4163,,
4164,,
4166,,
4168,,
4169,,
4171,,
4173,,
4175,,
4176,,
4178,,
4179,,
4181,,
4183,,
4184,,
4186,,
4187,,
4189,,
4190,,
4192,,
4193,,
4195,,
4197,,
4198,,
4200,,
4201,,
4203,,
4204,,
4206,,
4208,,
4209,,
4211,,
4212,,
4214,,
4215,,
4217,,
4218,,
4220,,
4222,,
4228,,
4230,,
4231,,
4233,,
4234,,
4236,,
4237,,
4239,,
4241,,
4242,,
4244,,
4245,,
4247,,
4248,,
4250,,
4251,,
4253,,
4255,,
4256,,
4258,,
4259,,
4261,,
4262,,
4264,,
4266,,
4267,,
4269,,
