Start of File
434,,
436,,
437,,
440,,
442,,
444,,
445,,
447,,
449,,
450,,
452,,
454,,
456,,
457,,
459,,
461,,
462,,
464,,
466,,
468,,
469,,
471,,
473,,
474,,
476,,
478,,
480,,
481,,
483,,
485,,
486,,
488,,
490,,
492,,
494,,
496,,
498,,
499,,
501,,
503,,
504,,
506,,
508,,
510,,
511,,
513,,
515,,
516,,
518,,
520,,
522,,
523,,
525,,
527,,
528,,
530,,
532,,
534,,
535,,
537,,
539,,
540,,
542,,
544,,
546,,
548,,
550,,
551,,
553,,
555,,
557,,
558,,
563,,
565,,
567,,
568,,
570,,
572,,
574,,
575,,
577,,
579,,
580,,
582,,
584,,
586,,
587,,
589,,
591,,
592,,
594,,
596,,
598,,
599,,
601,,
603,,
605,,
607,,
609,,
610,,
612,,
614,,
615,,
617,,
619,,
621,,
622,,
624,,
626,,
627,,
629,,
631,,
633,,
634,,
636,,
638,,
639,,
641,,
643,,
645,,
646,,
648,,
650,,
651,,
653,,
655,,
657,,
659,,
661,,
663,,
664,,
666,,
668,,
669,,
671,,
673,,
675,,
676,,
678,,
680,,
681,,
683,,
685,,
687,,
688,,
694,,
696,,
697,,
699,,
701,,
702,,
704,,
705,,
707,,
708,,
711,,
712,,
714,,
715,,
717,,
719,,
720,,
722,,
723,,
725,,
727,,
728,,
730,,
731,,
733,,
734,,
736,,
738,998,
739,998,
741,998,
742,998,
744,998,
745,998,
747,998,
749,998,
750,998,
752,998,
753,998,
755,998,
757,998,
758,998,
761,998,
762,998,
764,998,
765,998,
767,998,
768,998,
770,998,
772,998,
773,998,
775,998,
776,998,
778,998,
780,998,
781,998,
787,998,
988,998,
989,998,
991,998,
997,998,
999,998,
1000,998,
1002,998,
1003,998,
1005,998,
1007,998,
1008,998,
1010,998,
1011,998,
1013,998,
1015,998,
1016,998,
1018,998,
1019,998,
1021,998,
1022,998,
1024,998,
1026,998,
1027,998,
1029,998,
1030,998,
1032,998,
1034,998,
1035,998,
1037,998,
1038,998,
1041,998,
1042,998,
1044,998,
1046,998,
1047,998,
1049,998,
1050,998,
1052,998,
1053,998,
1055,998,
1057,998,
1058,998,
1060,998,
1061,998,
1063,998,
1065,998,
1066,998,
1068,998,
1069,998,
1071,998,
1076,998,
1078,998,
1080,998,
1082,998,
1083,998,
1085,998,
1087,998,
1089,998,
1090,998,
1093,998,
1095,998,
1096,998,
1098,998,
1100,998,
1101,998,
1103,998,
1105,998,
1107,998,
1108,998,
1110,998,
1112,998,
1113,998,
1115,998,
1117,998,
1119,998,
1120,998,
1122,998,
1124,998,
1125,998,
1127,998,
1129,998,
1131,998,
1132,998,
1134,998,
1136,998,
1137,998,
1139,998,
1141,998,
1143,998,
1144,998,
1147,998,
1149,998,
1150,998,
1152,998,
1154,998,
1155,998,
1157,998,
1162,998,
1164,998,
1166,998,
1167,998,
1169,998,
1171,998,
1172,998,
1174,998,
1176,998,
1178,998,
1179,998,
1181,998,
1183,998,
1184,998,
1186,998,
1188,998,
1190,998,
1191,998,
1193,998,
1195,998,
1196,998,
1198,998,
1201,998,
1202,998,
1204,998,
1206,998,
1207,998,
1209,998,
1211,998,
1213,998,
1214,998,
1216,998,
1218,998,
1219,998,
1221,998,
1223,998,
1225,998,
1226,998,
1228,998,
1230,998,
1231,998,
1233,998,
1235,998,
1237,998,
1238,998,
1240,998,
1246,998,
1247,998,
1249,998,
1251,998,
1253,998,
1255,998,
1257,998,
1258,998,
1260,998,
1262,998,
1263,998,
1265,998,
1267,998,
1269,998,
1270,998,
1272,998,
1274,998,
1275,998,
1277,998,
1279,998,
1280,998,
1282,998,
1284,998,
1286,998,
1287,998,
1289,998,
1291,998,
1292,998,
1294,998,
1296,998,
1297,998,
1299,998,
1301,998,
1302,998,
1304,998,
1306,998,
1308,998,
1310,998,
1312,998,
1314,998,
1315,998,
1317,998,
1319,998,
1320,998,
1322,998,
1324,998,
1325,998,
1331,998,
1333,998,
1335,998,
1336,998,
1338,998,
1340,998,
1341,998,
1343,998,
1345,998,
1346,998,
1348,998,
1350,998,
1352,998,
1353,998,
1355,998,
1357,998,
1358,998,
1360,998,
1363,998,
1364,998,
1366,998,
1368,998,
1369,998,
1371,998,
1373,998,
1374,998,
1376,998,
1378,998,
1380,998,
1381,998,
1383,998,
1385,998,
1386,998,
1388,998,
1390,998,
1391,998,
1393,998,
1395,998,
1397,998,
1398,998,
1400,998,
1402,998,
1403,998,
1405,998,
1407,998,
1408,998,
1414,998,
1417,998,
1418,998,
1420,998,
1422,998,
1423,998,
1425,998,
1427,998,
1429,998,
1430,998,
1432,998,
1434,998,
1435,998,
1437,998,
1439,998,
1441,998,
1442,998,
1444,998,
1446,998,
1447,998,
1449,998,
1451,998,
1453,998,
1454,998,
1456,998,
1458,998,
1459,998,
1461,998,
1463,998,
1465,998,
1466,998,
1468,998,
1471,998,
1472,998,
1474,998,
1476,998,
1477,998,
1479,998,
1481,998,
1483,998,
1484,998,
1486,998,
1488,998,
1489,998,
1491,998,
1493,998,
1495,998,
1500,998,
1502,998,
1504,998,
1506,998,
1507,998,
1509,998,
1511,998,
1512,998,
1514,998,
1516,998,
1518,998,
1519,998,
1521,998,
1523,998,
1525,998,
1527,998,
1529,998,
1530,998,
1532,998,
1534,998,
1535,998,
1537,998,
1539,998,
1541,998,
1542,998,
1544,998,
1546,998,
1547,998,
1549,998,
1551,998,
1553,998,
1554,998,
1556,998,
1558,998,
1559,998,
1561,998,
1563,998,
1565,998,
1566,998,
1568,998,
1570,998,
1571,998,
1573,998,
1575,998,
1577,998,
1579,998,
1585,998,
1587,998,
1588,998,
1590,998,
1591,998,
1593,998,
1594,998,
1596,998,
1598,998,
1599,998,
1601,998,
1602,998,
1604,998,
1605,998,
1607,998,
1609,998,
1610,998,
1612,998,
1613,998,
1615,998,
1617,998,
1618,998,
1620,998,
1621,998,
1623,998,
1624,998,
1626,998,
1628,998,
1630,998,
1632,998,
1633,998,
1635,998,
1636,998,
1638,998,
1639,998,
1641,998,
1643,998,
1644,998,
1646,998,
1647,998,
1649,998,
1650,998,
1652,998,
1654,998,
1655,998,
1657,998,
1658,998,
1664,998,
1666,998,
1667,998,
1669,998,
1670,998,
1672,998,
1674,998,
1675,998,
1677,998,
1678,998,
1680,998,
1682,998,
1684,998,
1685,998,
1687,998,
1689,998,
1690,998,
1692,998,
1693,998,
1695,998,
1697,998,
1698,998,
1700,998,
1701,998,
1703,998,
1704,998,
1706,998,
1708,998,
1709,998,
1711,998,
1712,998,
1714,998,
1715,998,
1717,998,
1719,998,
1720,998,
1722,998,
1723,998,
1725,998,
1726,998,
1728,998,
1730,998,
1732,998,
1734,998,
1735,998,
1737,998,
1742,998,
1744,998,
1746,998,
1748,998,
1749,998,
1751,998,
1753,998,
1755,998,
1756,998,
1758,998,
1760,998,
1761,998,
1763,998,
1765,998,
1767,998,
1768,998,
1770,998,
1772,998,
1773,998,
1775,998,
1777,998,
1779,998,
1780,998,
1782,998,
1784,998,
1786,998,
1788,998,
1790,998,
1791,998,
1793,998,
1795,998,
1796,998,
1798,998,
1800,998,
1802,998,
1803,998,
1805,998,
1807,998,
1809,998,
1810,998,
1812,998,
1814,998,
1815,998,
1817,998,
1819,998,
1821,998,
1822,998,
1828,998,
1830,998,
1831,998,
1833,998,
1835,998,
1836,998,
1838,998,
1841,998,
1842,998,
1844,998,
1846,998,
1848,998,
1849,998,
1851,998,
1853,998,
1854,998,
1856,998,
1858,998,
1860,998,
1862,998,
1863,998,
2005,998,
2007,998,
2009,998,
2010,998,
2012,998,
2014,998,
2015,998,
2017,998,
2019,998,
2021,998,
2022,998,
2024,998,
2026,998,
2028,998,
2029,998,
2031,998,
2033,998,
2034,998,
2036,998,
2038,998,
2040,998,
2041,998,
2043,998,
2045,998,
2046,998,
2052,998,
2054,998,
2056,998,
2057,998,
2060,998,
2061,998,
2063,998,
2065,998,
2067,998,
2068,998,
2070,998,
2072,998,
2073,998,
2075,998,
2077,998,
2078,998,
2080,998,
2082,998,
2083,998,
2085,998,
2087,998,
2089,998,
2090,998,
2092,998,
2094,998,
2095,998,
2097,998,
2099,998,
2100,998,
2102,998,
2104,998,
2106,998,
2107,998,
2109,998,
2111,998,
2113,998,
2115,998,
2117,998,
2118,998,
2120,998,
2122,998,
2123,998,
2125,998,
2127,998,
2128,998,
2130,998,
2132,998,
2137,998,
2139,998,
2141,998,
2143,998,
2144,998,
2146,998,
2148,998,
2150,998,
2151,998,
2153,998,
2155,998,
2156,998,
2158,998,
2160,998,
2161,998,
2163,998,
2165,998,
2167,998,
2169,998,
2171,998,
2172,998,
2174,998,
2176,998,
2177,998,
2179,998,
2181,998,
2183,998,
2184,998,
2186,998,
2188,998,
2189,998,
2191,998,
2193,998,
2194,998,
2196,998,
2198,998,
2200,998,
2201,998,
2203,998,
2205,998,
2206,998,
2208,998,
2210,998,
2211,998,
2213,998,
2215,998,
2216,998,
2222,998,
2224,998,
2226,998,
2227,998,
2229,998,
2231,998,
2232,998,
2234,998,
2236,998,
2238,998,
2239,998,
2241,998,
2243,998,
2244,998,
2246,998,
2248,998,
2250,998,
2251,998,
2253,998,
2255,998,
2256,998,
2258,998,
2260,998,
2262,998,
2263,998,
2265,998,
2267,998,
2268,998,
2270,998,
2272,998,
2274,998,
2276,998,
2278,998,
2279,998,
2281,998,
2283,998,
2285,998,
2286,998,
2288,998,
2290,998,
2291,998,
2293,998,
2295,998,
2297,998,
2298,998,
2300,998,
2305,998,
2307,998,
2309,998,
2311,998,
2313,998,
2314,998,
2316,998,
2318,998,
2319,998,
2321,998,
2323,998,
2325,998,
2326,998,
2328,998,
2330,998,
2332,998,
2334,998,
2336,998,
2337,998,
2339,998,
2341,998,
2342,998,
2344,998,
2346,998,
2348,998,
2349,998,
2351,998,
2353,998,
2354,998,
2356,998,
2358,998,
2360,998,
2361,998,
2363,998,
2365,998,
2366,998,
2368,998,
2370,998,
2372,998,
2373,998,
2375,998,
2377,998,
2378,998,
2380,998,
2382,998,
2384,998,
2386,998,
2392,998,
2393,998,
2395,998,
2397,998,
2398,998,
2400,998,
2401,998,
2403,998,
2404,998,
2406,998,
2408,998,
2409,998,
2411,998,
2412,998,
2414,998,
2416,998,
2417,998,
2419,998,
2420,998,
2422,998,
2423,998,
2425,998,
2427,998,
2428,998,
2430,998,
2431,998,
2433,998,
2435,998,
2437,998,
2438,998,
2440,998,
2442,998,
2443,998,
2445,998,
2446,998,
2448,998,
2449,998,
2451,998,
2453,998,
2454,998,
2456,998,
2457,998,
2459,998,
2461,998,
2462,998,
2464,998,
2469,998,
2471,998,
2473,998,
2474,998,
2476,998,
2477,998,
2479,998,
2480,998,
2482,998,
2484,998,
2486,998,
2488,998,
2489,998,
2491,998,
2492,998,
2494,998,
2495,998,
2497,998,
2499,998,
2500,998,
2502,998,
2503,998,
2505,998,
2507,998,
2508,998,
2510,998,
2511,998,
2513,998,
2514,998,
2516,998,
2518,998,
2519,998,
2521,998,
2522,998,
2524,998,
2525,998,
2527,998,
2529,998,
2530,998,
2532,998,
2533,998,
2536,998,
2537,998,
2539,998,
2541,998,
2542,998,
2544,998,
2549,998,
2551,998,
2553,998,
2555,998,
2556,998,
2558,998,
2560,998,
2561,998,
2563,998,
2565,998,
2567,998,
2568,998,
2570,998,
2572,998,
2573,998,
2575,998,
2577,998,
2579,998,
2580,998,
2582,998,
2584,998,
2585,998,
2587,998,
2590,998,
2591,998,
2593,998,
2595,998,
2596,998,
2598,998,
2600,998,
2602,998,
2603,998,
2605,998,
2607,998,
2608,998,
2610,998,
2612,998,
2614,998,
2615,998,
2617,998,
2619,998,
2620,998,
2622,998,
2624,998,
2626,998,
2627,998,
2633,998,
2635,998,
2636,998,
2638,998,
2640,998,
2642,998,
2644,998,
2646,998,
2647,998,
2649,998,
2651,998,
2653,998,
2654,998,
2656,998,
2658,998,
2659,998,
2661,998,
2663,998,
2665,998,
2666,998,
2668,998,
2670,998,
2671,998,
2673,998,
2675,998,
2677,998,
2678,998,
2680,998,
2682,998,
2683,998,
2685,998,
2687,998,
2689,998,
2690,998,
2692,998,
2694,998,
2695,998,
2698,998,
2700,998,
2701,998,
2703,998,
2705,998,
2707,998,
2708,998,
2710,998,
2712,998,
2713,998,
2719,998,
2721,998,
2723,998,
2724,998,
2726,998,
2728,998,
2729,998,
2731,998,
2733,998,
2734,998,
2736,998,
2738,998,
2740,998,
2741,998,
2743,998,
2745,998,
2746,998,
2748,998,
2750,998,
2752,998,
2754,998,
2756,998,
2757,998,
2759,998,
2761,998,
2762,998,
2764,998,
2766,998,
2767,998,
2769,998,
2771,998,
2773,998,
2774,998,
2776,998,
2778,998,
2779,998,
2781,998,
2783,998,
2784,998,
2786,998,
2788,998,
2790,998,
2791,998,
2793,998,
2795,998,
2796,998,
2802,998,
2804,998,
2806,998,
2808,998,
2810,998,
2811,998,
2813,998,
2815,998,
2816,998,
2818,998,
2820,998,
2821,998,
2823,998,
2825,998,
2827,998,
2828,998,
2830,998,
2832,998,
2833,998,
2835,998,
2837,998,
2838,998,
2840,998,
2842,998,
2844,998,
2845,998,
2847,998,
2849,998,
2850,998,
2852,998,
2854,998,
2855,998,
2857,998,
2860,998,
2861,998,
2863,998,
2865,998,
2866,998,
2868,998,
2870,998,
2872,998,
2873,998,
2875,998,
2877,998,
2878,998,
2880,998,
2882,998,
3052,998,
3121,998,
3162,998,
3164,998,
3165,998,
3167,998,
3169,998,
3171,998,
3172,998,
3174,998,
3176,998,
3178,998,
3179,998,
3181,998,
3183,998,
3185,998,
3186,998,
3188,998,
3190,998,
3191,998,
3193,998,
3195,998,
3197,998,
3198,998,
3200,998,
3202,998,
3203,998,
3205,998,
3207,998,
3209,998,
3210,998,
3212,998,
3214,998,
3215,998,
3218,998,
3220,998,
3221,998,
3223,998,
3225,998,
3226,998,
3228,998,
3230,998,
3232,998,
3233,998,
3235,998,
3237,998,
3243,998,
3244,998,
3246,998,
3248,998,
3250,998,
3251,998,
3253,998,
3255,998,
3256,998,
3258,998,
3260,998,
3262,998,
3263,998,
3265,998,
3267,998,
3268,998,
3270,998,
3273,998,
3274,998,
3276,998,
3278,998,
3280,998,
3281,998,
3283,998,
3285,998,
3286,998,
3288,998,
3290,998,
3292,998,
3293,998,
3295,998,
3297,998,
3298,998,
3300,998,
3302,998,
3304,998,
3305,998,
3307,998,
3309,998,
3310,998,
3312,998,
3314,998,
3316,998,
3317,998,
3319,998,
3321,998,
3322,998,
3329,998,
3331,998,
3332,998,
3334,998,
3336,998,
3337,998,
3339,998,
3340,998,
3342,998,
3343,998,
3345,998,
3347,998,
3348,998,
3350,998,
3351,998,
3353,998,
3355,998,
3356,998,
3358,998,
3359,998,
3361,998,
3362,998,
3364,998,
3366,998,
3367,998,
3369,998,
3370,998,
3372,998,
3373,998,
3375,998,
3377,998,
3379,998,
3381,998,
3382,998,
3384,998,
3385,998,
3387,998,
3388,998,
3390,998,
3392,998,
3393,998,
3395,998,
3396,998,
3398,998,
3399,998,
3401,998,
3403,998,
3407,998,
3409,998,
3411,998,
3412,998,
3414,998,
3416,998,
3417,998,
3419,998,
3420,998,
3422,998,
3423,998,
3425,998,
3427,998,
3429,998,
3431,998,
3432,998,
3434,998,
3435,998,
3437,998,
3439,998,
3440,998,
3442,998,
3443,998,
3445,998,
3446,998,
3448,998,
3450,998,
3451,998,
3453,998,
3454,998,
3456,998,
3457,998,
3459,998,
3461,998,
3462,998,
3464,998,
3465,998,
3467,998,
3468,998,
3470,998,
3472,998,
3473,998,
3475,998,
3477,998,
3479,998,
3480,998,
3486,998,
3488,998,
3490,998,
3491,998,
3493,998,
3495,998,
3496,998,
3498,998,
3500,998,
3502,998,
3503,998,
3505,998,
3507,998,
3508,998,
3510,998,
3512,998,
3514,998,
3515,998,
3517,998,
3519,998,
3520,998,
3522,998,
3524,998,
3526,998,
3527,998,
3529,998,
3531,998,
3533,998,
3535,998,
3537,998,
3538,998,
3540,998,
3542,998,
3543,998,
3545,998,
3547,998,
3549,998,
3550,998,
3552,998,
3554,998,
3555,998,
3557,998,
3559,998,
3561,998,
3562,998,
3564,998,
3566,998,
3571,998,
3573,998,
3575,998,
3577,998,
3578,998,
3580,998,
3582,998,
3583,998,
3586,998,
3588,998,
3589,998,
3591,998,
3593,998,
3595,998,
3596,998,
3598,998,
3600,998,
3601,998,
3603,998,
3605,998,
3607,998,
3608,998,
3610,998,
3612,998,
3613,998,
3615,998,
3617,998,
3619,998,
3620,998,
3622,998,
3624,998,
3625,998,
3627,998,
3629,998,
3631,998,
3632,998,
3634,998,
3636,998,
3637,998,
3640,998,
3642,998,
3643,998,
3645,998,
3647,998,
3649,998,
3650,998,
3656,998,
3658,998,
3660,998,
3661,998,
3663,998,
3665,998,
3666,998,
3668,998,
3670,998,
3671,998,
3673,998,
3675,998,
3677,998,
3678,998,
3680,998,
3682,998,
3683,998,
3685,998,
3687,998,
3688,998,
3690,998,
3692,998,
3694,998,
3696,998,
3698,998,
3699,998,
3701,998,
3703,998,
3705,998,
3706,998,
3708,998,
3710,998,
3711,998,
3713,998,
3715,998,
3716,998,
3718,998,
3720,998,
3721,998,
3723,998,
3725,998,
3727,998,
3728,998,
3730,998,
3732,998,
3733,998,
3735,998,
3741,998,
3742,998,
3744,998,
3746,998,
3748,998,
3750,998,
3752,998,
3753,998,
3755,998,
3757,998,
3758,998,
3760,998,
3762,998,
3764,998,
3765,998,
3767,998,
3769,998,
3770,998,
3772,998,
3774,998,
3775,998,
3777,998,
3779,998,
3781,998,
3782,998,
3784,998,
3786,998,
3787,998,
3789,998,
3791,998,
3792,998,
3794,998,
3796,998,
3798,998,
3799,998,
3802,998,
3803,998,
3805,998,
3807,998,
3809,998,
3810,998,
3812,998,
3814,998,
3815,998,
3817,998,
3819,998,
3824,998,
3826,998,
3828,998,
3830,998,
3831,998,
3833,998,
3835,998,
3837,998,
3838,998,
3840,998,
3842,998,
3843,998,
3845,998,
3847,998,
3849,998,
3850,998,
3852,998,
3854,998,
3856,998,
3858,998,
3860,998,
3861,998,
3863,998,
3865,998,
3867,998,
3868,998,
3870,998,
3872,998,
3873,998,
3875,998,
3877,998,
3879,998,
3880,998,
3882,998,
3884,998,
3885,998,
3887,998,
3889,998,
3891,998,
3892,998,
3894,998,
3896,998,
3897,998,
3899,998,
3901,998,
3903,998,
3904,998,
3911,998,
3913,998,
3914,998,
3916,998,
3918,998,
3919,998,
3921,998,
3923,998,
3925,998,
3926,998,
3928,998,
3930,998,
3931,998,
3933,998,
3935,998,
3937,998,
3938,998,
3940,998,
3942,998,
3943,998,
3945,998,
3947,998,
3949,998,
3950,998,
3952,998,
3954,998,
3955,998,
3957,998,
3959,998,
3961,998,
3962,998,
3965,998,
3966,998,
3968,998,
3970,998,
3972,998,
3973,998,
3975,998,
3977,998,
3978,998,
3980,998,
3982,998,
3984,998,
3985,998,
3987,998,
3989,998,
3994,998,
3996,998,
3998,998,
3999,998,
4001,998,
4002,998,
4004,998,
4005,998,
4007,998,
4009,998,
4010,998,
4012,998,
4013,998,
4015,998,
4017,998,
4019,998,
4020,998,
4022,998,
4024,998,
4025,998,
4027,998,
4028,998,
4030,998,
4031,998,
4033,998,
4035,998,
4037,998,
4158,998,
4160,998,
4161,998,
4163,998,
4165,998,
4166,998,
4168,998,
4169,998,
4171,998,
4173,998,
4174,998,
4176,998,
4177,998,
4179,998,
4181,998,
4182,998,
4184,998,
4185,998,
4187,998,
4188,998,
4194,998,
4196,998,
4197,998,
4199,998,
4201,998,
4202,998,
4204,998,
4205,998,
4207,998,
4209,998,
4211,998,
4213,998,
4214,998,
4216,998,
4217,998,
4219,998,
4220,998,
4222,998,
4224,998,
4225,998,
4227,998,
4228,998,
4230,998,
4232,998,
4233,998,
4235,998,
4236,998,
4238,998,
4239,998,
4241,998,
4243,998,
4244,998,
4246,998,
4247,998,
4249,998,
4250,998,
4252,998,
4254,998,
4255,998,
4257,998,
4258,998,
4261,998,
4262,998,
4264,998,
4266,998,
4267,998,
4273,998,
4274,998,
4276,998,
4278,998,
4280,998,
4281,998,
4283,998,
4285,998,
4286,998,
4288,998,
4290,998,
4292,998,
4293,998,
4295,998,
4297,998,
4298,998,
4300,998,
4302,998,
4304,998,
4305,998,
4307,998,
4309,998,
4310,998,
4312,998,
4315,998,
4316,998,
4318,998,
4320,998,
4321,998,
4323,998,
4325,998,
4327,998,
4328,998,
4330,998,
4332,998,
4333,998,
4335,998,
4337,998,
4339,998,
4340,998,
4342,998,
4344,998,
4345,998,
4347,998,
4349,998,
4351,998,
4352,998,
4358,998,
4360,998,
4361,998,
4363,998,
4365,998,
4367,998,
4369,998,
4371,998,
4372,998,
4374,998,
4376,998,
4378,998,
4379,998,
4381,998,
4383,998,
4384,998,
4386,998,
4388,998,
4390,998,
4391,998,
4393,998,
4395,998,
4396,998,
4398,998,
4400,998,
4402,998,
4403,998,
4405,998,
4407,998,
4408,998,
4410,998,
4412,998,
4414,998,
4415,998,
4417,998,
4419,998,
4420,998,
4423,998,
4425,998,
4426,998,
4428,998,
4430,998,
4431,998,
4433,998,
4435,998,
4437,998,
4438,998,
4443,998,
4445,998,
4447,998,
4448,998,
4450,998,
4452,998,
4454,998,
4455,998,
4457,998,
4459,998,
4460,998,
4462,998,
4464,998,
4465,998,
4467,998,
4469,998,
4471,998,
4472,998,
4474,998,
4476,998,
4478,998,
4480,998,
4481,998,
4483,998,
4485,998,
4487,998,
4488,998,
4490,998,
4492,998,
4493,998,
4495,998,
4497,998,
4498,998,
4500,998,
4502,998,
4504,998,
4505,998,
4507,998,
4509,998,
4510,998,
4512,998,
4514,998,
4515,998,
4517,998,
4519,998,
4520,998,
4526,998,
4528,998,
4530,998,
4532,998,
4534,998,
4535,998,
4537,998,
4539,998,
4541,998,
4542,998,
4544,998,
4546,998,
4547,998,
4549,998,
4551,998,
4552,998,
4554,998,
4556,998,
4557,998,
4559,998,
4561,998,
4563,998,
4564,998,
4566,998,
4568,998,
4569,998,
4571,998,
4573,998,
4574,998,
4576,998,
4578,998,
4580,998,
4581,998,
4584,998,
4585,998,
4587,998,
4589,998,
4591,998,
4592,998,
4594,998,
4596,998,
4597,998,
4599,998,
4601,998,
4602,998,
4604,998,
4606,998,
4611,998,
4613,998,
4615,998,
4617,998,
4619,998,
4620,998,
4622,998,
4624,998,
4625,998,
4627,998,
4629,998,
4631,998,
4632,998,
4634,998,
4636,998,
4638,998,
4640,998,
4642,998,
4643,998,
4645,998,
4647,998,
4648,998,
4650,998,
4652,998,
4654,998,
4655,998,
4657,998,
4659,998,
4660,998,
4662,998,
4664,998,
4666,998,
4667,998,
4669,998,
4671,998,
4672,998,
4674,998,
4676,998,
4678,998,
4679,998,
4681,998,
4683,998,
4684,998,
4686,998,
4688,998,
4690,998,
4696,998,
4698,998,
4700,998,
4702,998,
4703,998,
4705,998,
4707,998,
4709,998,
4710,998,
4712,998,
4714,998,
4715,998,
4717,998,
4719,998,
4721,998,
4722,998,
4724,998,
4726,998,
4727,998,
4729,998,
4731,998,
4733,998,
4734,998,
4736,998,
4738,998,
4739,998,
4741,998,
4743,998,
4745,998,
4747,998,
4749,998,
4750,998,
4752,998,
4754,998,
4756,998,
4757,998,
4759,998,
4761,998,
4762,998,
4764,998,
4766,998,
4768,998,
4769,998,
4771,998,
4773,998,
4774,998,
4776,998,
4781,998,
4783,998,
4785,998,
4786,998,
4788,998,
4790,998,
4791,998,
4793,998,
4794,998,
4796,998,
4797,998,
4800,998,
4801,998,
4803,998,
4805,998,
4806,998,
4808,998,
4809,998,
4811,998,
4812,998,
4814,998,
4816,998,
4817,998,
4819,998,
4820,998,
4822,998,
4823,998,
4825,998,
4827,998,
4828,998,
4830,998,
4831,998,
4833,998,
4834,998,
4836,998,
4838,998,
4839,998,
4841,998,
4842,998,
4844,998,
4846,998,
4847,998,
4850,998,
4851,998,
4853,998,
4854,998,
4860,998,
4862,998,
4863,998,
4865,998,
4866,998,
4868,998,
4870,998,
4871,998,
4873,998,
4874,998,
4876,998,
4877,998,
4879,998,
4881,998,
4882,998,
4884,998,
4885,998,
4887,998,
4888,998,
4890,998,
4892,998,
4893,998,
4895,998,
4896,998,
4898,998,
4900,998,
4902,998,
4904,998,
4905,998,
4907,998,
4908,998,
4910,998,
4912,998,
4913,998,
4915,998,
4916,998,
4918,998,
4919,998,
4921,998,
4923,998,
4924,998,
4926,998,
4927,998,
4929,998,
4930,998,
4932,998,
4934,998,
4939,998,
4941,998,
4943,998,
4944,998,
4946,998,
4948,998,
4950,998,
4951,998,
4954,998,
4956,998,
4957,998,
4959,998,
4961,998,
4962,998,
4964,998,
4966,998,
4968,998,
4969,998,
4971,998,
4973,998,
4974,998,
4976,998,
4978,998,
4979,998,
4981,998,
4983,998,
4985,998,
4986,998,
4988,998,
4990,998,
4991,998,
4993,998,
4995,998,
4997,998,
4998,998,
5000,998,
5002,998,
5003,998,
5005,998,
5008,998,
5009,998,
5011,998,
5013,998,
5015,998,
5016,998,
5018,998,
5024,998,
5026,998,
5027,998,
5029,998,
5031,998,
5037,998,
5140,998,
5142,998,
5144,998,
5145,998,
5147,998,
5149,998,
5151,998,
5152,998,
5154,998,
5156,998,
5158,998,
5160,998,
5161,998,
5163,998,
5165,998,
5166,998,
5168,998,
5170,998,
5172,998,
5173,998,
5175,998,
5177,998,
5178,998,
5180,998,
5182,998,
5183,998,
5185,998,
5187,998,
5189,998,
5190,998,
5192,998,
5195,998,
5197,998,
5198,998,
5200,998,
5202,998,
5203,998,
5205,998,
5207,998,
5209,998,
5210,998,
5216,998,
5218,998,
5220,998,
5221,998,
5223,998,
5225,998,
5226,998,
5228,998,
5230,998,
5232,998,
5233,998,
5235,998,
5237,998,
5238,998,
5240,998,
5242,998,
5243,998,
5245,998,
5247,998,
5249,998,
5251,998,
5253,998,
5254,998,
5256,998,
5258,998,
5259,998,
5261,998,
5263,998,
5265,998,
5266,998,
5268,998,
5270,998,
5271,998,
5273,998,
5275,998,
5276,998,
5278,998,
5280,998,
5282,998,
5283,998,
5285,998,
5287,998,
5288,998,
5290,998,
5292,998,
5293,998,
5299,998,
5301,998,
5303,998,
5305,998,
5307,998,
5308,998,
5310,998,
5312,998,
5313,998,
5315,998,
5317,998,
5319,998,
5320,998,
5322,998,
5324,998,
5325,998,
5327,998,
5329,998,
5330,998,
5332,998,
5334,998,
5335,998,
5337,998,
5339,998,
5341,998,
5342,998,
5344,998,
5346,998,
5347,998,
5349,998,
5351,998,
5352,998,
5354,998,
5357,998,
5358,998,
5360,998,
5362,998,
5364,998,
5365,998,
5367,998,
5369,998,
5370,998,
5372,998,
5374,998,
5375,998,
5377,998,
5379,998,
5384,998,
5386,998,
5388,998,
5390,998,
5392,998,
5393,998,
5395,998,
5397,998,
5398,998,
5400,998,
5402,998,
5404,998,
5405,998,
5407,998,
5409,998,
5411,998,
5413,998,
5415,998,
5416,998,
5418,998,
5420,998,
5421,998,
5423,998,
5425,998,
5427,998,
5428,998,
5430,998,
5432,998,
5433,998,
5435,998,
5437,998,
5439,998,
5440,998,
5442,998,
5444,998,
5445,998,
5447,998,
5449,998,
5451,998,
5452,998,
5454,998,
5456,998,
5457,998,
5459,998,
5461,998,
5463,998,
5465,998,
5470,998,
5472,998,
5474,998,
5475,998,
5477,998,
5479,998,
5480,998,
5482,998,
5484,998,
5486,998,
5487,998,
5489,998,
5491,998,
5492,998,
5494,998,
5496,998,
5498,998,
5499,998,
5501,998,
5503,998,
5505,998,
5506,998,
5508,998,
5510,998,
5511,998,
5513,998,
5515,998,
5517,998,
5519,998,
5521,998,
5522,998,
5524,998,
5526,998,
5528,998,
5529,998,
5531,998,
5533,998,
5534,998,
5536,998,
5538,998,
5540,998,
5541,998,
5543,998,
5545,998,
5546,998,
5548,998,
5553,998,
5555,998,
5557,998,
5558,998,
5560,998,
5562,998,
5563,998,
5565,998,
5566,998,
5568,998,
5570,998,
5572,998,
5573,998,
5575,998,
5577,998,
5578,998,
5580,998,
5581,998,
5583,998,
5585,998,
5586,998,
5588,998,
5589,998,
5591,998,
5592,998,
5594,998,
5596,998,
5597,998,
5599,998,
5600,998,
5602,998,
5603,998,
5605,998,
5607,998,
5608,998,
5610,998,
5611,998,
5613,998,
5614,998,
5616,998,
5618,998,
5619,998,
5622,998,
5623,998,
5625,998,
5626,998,
5628,998,
5634,998,
5635,998,
5637,998,
5639,998,
5640,998,
5642,998,
5643,998,
5645,998,
5646,998,
5648,998,
5650,998,
5651,998,
5653,998,
5654,998,
5656,998,
5657,998,
5659,998,
5661,998,
5662,998,
5664,998,
5665,998,
5667,998,
5669,998,
5670,998,
5672,998,
5674,998,
5676,998,
5677,998,
5679,998,
5680,998,
5682,998,
5684,998,
5685,998,
5687,998,
5688,998,
5690,998,
5692,998,
5693,998,
5695,998,
5696,998,
5698,998,
5699,998,
5701,998,
5703,998,
5704,998,
5706,998,
5711,998,
5713,998,
5715,998,
5717,998,
5718,998,
5720,998,
5722,998,
5723,998,
5726,998,
5728,998,
5729,998,
5731,998,
5733,998,
5735,998,
5736,998,
5738,998,
5740,998,
5741,998,
5743,998,
5745,998,
5747,998,
5748,998,
5750,998,
5752,998,
5753,998,
5755,998,
5757,998,
5759,998,
5760,998,
5762,998,
5764,998,
5765,998,
5767,998,
5769,998,
5771,998,
5772,998,
5774,998,
5776,998,
5777,998,
5780,998,
5782,998,
5783,998,
5785,998,
5787,998,
5789,998,
5790,998,
5792,998,
5798,998,
5800,998,
5801,998,
5803,998,
5805,998,
5806,998,
5808,998,
5810,998,
5812,998,
5813,998,
5815,998,
5817,998,
5818,998,
5820,998,
5822,998,
5824,998,
5825,998,
5827,998,
5829,998,
5830,998,
5832,998,
5835,998,
5836,998,
5838,998,
5840,998,
5841,998,
5843,998,
5845,998,
5847,998,
5848,998,
5850,998,
5852,998,
5853,998,
5855,998,
5857,998,
5859,998,
5860,998,
5862,998,
5864,998,
5865,998,
5867,998,
5869,998,
5871,998,
5872,998,
5874,998,
5876,998,
5881,998,
5883,998,
5885,998,
5887,998,
5889,998,
5891,998,
5892,998,
5894,998,
5896,998,
5897,998,
5899,998,
5901,998,
5903,998,
5904,998,
5906,998,
5908,998,
5909,998,
5911,998,
5913,998,
5914,998,
5916,998,
5918,998,
5920,998,
5921,998,
5923,998,
5925,998,
5926,998,
5928,998,
5930,998,
5931,998,
5933,998,
5935,998,
5937,998,
5938,998,
5940,998,
5942,998,
5944,998,
5946,998,
5948,998,
5949,998,
5951,998,
5953,998,
5954,998,
5956,998,
5958,998,
5959,998,
5961,998,
5967,998,
5969,998,
5970,998,
5972,998,
5974,998,
5975,998,
5977,998,
5979,998,
5981,998,
5982,998,
5984,998,
5986,998,
5987,998,
5989,998,
5991,998,
5992,998,
5994,998,
5997,998,
5998,998,
6000,998,
6002,998,
6003,998,
6005,998,
6007,998,
6008,998,
6010,998,
6012,998,
6014,998,
6015,998,
6017,998,
6019,998,
6021,998,
6115,998,
6116,998,
6118,998,
6120,998,
6121,998,
6123,998,
6125,998,
6126,998,
6128,998,
6130,998,
6132,998,
6134,998,
6135,998,
6137,998,
6143,998,
6145,998,
6146,998,
6148,998,
6150,998,
6151,998,
6153,998,
6155,998,
6157,998,
6158,998,
6160,998,
6162,998,
6163,998,
6165,998,
6167,998,
6169,998,
6171,998,
6173,998,
6174,998,
6176,998,
6178,998,
6180,998,
6181,998,
6183,998,
6185,998,
6186,998,
6188,998,
6190,998,
6192,998,
6193,998,
6195,998,
6197,998,
6199,998,
6200,998,
6202,998,
6204,998,
6205,998,
6207,998,
6209,998,
6211,998,
6212,998,
6214,998,
6216,998,
6217,998,
6219,998,
6221,998,
6223,998,
6229,998,
6231,998,
6233,998,
6234,998,
6236,998,
6238,998,
6240,998,
6241,998,
6243,998,
6245,998,
6246,998,
6248,998,
6250,998,
6252,998,
6253,998,
6255,998,
6257,998,
6258,998,
6260,998,
6262,998,
6264,998,
6265,998,
6267,998,
6269,998,
6270,998,
6272,998,
6274,998,
6276,998,
6278,998,
6280,998,
6282,998,
6283,998,
6285,998,
6287,998,
6288,998,
6290,998,
6292,998,
6293,998,
6295,998,
6297,998,
6299,998,
6300,998,
6302,998,
6304,998,
6305,998,
6307,998,
6313,998,
6314,998,
6316,998,
6318,998,
6319,998,
6321,998,
6322,998,
6324,998,
6325,998,
6327,998,
6329,998,
6331,998,
6333,998,
6334,998,
6336,998,
6337,998,
6339,998,
6340,998,
6342,998,
6344,998,
6345,998,
6347,998,
6348,998,
6350,998,
6351,998,
6353,998,
6355,998,
6356,998,
6358,998,
6359,998,
6361,998,
6363,998,
6364,998,
6366,998,
6367,998,
6369,998,
6370,998,
6372,998,
6374,998,
6375,998,
6377,998,
6378,998,
6381,998,
6382,998,
6384,998,
6385,998,
6387,998,
6393,998,
6394,998,
6396,998,
6398,998,
6399,998,
6401,998,
6402,998,
6404,998,
6406,998,
6407,998,
6409,998,
6410,998,
6412,998,
6413,998,
6415,998,
6417,998,
6418,998,
6420,998,
6421,998,
6423,998,
6424,998,
6426,998,
6428,998,
6429,998,
6431,998,
6433,998,
6435,998,
6436,998,
6438,998,
6440,998,
6441,998,
6443,998,
6444,998,
6446,998,
6447,998,
6449,998,
6451,998,
6452,998,
6454,998,
6455,998,
6457,998,
6458,998,
6460,998,
6462,998,
6463,998,
6465,998,
6466,998,
6471,998,
6473,998,
6475,998,
6477,998,
6478,998,
6480,998,
6482,998,
6484,998,
6486,998,
6488,998,
6489,998,
6491,998,
6493,998,
6494,998,
6496,998,
6498,998,
6500,998,
6501,998,
6503,998,
6505,998,
6506,998,
6508,998,
6510,998,
6512,998,
6513,998,
6515,998,
6517,998,
6518,998,
6520,998,
6522,998,
6523,998,
6525,998,
6527,998,
6529,998,
6530,998,
6532,998,
6534,998,
6535,998,
6538,998,
6540,998,
6542,998,
6543,998,
6545,998,
6547,998,
6548,998,
6550,998,
6556,998,
6558,998,
6559,998,
6561,998,
6563,998,
6565,998,
6566,998,
6568,998,
6570,998,
6571,998,
6573,998,
6575,998,
6577,998,
6578,998,
6580,998,
6582,998,
6583,998,
6585,998,
6587,998,
6589,998,
6590,998,
6593,998,
6594,998,
6596,998,
6598,998,
6600,998,
6601,998,
6603,998,
6605,998,
6606,998,
6608,998,
6610,998,
6612,998,
6613,998,
6615,998,
6617,998,
6618,998,
6620,998,
6622,998,
6624,998,
6625,998,
6627,998,
6629,998,
6630,998,
6632,998,
6634,998,
6636,998,
6641,998,
6643,998,
6645,998,
6647,998,
6649,998,
6650,998,
6652,998,
6654,998,
6656,998,
6657,998,
6659,998,
6661,998,
6662,998,
6664,998,
6666,998,
6667,998,
6669,998,
6671,998,
6673,998,
6674,998,
6676,998,
6678,998,
6679,998,
6681,998,
6683,998,
6684,998,
6686,998,
6688,998,
6690,998,
6691,998,
6693,998,
6695,998,
6696,998,
6698,998,
6701,998,
6702,998,
6704,998,
6706,998,
6707,998,
6709,998,
6711,998,
6712,998,
6714,998,
6716,998,
6717,998,
6719,998,
6725,998,
6727,998,
6728,998,
6730,998,
6732,998,
6733,998,
6735,998,
6737,998,
6739,998,
6740,998,
6742,998,
6744,998,
6745,998,
6747,998,
6749,998,
6750,998,
6752,998,
6755,998,
6756,998,
6758,998,
6760,998,
6761,998,
6763,998,
6765,998,
6766,998,
6768,998,
6770,998,
6772,998,
6773,998,
6775,998,
6777,998,
6778,998,
6780,998,
6782,998,
6783,998,
6785,998,
6787,998,
6789,998,
6790,998,
6792,998,
6794,998,
6795,998,
6797,998,
6799,998,
6800,998,
6802,998,
6804,998,
6811,998,
6812,998,
6814,998,
6816,998,
6818,998,
6819,998,
6821,998,
6823,998,
6824,998,
6826,998,
6828,998,
6830,998,
6831,998,
6833,998,
6835,998,
6836,998,
6838,998,
6840,998,
6842,998,
6843,998,
6845,998,
6847,998,
6848,998,
6850,998,
6852,998,
6854,998,
6855,998,
6857,998,
6859,998,
6861,998,
6863,998,
6865,998,
6866,998,
6868,998,
6870,998,
6872,998,
6873,998,
6875,998,
6877,998,
6878,998,
6880,998,
6882,998,
6884,998,
6885,998,
6887,998,
6889,998,
6894,998,
6896,998,
6898,998,
6900,998,
6901,998,
6903,998,
6905,998,
6906,998,
6908,998,
6910,998,
6912,998,
6913,998,
6915,998,
6917,998,
6919,998,
6921,998,
6923,998,
6924,998,
6926,998,
6928,998,
6929,998,
6931,998,
6933,998,
6935,998,
6936,998,
6938,998,
6940,998,
6941,998,
6943,998,
6945,998,
6947,998,
6948,998,
6950,998,
6952,998,
6953,998,
6955,998,
6957,998,
6959,998,
6960,998,
6962,998,
6964,998,
6965,998,
6967,998,
6969,998,
6972,998,
6973,998,
6975,998,
6980,998,
6982,998,
6984,998,
6985,998,
6987,998,
6989,998,
6990,998,
6992,998,
6993,998,
6995,998,
7001,998,
7089,998,
7091,998,
7092,998,
7094,998,
7095,998,
7097,998,
7099,998,
7100,998,
7102,998,
7103,998,
7105,998,
7107,998,
7108,998,
7110,998,
7111,998,
7113,998,
7114,998,
7116,998,
7118,998,
7119,998,
7121,998,
7122,998,
7124,998,
7126,998,
7127,998,
7129,998,
7130,998,
7132,998,
7133,998,
7135,998,
7137,998,
7139,998,
7141,998,
7142,998,
7144,998,
7149,998,
7151,998,
7153,998,
7154,998,
7156,998,
7157,998,
7159,998,
7161,998,
7162,998,
7164,998,
7165,998,
7167,998,
7168,998,
7170,998,
7172,998,
7173,998,
7175,998,
7176,998,
7178,998,
7180,998,
7181,998,
7183,998,
7184,998,
7186,998,
7187,998,
7190,998,
7191,998,
7193,998,
7194,998,
7196,998,
7198,998,
7199,998,
7201,998,
7202,998,
7204,998,
7206,998,
7207,998,
7209,998,
7210,998,
7212,998,
7213,998,
7215,998,
7217,998,
7218,998,
7220,998,
7221,998,
7223,998,
7228,998,
7230,998,
7232,998,
7234,998,
7235,998,
7237,998,
7239,998,
7241,998,
7243,998,
7245,998,
7246,998,
7248,998,
7250,998,
7252,998,
7253,998,
7255,998,
7257,998,
7258,998,
7260,998,
7262,998,
7264,998,
7265,998,
7267,998,
7269,998,
7270,998,
7272,998,
7274,998,
7276,998,
7277,998,
7279,998,
7281,998,
7282,998,
7284,998,
7286,998,
7288,998,
7289,998,
7291,998,
7293,998,
7295,998,
7297,998,
7299,998,
7300,998,
7302,998,
7304,998,
7306,998,
7307,998,
7313,998,
7315,998,
7317,998,
7318,998,
7320,998,
7322,998,
7323,998,
7325,998,
7327,998,
7329,998,
7330,998,
7332,998,
7334,998,
7335,998,
7337,998,
7339,998,
7341,998,
7342,998,
7344,998,
7346,998,
7347,998,
7350,998,
7352,998,
7353,998,
7355,998,
7357,998,
7358,998,
7360,998,
7362,998,
7364,998,
7365,998,
7367,998,
7369,998,
7370,998,
7372,998,
7374,998,
7376,998,
7377,998,
7379,998,
7381,998,
7382,998,
7384,998,
7386,998,
7388,998,
7389,998,
7391,998,
7393,998,
7398,998,
7400,998,
7402,998,
7404,998,
7406,998,
7408,998,
7409,998,
7411,998,
7413,998,
7414,998,
7416,998,
7418,998,
7420,998,
7421,998,
7423,998,
7425,998,
7426,998,
7428,998,
7430,998,
7431,998,
7433,998,
7435,998,
7437,998,
7438,998,
7440,998,
7442,998,
7443,998,
7445,998,
7447,998,
7448,998,
7450,998,
7452,998,
7453,998,
7455,998,
7458,998,
7459,998,
7461,998,
7463,998,
7464,998,
7466,998,
7468,998,
7470,998,
7471,998,
7473,998,
7475,998,
7476,998,
7478,998,
7483,998,
7485,998,
7486,998,
7488,998,
7490,998,
7492,998,
7493,998,
7495,998,
7497,998,
7498,998,
7500,998,
7502,998,
7503,998,
7505,998,
7507,998,
7509,998,
7510,998,
7513,998,
7514,998,
7516,998,
7518,998,
7519,998,
7521,998,
7523,998,
7525,998,
7526,998,
7528,998,
7530,998,
7531,998,
7533,998,
7535,998,
7536,998,
7538,998,
7540,998,
7541,998,
7543,998,
7545,998,
7547,998,
7548,998,
7550,998,
7552,998,
7553,998,
7555,998,
7557,998,
7558,998,
7560,998,
7566,998,
7568,998,
7570,998,
7572,998,
7573,998,
7575,998,
7577,998,
7579,998,
7580,998,
7582,998,
7584,998,
7585,998,
7587,998,
7589,998,
7591,998,
7592,998,
7594,998,
7596,998,
7597,998,
7599,998,
7601,998,
7603,998,
7604,998,
7606,998,
7608,998,
7609,998,
7611,998,
7613,998,
7615,998,
7616,998,
7618,998,
7620,998,
7622,998,
7624,998,
7626,998,
7627,998,
7629,998,
7631,998,
7632,998,
7634,998,
7636,998,
7638,998,
7639,998,
7641,998,
7643,998,
7644,998,
7646,998,
7652,998,
7654,998,
7655,998,
7657,998,
7659,998,
7660,998,
7662,998,
7664,998,
7666,998,
7667,998,
7669,998,
7671,998,
7672,998,
7675,998,
7677,998,
7678,998,
7680,998,
7682,998,
7684,998,
7685,998,
7687,998,
7689,998,
7690,998,
7692,998,
7694,998,
7696,998,
7697,998,
7699,998,
7701,998,
7702,998,
7704,998,
7706,998,
7708,998,
7709,998,
7711,998,
7713,998,
7714,998,
7716,998,
7718,998,
7720,998,
7721,998,
7723,998,
7725,998,
7726,998,
7729,998,
7731,998,
7736,998,
7738,998,
7740,998,
7741,998,
7743,998,
7744,998,
7746,998,
7747,998,
7749,998,
7751,998,
7752,998,
7754,998,
7755,998,
7757,998,
7758,998,
7760,998,
7762,998,
7763,998,
7765,998,
7766,998,
7768,998,
7770,998,
7771,998,
7773,998,
7774,998,
7776,998,
7777,998,
7780,998,
7781,998,
7783,998,
7785,998,
7786,998,
7788,998,
7789,998,
7791,998,
7792,998,
7794,998,
7796,998,
7797,998,
7799,998,
7800,998,
7802,998,
7803,998,
7805,998,
7807,998,
7808,998,
7810,998,
7815,998,
7817,998,
7819,998,
7820,998,
7822,998,
7823,998,
7825,998,
7827,998,
7828,998,
7831,998,
7832,998,
7834,998,
7835,998,
7837,998,
7838,998,
7840,998,
7842,998,
7843,998,
7845,998,
7846,998,
7848,998,
7850,998,
7851,998,
7853,998,
7854,998,
7856,998,
7857,998,
7859,998,
7861,998,
7862,998,
7864,998,
7865,998,
7867,998,
7868,998,
7870,998,
7872,998,
7873,998,
7875,998,
7876,998,
7878,998,
7880,998,
7882,998,
7884,998,
7885,998,
7887,998,
7888,998,
7894,998,
7896,998,
7897,998,
7899,998,
7901,998,
7903,998,
7904,998,
7906,998,
7908,998,
7909,998,
7911,998,
7913,998,
7915,998,
7916,998,
7918,998,
7920,998,
7921,998,
7923,998,
7925,998,
7927,998,
7928,998,
7930,998,
7932,998,
7934,998,
7936,998,
7938,998,
7939,998,
7941,998,
7943,998,
7944,998,
7946,998,
7948,998,
7950,998,
7951,998,
7953,998,
7955,998,
7957,998,
7959,998,
8097,998,
8213,998,
8215,998,
8217,998,
8219,998,
8220,998,
8222,998,
8224,998,
8226,998,
8231,998,
8233,998,
8235,998,
8237,998,
8239,998,
8240,998,
8242,998,
8244,998,
8245,998,
8247,998,
8249,998,
8250,998,
8252,998,
8254,998,
8256,998,
8257,998,
8259,998,
8261,998,
8262,998,
8264,998,
8266,998,
8268,998,
8270,998,
8272,998,
8274,998,
8275,998,
8277,998,
8279,998,
8280,998,
8282,998,
8284,998,
8285,998,
8287,998,
8289,998,
8291,998,
8292,998,
8294,998,
8296,998,
8297,998,
8299,998,
8301,998,
8303,998,
8304,998,
8306,998,
8308,998,
8309,998,
8315,998,
8317,998,
8319,998,
8320,998,
8323,998,
8324,998,
8326,998,
8328,998,
8330,998,
8331,998,
8333,998,
8335,998,
8336,998,
8338,998,
8340,998,
8341,998,
8343,998,
8345,998,
8346,998,
8348,998,
8350,998,
8352,998,
8353,998,
8355,998,
8357,998,
8358,998,
8360,998,
8362,998,
8363,998,
8365,998,
8367,998,
8368,998,
8370,998,
8372,998,
8374,998,
8376,998,
8378,998,
8380,998,
8381,998,
8383,998,
8385,998,
8386,998,
8388,998,
8390,998,
8391,998,
8393,998,
8395,998,
8400,998,
8402,998,
8404,998,
8406,998,
8407,998,
8409,998,
8411,998,
8413,998,
8414,998,
8416,998,
8418,998,
8419,998,
8421,998,
8423,998,
8424,998,
8426,998,
8428,998,
8430,998,
8432,998,
8434,998,
8435,998,
8437,998,
8439,998,
8440,998,
8442,998,
8444,998,
8445,998,
8447,998,
8449,998,
8451,998,
8452,998,
8454,998,
8456,998,
8457,998,
8459,998,
8461,998,
8462,998,
8464,998,
8466,998,
8468,998,
8469,998,
8471,998,
8473,998,
8474,998,
8476,998,
8478,998,
8484,998,
8486,998,
8488,998,
8489,998,
8491,998,
8493,998,
8494,998,
8496,998,
8498,998,
8500,998,
8501,998,
8503,998,
8505,998,
8506,998,
8508,998,
8510,998,
8512,998,
8513,998,
8515,998,
8517,998,
8518,998,
8520,998,
8522,998,
8524,998,
8525,998,
8527,998,
8529,998,
8530,998,
8532,998,
8534,998,
8536,998,
8538,998,
8540,998,
8541,998,
8543,998,
8545,998,
8547,998,
8548,998,
8550,998,
8552,998,
8553,998,
8555,998,
8557,998,
8559,998,
8560,998,
8562,998,
8564,998,
8569,998,
8571,998,
8573,998,
8575,998,
8576,998,
8578,998,
8580,998,
8581,998,
8583,998,
8585,998,
8587,998,
8588,998,
8590,998,
8593,998,
8594,998,
8596,998,
8598,998,
8599,998,
8601,998,
8603,998,
8604,998,
8606,998,
8608,998,
8610,998,
8611,998,
8613,998,
8615,998,
8616,998,
8618,998,
8620,998,
8622,998,
8623,998,
8625,998,
8627,998,
8628,998,
8630,998,
8632,998,
8634,998,
8635,998,
8637,998,
8639,998,
8640,998,
8642,998,
8644,998,
8646,998,
8648,998,
8650,998,
8655,998,
8656,998,
8658,998,
8660,998,
8661,998,
8663,998,
8664,998,
8666,998,
8667,998,
8669,998,
8671,998,
8672,998,
8674,998,
8675,998,
8677,998,
8678,998,
8680,998,
8682,998,
8683,998,
8685,998,
8686,998,
8688,998,
8689,998,
8691,998,
8693,998,
8694,998,
8697,998,
8698,998,
8700,998,
8701,998,
8703,998,
8704,998,
8706,998,
8708,998,
8709,998,
8711,998,
8712,998,
8714,998,
8716,998,
8717,998,
8719,998,
8720,998,
8722,998,
8723,998,
8725,998,
8727,998,
8732,998,
8734,998,
8735,998,
8737,998,
8739,998,
8740,998,
8742,998,
8743,998,
8745,998,
8746,998,
8749,998,
8751,998,
8752,998,
8754,998,
8755,998,
8757,998,
8758,998,
8760,998,
8762,998,
8763,998,
8765,998,
8766,998,
8768,998,
8769,998,
8771,998,
8773,998,
8774,998,
8776,998,
8777,998,
8779,998,
8780,998,
8782,998,
8784,998,
8785,998,
8787,998,
8788,998,
8790,998,
8792,998,
8793,998,
8795,998,
8796,998,
8799,998,
8800,998,
8802,998,
8803,998,
8805,998,
8807,998,
8812,998,
8814,998,
8816,998,
8817,998,
8819,998,
8821,998,
8823,998,
8824,998,
8826,998,
8828,998,
8829,998,
8831,998,
8833,998,
8835,998,
8836,998,
8838,998,
8840,998,
8841,998,
8843,998,
8845,998,
8847,998,
8848,998,
8850,998,
8852,998,
8854,998,
8856,998,
8858,998,
8859,998,
8861,998,
8863,998,
8864,998,
8866,998,
8868,998,
8870,998,
8871,998,
8873,998,
8875,998,
8876,998,
8878,998,
8880,998,
8882,998,
8883,998,
8885,998,
8887,998,
8888,998,
8890,998,
8896,998,
8898,998,
8899,998,
8901,998,
8903,998,
8904,998,
8907,998,
8909,998,
8910,998,
8912,998,
8914,998,
8915,998,
8917,998,
8919,998,
8921,998,
8922,998,
8924,998,
8926,998,
8927,998,
8929,998,
8931,998,
8933,998,
8934,998,
8936,998,
8938,998,
8939,998,
8941,998,
8943,998,
8945,998,
8946,998,
8948,998,
8950,998,
8951,998,
8953,998,
8955,998,
8956,998,
8958,998,
8961,998,
8963,998,
8964,998,
8966,998,
8968,998,
8969,998,
8971,998,
8973,998,
8975,998,
8976,998,
8982,998,
8984,998,
8985,998,
8987,998,
8989,998,
8991,998,
8992,998,
8994,998,
8996,998,
8997,998,
8999,998,
9001,998,
9002,998,
9004,998,
9006,998,
9008,998,
9009,998,
9011,998,
9013,998,
9015,998,
9017,998,
9019,998,
9020,998,
9022,998,
9024,998,
9025,998,
9027,998,
9029,998,
9030,998,
9032,998,
9034,998,
9036,998,
9037,998,
9039,998,
9041,998,
9042,998,
9044,998,
9046,998,
9047,998,
9049,998,
9051,998,
9052,998,
9054,998,
9056,998,
9058,998,
9059,998,
9065,998,
9067,998,
9069,998,
9071,998,
9072,998,
9074,998,
9076,998,
9078,998,
9079,998,
9081,998,
9083,998,
9084,998,
9086,998,
9088,998,
9090,998,
9091,998,
9097,998,
9239,998,
9240,998,
9242,998,
9244,998,
9245,998,
9247,998,
9249,998,
9251,998,
9252,998,
9254,998,
9256,998,
9257,998,
9259,998,
9261,998,
9262,998,
9264,998,
9266,998,
9268,998,
9269,998,
9271,998,
9273,998,
9274,998,
9276,998,
9278,998,
9279,998,
9281,998,
9283,998,
9285,998,
9286,998,
9288,998,
9295,998,
9297,998,
9298,998,
9300,998,
9302,998,
9304,998,
9305,998,
9307,998,
9309,998,
9310,998,
9312,998,
9314,998,
9316,998,
9317,998,
9319,998,
9321,998,
9322,998,
9324,998,
9326,998,
9328,998,
9329,998,
9331,998,
9333,998,
9334,998,
9336,998,
9338,998,
9340,998,
9341,998,
9343,998,
9345,998,
9347,998,
9349,998,
9351,998,
9352,998,
9354,998,
9356,998,
9358,998,
9359,998,
9361,998,
9363,998,
9364,998,
9366,998,
9368,998,
9370,998,
9371,998,
9373,998,
9379,998,
9380,998,
9382,998,
9384,998,
9386,998,
9387,998,
9389,998,
9391,998,
9392,998,
9394,998,
9396,998,
9398,998,
9399,998,
9410,998,
9479,998,
9547,998,
9558,998,
9559,998,
9561,998,
9563,998,
9565,998,
9566,998,
9568,998,
9570,998,
9571,998,
9573,998,
9575,998,
9577,998,
9578,998,
9580,998,
9582,998,
9583,998,
9585,998,
9587,998,
9589,998,
9590,998,
9592,998,
9594,998,
9595,998,
9597,998,
9599,998,
9601,998,
9602,998,
9604,998,
9606,998,
9607,998,
9609,998,
9616,998,
9618,998,
9619,998,
9621,998,
9623,998,
9624,998,
9626,998,
9627,998,
9629,998,
9630,998,
9632,998,
9634,998,
9635,998,
9637,998,
9638,998,
9640,998,
9642,998,
9643,998,
9645,998,
9646,998,
9648,998,
9649,998,
9651,998,
9653,998,
9654,998,
9656,998,
9657,998,
9659,998,
9660,998,
9663,998,
9664,998,
9666,998,
9668,998,
9669,998,
9671,998,
9672,998,
9674,998,
9675,998,
9677,998,
9679,998,
9680,998,
9682,998,
9683,998,
9685,998,
9686,998,
9688,998,
9694,998,
9695,998,
9697,998,
9698,998,
9700,998,
9702,998,
9703,998,
9705,998,
9706,998,
9708,998,
9710,998,
9711,998,
9713,998,
9715,998,
9717,998,
9718,998,
9720,998,
9721,998,
9723,998,
9725,998,
9726,998,
9728,998,
9729,998,
9731,998,
9733,998,
9734,998,
9736,998,
9737,998,
9739,998,
9740,998,
9742,998,
9744,998,
9745,998,
9747,998,
9748,998,
9750,998,
9751,998,
9753,998,
9755,998,
9756,998,
9758,998,
9759,998,
9761,998,
9762,998,
9765,998,
9766,998,
9768,998,
9774,998,
9776,998,
9777,998,
9779,998,
9781,998,
9782,998,
9784,998,
9786,998,
9788,998,
9789,998,
9791,998,
9793,998,
9794,998,
9796,998,
9798,998,
9800,998,
9801,998,
9803,998,
9805,998,
9806,998,
9808,998,
9810,998,
9812,998,
9813,998,
9815,998,
9817,998,
9819,998,
9821,998,
9823,998,
9824,998,
9826,998,
9828,998,
9829,998,
9831,998,
9833,998,
9835,998,
9836,998,
9838,998,
9840,998,
9841,998,
9843,998,
9845,998,
9847,998,
9848,998,
9850,998,
9852,998,
9853,998,
9858,998,
9860,998,
9862,998,
9863,998,
9865,998,
9867,998,
9869,998,
9870,998,
9873,998,
9874,998,
9876,998,
9878,998,
9880,998,
9881,998,
9883,998,
9885,998,
9886,998,
9888,998,
9890,998,
9892,998,
9893,998,
9895,998,
9897,998,
9898,998,
9900,998,
9902,998,
9904,998,
9905,998,
9907,998,
9909,998,
9910,998,
9912,998,
9914,998,
9915,998,
9917,998,
9919,998,
9921,998,
9922,998,
9924,998,
9927,998,
9928,998,
9930,998,
9932,998,
9934,998,
9935,998,
9937,998,
9943,998,
9944,998,
9946,998,
9948,998,
9950,998,
9951,998,
9953,998,
9955,998,
9956,998,
9958,998,
9960,998,
9961,998,
9963,998,
9965,998,
9967,998,
9968,998,
9970,998,
9972,998,
9973,998,
9975,998,
9977,998,
9978,998,
9981,998,
9983,998,
9984,998,
9986,998,
9988,998,
9989,998,
9991,998,
9993,998,
9994,998,
9996,998,
9998,998,
10000,998,
10001,998,
10003,998,
10005,998,
10006,998,
10008,998,
10010,998,
10011,998,
10013,998,
10015,998,
10017,998,
10018,998,
10020,998,
10025,998,
10026,998,
10028,998,
10030,998,
10032,998,
10033,998,
10036,998,
10037,998,
10039,998,
10041,998,
10043,998,
10044,998,
10046,998,
10048,998,
10049,998,
10051,998,
10053,998,
10054,998,
10056,998,
10058,998,
10059,998,
10061,998,
10063,998,
10065,998,
10066,998,
10068,998,
10070,998,
10071,998,
10073,998,
10075,998,
10076,998,
10078,998,
10080,998,
10081,998,
10083,998,
10085,998,
10087,998,
10089,998,
10091,998,
10093,998,
10094,998,
10096,998,
10102,998,
10104,998,
10105,998,
10107,998,
10109,998,
10110,998,
10112,998,
10114,998,
10116,998,
10117,998,
10119,998,
10121,998,
10122,998,
10124,998,
10126,998,
10128,998,
10129,998,
10131,998,
10133,998,
10134,998,
10136,998,
10138,998,
10140,998,
10141,998,
10144,998,
10145,998,
10147,998,
10149,998,
10151,998,
10152,998,
10154,998,
10156,998,
10157,998,
10159,998,
10161,998,
10163,998,
10164,998,
10166,998,
10168,998,
10169,998,
10171,998,
10173,998,
10175,998,
10180,998,
10182,998,
10184,998,
10185,998,
10187,998,
10189,998,
10191,998,
10192,998,
10194,998,
10196,998,
10198,998,
10200,998,
10202,998,
10203,998,
10205,998,
10207,998,
10209,998,
10210,998,
10212,998,
10214,998,
10215,998,
10217,998,
10219,998,
10221,998,
10222,998,
10224,998,
10226,998,
10227,998,
10229,998,
10231,998,
10233,998,
10234,998,
10236,998,
10238,998,
10239,998,
10241,998,
10243,998,
10245,998,
10246,998,
10248,998,
10250,998,
10252,998,
10254,998,
10259,998,
10260,998,
10262,998,
10264,998,
10265,998,
10267,998,
10269,998,
10270,998,
10397,998,
10398,998,
10400,998,
10401,998,
10403,998,
10404,998,
10406,998,
10408,998,
10409,998,
10411,998,
10413,998,
10414,998,
10416,998,
10417,998,
10419,998,
10421,998,
10422,998,
10424,998,
10425,998,
10427,998,
10428,998,
10430,998,
10432,998,
10433,998,
10435,998,
10436,998,
10438,998,
10439,998,
10441,998,
10443,998,
10444,998,
10447,998,
10448,998,
10450,998,
10455,998,
10457,998,
10459,998,
10460,998,
10462,998,
10464,998,
10465,998,
10467,998,
10468,998,
10470,998,
10471,998,
10473,998,
10475,998,
10476,998,
10478,998,
10479,998,
10481,998,
10482,998,
10484,998,
10486,998,
10487,998,
10489,998,
10490,998,
10492,998,
10494,998,
10495,998,
10497,998,
10499,998,
10501,998,
10502,998,
10504,998,
10505,998,
10507,998,
10508,998,
10510,998,
10512,998,
10513,998,
10515,998,
10516,998,
10518,998,
10520,998,
10521,998,
10523,998,
10528,998,
10530,998,
10532,998,
10534,998,
10536,998,
10537,998,
10539,998,
10541,998,
10542,998,
10544,998,
10546,998,
10548,998,
10549,998,
10552,998,
10554,998,
10555,998,
10557,998,
10559,998,
10560,998,
10562,998,
10564,998,
10566,998,
10567,998,
10569,998,
10571,998,
10572,998,
10574,998,
10576,998,
10577,998,
10579,998,
10581,998,
10583,998,
10584,998,
10586,998,
10588,998,
10589,998,
10591,998,
10593,998,
10595,998,
10596,998,
10598,998,
10600,998,
10601,998,
10608,998,
10609,998,
10611,998,
10613,998,
10615,998,
10616,998,
10618,998,
10620,998,
10621,998,
10623,998,
10625,998,
10627,998,
10628,998,
10630,998,
10632,998,
10633,998,
10635,998,
10637,998,
10639,998,
10640,998,
10642,998,
10644,998,
10645,998,
10647,998,
10649,998,
10651,998,
10652,998,
10654,998,
10656,998,
10657,998,
10660,998,
10662,998,
10663,998,
10665,998,
10667,998,
10668,998,
10670,998,
10672,998,
10674,998,
10675,998,
10677,998,
10679,998,
10684,998,
10686,998,
10688,998,
10690,998,
10691,998,
10693,998,
10695,998,
10696,998,
10698,998,
10700,998,
10701,998,
10703,998,
10705,998,
10707,998,
10708,998,
10710,998,
10712,998,
10714,998,
10716,998,
10717,998,
10719,998,
10721,998,
10722,998,
10724,998,
10726,998,
10728,998,
10729,998,
10731,998,
10733,998,
10734,998,
10736,998,
10738,998,
10739,998,
10741,998,
10743,998,
10745,998,
10746,998,
10748,998,
10750,998,
10751,998,
10753,998,
10755,998,
10756,998,
10762,998,
10764,998,
10765,998,
10768,998,
10770,998,
10771,998,
10773,998,
10775,998,
10776,998,
10778,998,
10780,998,
10781,998,
10783,998,
10785,998,
10787,998,
10788,998,
10790,998,
10792,998,
10793,998,
10795,998,
10797,998,
10798,998,
10800,998,
10802,998,
10804,998,
10805,998,
10807,998,
10809,998,
10810,998,
10812,998,
10814,998,
10815,998,
10817,998,
10819,998,
10821,998,
10823,998,
10825,998,
10826,998,
10828,998,
10830,998,
10832,998,
10833,998,
10835,998,
10840,998,
10842,998,
10843,998,
10845,998,
10847,998,
10849,998,
10850,998,
10852,998,
10854,998,
10855,998,
10857,998,
10859,998,
10860,998,
10862,998,
10864,998,
10866,998,
10867,998,
10869,998,
10871,998,
10873,998,
10874,998,
10877,998,
10878,998,
10880,998,
10882,998,
10884,998,
10885,998,
10887,998,
10889,998,
10890,998,
10892,998,
10894,998,
10896,998,
10897,998,
10899,998,
10901,998,
10902,998,
10904,998,
10906,998,
10908,998,
10909,998,
10911,998,
10916,998,
10918,998,
10920,998,
10922,998,
10924,998,
10925,998,
10927,998,
10929,998,
10931,998,
10933,998,
10935,998,
10936,998,
10938,998,
10940,998,
10941,998,
10943,998,
10945,998,
10947,998,
10948,998,
10950,998,
10952,998,
10953,998,
10955,998,
10957,998,
10959,998,
10960,998,
10962,998,
10964,998,
10965,998,
10967,998,
10969,998,
10970,998,
10972,998,
10974,998,
10976,998,
10977,998,
10979,998,
10981,998,
10982,998,
10985,998,
10987,998,
10988,998,
10990,998,
10996,998,
10997,998,
10999,998,
11001,998,
11002,998,
11004,998,
11005,998,
11007,998,
11009,998,
11010,998,
11012,998,
11013,998,
11015,998,
11016,998,
11018,998,
11020,998,
11021,998,
11023,998,
11024,998,
11026,998,
11027,998,
11029,998,
11031,998,
11032,998,
11034,998,
11036,998,
11038,998,
11039,998,
11041,998,
11042,998,
11044,998,
11046,998,
11047,998,
11049,998,
11050,998,
11052,998,
11053,998,
11055,998,
11057,998,
11058,998,
11060,998,
11061,998,
11063,998,
11070,998,
11072,998,
11073,998,
11075,998,
11076,998,
11078,998,
11080,998,
11081,998,
11083,998,
11084,998,
11087,998,
11088,998,
11090,998,
11091,998,
11093,998,
11095,998,
11096,998,
11098,998,
11099,998,
11101,998,
11102,998,
11104,998,
11106,998,
11107,998,
11109,998,
11110,998,
11112,998,
11113,998,
11115,998,
11117,998,
11118,998,
11120,998,
11121,998,
11123,998,
11125,998,
11126,998,
11128,998,
11129,998,
11131,998,
11132,998,
11134,998,
11136,998,
11142,998,
11144,998,
11146,998,
11147,998,
11149,998,
11151,998,
11152,998,
11154,998,
11155,998,
11157,998,
11158,998,
11160,998,
11162,998,
11164,998,
11165,998,
11167,998,
11169,998,
11170,998,
11172,998,
11174,998,
11176,998,
11177,998,
11179,998,
11181,998,
11182,998,
11184,998,
11186,998,
11188,998,
11189,998,
11192,998,
11194,998,
11195,998,
11197,998,
11199,998,
11200,998,
11202,998,
11204,998,
11206,998,
11207,998,
11209,998,
11211,998,
11212,998,
11214,998,
11220,998,
11222,998,
11223,998,
11225,998,
11227,998,
11228,998,
11230,998,
11232,998,
11234,998,
11235,998,
11237,998,
11239,998,
11240,998,
11242,998,
11244,998,
11246,998,
11248,998,
11250,998,
11251,998,
11253,998,
11255,998,
11257,998,
11258,998,
11260,998,
11262,998,
11263,998,
11265,998,
11267,998,
11269,998,
11271,998,
11395,998,
11396,998,
11398,998,
11400,998,
11402,998,
11403,998,
11405,998,
11407,998,
11408,998,
11410,998,
11412,998,
11414,998,
11416,998,
11420,998,
11422,998,
11424,998,
11426,998,
11427,998,
11429,998,
11431,998,
11432,998,
11434,998,
11436,998,
11438,998,
11439,998,
11441,998,
11443,998,
11444,998,
11446,998,
11448,998,
11450,998,
11452,998,
11454,998,
11455,998,
11457,998,
11459,998,
11460,998,
11462,998,
11464,998,
11465,998,
11467,998,
11469,998,
11471,998,
11472,998,
11474,998,
11476,998,
11477,998,
11479,998,
11481,998,
11482,998,
11484,998,
11486,998,
11488,998,
11489,998,
11491,998,
11496,998,
11498,998,
11500,998,
11502,998,
11504,998,
11506,998,
11508,998,
11509,998,
11511,998,
11513,998,
11514,998,
11516,998,
11518,998,
11519,998,
11521,998,
11523,998,
11524,998,
11526,998,
11528,998,
11530,998,
11531,998,
11533,998,
11535,998,
11536,998,
11538,998,
11540,998,
11541,998,
11543,998,
11545,998,
11547,998,
11548,998,
11550,998,
11552,998,
11553,998,
11555,998,
11558,998,
11559,998,
11561,998,
11563,998,
11564,998,
11566,998,
11568,998,
11569,998,
11575,998,
11577,998,
11579,998,
11580,998,
11582,998,
11584,998,
11586,998,
11587,998,
11589,998,
11591,998,
11592,998,
11594,998,
11596,998,
11598,998,
11599,998,
11601,998,
11603,998,
11604,998,
11606,998,
11608,998,
11610,998,
11612,998,
11614,998,
11616,998,
11617,998,
11619,998,
11621,998,
11622,998,
11624,998,
11626,998,
11627,998,
11629,998,
11631,998,
11633,998,
11634,998,
11636,998,
11638,998,
11639,998,
11641,998,
11643,998,
11645,998,
11646,998,
11648,998,
11653,998,
11655,998,
11656,998,
11658,998,
11660,998,
11662,998,
11663,998,
11666,998,
11667,998,
11669,998,
11671,998,
11673,998,
11674,998,
11676,998,
11678,998,
11679,998,
11681,998,
11683,998,
11685,998,
11686,998,
11688,998,
11690,998,
11691,998,
11693,998,
11695,998,
11697,998,
11698,998,
11700,998,
11702,998,
11703,998,
11705,998,
11707,998,
11709,998,
11710,998,
11712,998,
11714,998,
11715,998,
11717,998,
11720,998,
11721,998,
11723,998,
11725,998,
11730,998,
11732,998,
11734,998,
11735,998,
11737,998,
11738,998,
11740,998,
11742,998,
11743,998,
11745,998,
11746,998,
11748,998,
11749,998,
11751,998,
11753,998,
11754,998,
11756,998,
11757,998,
11759,998,
11761,998,
11762,998,
11764,998,
11765,998,
11767,998,
11768,998,
11771,998,
11772,998,
11774,998,
11775,998,
11777,998,
11779,998,
11780,998,
11782,998,
11783,998,
11785,998,
11786,998,
11788,998,
11790,998,
11791,998,
11793,998,
11794,998,
11796,998,
11798,998,
11803,998,
11805,998,
11806,998,
11808,998,
11810,998,
11811,998,
11813,998,
11814,998,
11816,998,
11817,998,
11819,998,
11821,998,
11823,998,
11825,998,
11826,998,
11828,998,
11829,998,
11831,998,
11833,998,
11834,998,
11836,998,
11837,998,
11839,998,
11840,998,
11842,998,
11844,998,
11845,998,
11847,998,
11848,998,
11850,998,
11851,998,
11853,998,
11855,998,
11856,998,
11858,998,
11859,998,
11861,998,
11862,998,
11864,998,
11866,998,
11867,998,
11869,998,
11870,998,
11876,998,
11878,998,
11880,998,
11881,998,
11883,998,
11885,998,
11887,998,
11888,998,
11890,998,
11892,998,
11893,998,
11895,998,
11897,998,
11899,998,
11900,998,
11902,998,
11904,998,
11905,998,
11907,998,
11909,998,
11911,998,
11912,998,
11912,998,
11914,998,
11916,998,
11918,998,
11919,998,
11921,998,
11923,998,
11924,998,
11927,998,
11929,998,
11930,998,
11932,998,
11934,998,
11935,998,
11937,998,
11939,998,
11941,998,
11942,998,
11944,998,
11946,998,
11951,998,
11953,998,
11955,998,
11957,998,
11958,998,
11960,998,
11962,998,
11963,998,
11965,998,
11967,998,
11969,998,
11970,998,
11972,998,
11974,998,
11975,998,
11977,998,
11979,998,
11981,998,
11983,998,
11985,998,
11986,998,
11988,998,
11990,998,
11992,998,
11993,998,
11995,998,
11997,998,
11998,998,
12000,998,
12002,998,
12004,998,
12005,998,
12007,998,
12009,998,
12010,998,
12012,998,
12014,998,
12015,998,
12017,998,
12019,998,
12021,998,
12022,998,
12024,998,
12030,998,
12031,998,
12033,998,
12036,998,
12037,998,
12039,998,
12041,998,
12042,998,
12044,998,
12046,998,
12048,998,
12049,998,
12051,998,
12053,998,
12054,998,
12056,998,
12058,998,
12059,998,
12061,998,
12063,998,
12064,998,
12066,998,
12068,998,
12070,998,
12071,998,
12073,998,
12075,998,
12076,998,
12078,998,
12080,998,
12081,998,
12083,998,
12085,998,
12086,998,
12089,998,
12091,998,
12092,998,
12094,998,
12096,998,
12098,998,
12099,998,
12101,998,
12103,998,
12107,998,
12109,998,
12111,998,
12113,998,
12114,998,
12116,998,
12118,998,
12120,998,
12121,998,
12123,998,
12125,998,
12126,998,
12128,998,
12130,998,
12131,998,
12133,998,
12135,998,
12136,998,
12138,998,
12140,998,
12142,998,
12144,998,
12146,998,
12147,998,
12149,998,
12151,998,
12152,998,
12154,998,
12156,998,
12158,998,
12159,998,
12161,998,
12163,998,
12164,998,
12166,998,
12168,998,
12169,998,
12171,998,
12173,998,
12175,998,
12176,998,
12178,998,
12183,998,
12185,998,
12187,998,
12189,998,
12190,998,
12192,998,
12194,998,
12196,998,
12198,998,
12200,998,
12202,998,
12203,998,
12205,998,
12207,998,
12208,998,
12210,998,
12212,998,
12213,998,
12215,998,
12217,998,
12219,998,
12220,998,
12222,998,
12224,998,
12225,998,
12227,998,
12229,998,
12231,998,
12232,998,
12234,998,
12236,998,
12237,998,
12239,998,
12241,998,
12243,998,
12244,998,
12246,998,
12248,998,
12249,998,
12252,998,
12254,998,
12255,998,
12257,998,
12263,998,
12265,998,
12266,998,
12268,998,
12270,998,
12272,998,
12274,998,
12275,998,
12277,998,
12387,998,
12389,998,
12391,998,
12392,998,
12394,998,
12396,998,
12397,998,
12399,998,
12401,998,
12403,998,
12405,998,
12406,998,
12408,998,
12410,998,
12412,998,
12413,998,
12415,998,
12417,998,
12418,998,
12420,998,
12422,998,
12424,998,
12425,998,
12427,998,
12429,998,
12430,998,
12432,998,
12434,998,
12436,998,
12437,998,
12439,998,
12441,998,
12443,998,
12445,998,
12450,998,
12451,998,
12453,998,
12455,998,
12456,998,
12458,998,
12459,998,
12461,998,
12462,998,
12464,998,
12466,998,
12467,998,
12469,998,
12470,998,
12472,998,
12474,998,
12475,998,
12477,998,
12478,998,
12480,998,
12481,998,
12483,998,
12485,998,
12486,998,
12488,998,
12489,998,
12491,998,
12493,998,
12495,998,
12496,998,
12498,998,
12500,998,
12501,998,
12503,998,
12504,998,
12506,998,
12507,998,
12509,998,
12511,998,
12512,998,
12514,998,
12515,998,
12521,998,
12523,998,
12524,998,
12526,998,
12527,998,
12529,998,
12530,998,
12532,998,
12534,998,
12535,998,
12537,998,
12538,998,
12540,998,
12541,998,
12544,998,
12546,998,
12547,998,
12549,998,
12550,998,
12552,998,
12553,998,
12555,998,
12557,998,
12558,998,
12560,998,
12561,998,
12563,998,
12564,998,
12566,998,
12568,998,
12569,998,
12571,998,
12572,998,
12574,998,
12575,998,
12577,998,
12579,998,
12580,998,
12582,998,
12583,998,
12585,998,
12586,998,
12588,998,
12594,998,
12596,998,
12598,998,
12600,998,
12601,998,
12603,998,
12605,998,
12607,998,
12608,998,
12610,998,
12612,998,
12613,998,
12615,998,
12617,998,
12618,998,
12620,998,
12622,998,
12624,998,
12625,998,
12627,998,
12629,998,
12630,998,
12632,998,
12634,998,
12636,998,
12637,998,
12639,998,
12641,998,
12642,998,
12644,998,
12646,998,
12648,998,
12650,998,
12652,998,
12654,998,
12655,998,
12657,998,
12659,998,
12660,998,
12662,998,
12664,998,
12666,998,
12667,998,
12672,998,
12674,998,
12676,998,
12677,998,
12679,998,
12681,998,
12682,998,
12684,998,
12686,998,
12688,998,
12689,998,
12691,998,
12693,998,
12694,998,
12696,998,
12698,998,
12700,998,
12701,998,
12704,998,
12705,998,
12707,998,
12709,998,
12711,998,
12712,998,
12714,998,
12716,998,
12717,998,
12719,998,
12721,998,
12723,998,
12724,998,
12726,998,
12728,998,
12729,998,
12731,998,
12733,998,
12735,998,
12736,998,
12738,998,
12740,998,
12741,998,
12743,998,
12749,998,
12751,998,
12752,998,
12754,998,
12756,998,
12758,998,
12760,998,
12761,998,
12763,998,
12765,998,
12767,998,
12768,998,
12770,998,
12772,998,
12773,998,
12775,998,
12777,998,
12778,998,
12780,998,
12782,998,
12783,998,
12785,998,
12787,998,
12789,998,
12790,998,
12792,998,
12794,998,
12795,998,
12797,998,
12799,998,
12800,998,
12802,998,
12804,998,
12805,998,
12807,998,
12809,998,
12811,998,
12813,998,
12815,998,
12816,998,
12818,998,
12820,998,
12822,998,
12827,998,
12829,998,
12831,998,
12832,998,
12834,998,
12836,998,
12838,998,
12839,998,
12841,998,
12843,998,
12844,998,
12846,998,
12848,998,
12849,998,
12851,998,
12853,998,
12855,998,
12856,998,
12858,998,
12860,998,
12861,998,
12863,998,
12866,998,
12867,998,
12869,998,
12871,998,
12872,998,
12874,998,
12876,998,
12877,998,
12879,998,
12881,998,
12882,998,
12884,998,
12886,998,
12888,998,
12889,998,
12891,998,
12893,998,
12894,998,
12896,998,
12898,998,
12899,998,
12904,998,
12906,998,
12908,998,
12909,998,
12911,998,
12913,998,
12915,998,
12916,998,
12919,998,
12921,998,
12922,998,
12924,998,
12926,998,
12927,998,
12929,998,
12931,998,
12932,998,
12934,998,
12936,998,
12938,998,
12939,998,
12941,998,
12943,998,
12944,998,
12946,998,
12948,998,
12950,998,
12951,998,
12953,998,
12955,998,
12956,998,
12958,998,
12960,998,
12962,998,
12963,998,
12965,998,
12967,998,
12968,998,
12970,998,
12973,998,
12974,998,
12976,998,
12982,998,
12984,998,
12985,998,
12987,998,
12989,998,
12991,998,
12992,998,
12994,998,
12996,998,
12997,998,
12999,998,
13001,998,
13003,998,
13004,998,
13006,998,
13008,998,
13009,998,
13011,998,
13013,998,
13015,998,
13016,998,
13018,998,
13020,998,
13021,998,
13023,998,
13025,998,
13027,998,
13029,998,
13031,998,
13032,998,
13034,998,
13036,998,
13038,998,
13039,998,
13041,998,
13043,998,
13044,998,
13046,998,
13048,998,
13050,998,
13051,998,
13053,998,
13055,998,
13060,998,
13062,998,
13063,998,
13065,998,
13067,998,
13068,998,
13070,998,
13071,998,
13073,998,
13075,998,
13076,998,
13078,998,
13080,998,
13082,998,
13083,998,
13085,998,
13086,998,
13088,998,
13089,998,
13091,998,
13093,998,
13094,998,
13096,998,
13097,998,
13099,998,
13100,998,
13102,998,
13104,998,
13105,998,
13107,998,
13108,998,
13110,998,
13112,998,
13113,998,
13115,998,
13116,998,
13118,998,
13119,998,
13121,998,
13123,998,
13124,998,
13126,998,
13127,998,
13133,998,
13135,998,
13137,998,
13138,998,
13140,998,
13141,998,
13143,998,
13144,998,
13146,998,
13148,998,
13149,998,
13151,998,
13152,998,
13154,998,
13155,998,
13157,998,
13159,998,
13160,998,
13162,998,
13163,998,
13165,998,
13167,998,
13168,998,
13170,998,
13171,998,
13173,998,
13174,998,
13176,998,
13178,998,
13179,998,
13182,998,
13183,998,
13185,998,
13186,998,
13188,998,
13190,998,
13191,998,
13193,998,
13194,998,
13196,998,
13197,998,
13199,998,
13204,998,
13206,998,
13208,998,
13210,998,
13212,998,
13213,998,
13215,998,
13217,998,
13218,998,
13220,998,
13222,998,
13224,998,
13225,998,
13227,998,
13229,998,
13230,998,
13232,998,
13235,998,
13236,998,
13238,998,
13240,998,
13241,998,
13243,998,
13245,998,
13247,998,
13248,998,
13250,998,
13252,998,
13254,998,
13255,998,
13257,998,
13259,998,
13361,998,
13363,998,
13364,998,
13366,998,
13368,998,
13370,998,
13371,998,
13373,998,
13375,998,
13376,998,
13378,998,
13384,998,
13386,998,
13388,998,
13389,998,
13391,998,
13393,998,
13394,998,
13396,998,
13398,998,
13400,998,
13401,998,
13403,998,
13405,998,
13406,998,
13408,998,
13410,998,
13412,998,
13413,998,
13416,998,
13417,998,
13419,998,
13421,998,
13423,998,
13424,998,
13426,998,
13428,998,
13429,998,
13431,998,
13433,998,
13435,998,
13436,998,
13438,998,
13440,998,
13441,998,
13443,998,
13445,998,
13447,998,
13448,998,
13450,998,
13452,998,
13453,998,
13455,998,
13457,998,
13462,998,
13463,998,
13465,998,
13467,998,
13469,998,
13471,998,
13473,998,
13474,998,
13476,998,
13478,998,
13479,998,
13481,998,
13483,998,
13485,998,
13486,998,
13488,998,
13490,998,
13491,998,
13493,998,
13495,998,
13496,998,
13498,998,
13500,998,
13501,998,
13503,998,
13505,998,
13507,998,
13508,998,
13510,998,
13512,998,
13513,998,
13515,998,
13517,998,
13518,998,
13520,998,
13522,998,
13524,998,
13526,998,
13528,998,
13529,998,
13531,998,
13533,998,
13538,998,
13540,998,
13542,998,
13544,998,
13545,998,
13547,998,
13549,998,
13551,998,
13552,998,
13554,998,
13556,998,
13557,998,
13559,998,
13561,998,
13562,998,
13564,998,
13566,998,
13568,998,
13569,998,
13571,998,
13573,998,
13574,998,
13576,998,
13578,998,
13580,998,
13582,998,
13584,998,
13585,998,
13587,998,
13589,998,
13590,998,
13592,998,
13594,998,
13595,998,
13597,998,
13599,998,
13601,998,
13602,998,
13604,998,
13606,998,
13607,998,
13609,998,
13611,998,
13616,998,
13618,998,
13620,998,
13622,998,
13623,998,
13625,998,
13627,998,
13628,998,
13630,998,
13633,998,
13634,998,
13636,998,
13638,998,
13639,998,
13641,998,
13643,998,
13645,998,
13646,998,
13648,998,
13650,998,
13651,998,
13653,998,
13655,998,
13657,998,
13658,998,
13660,998,
13662,998,
13663,998,
13665,998,
13667,998,
13669,998,
13670,998,
13672,998,
13674,998,
13675,998,
13677,998,
13679,998,
13681,998,
13682,998,
13684,998,
13687,998,
13688,998,
13690,998,
13695,998,
13697,998,
13698,998,
13700,998,
13702,998,
13704,998,
13705,998,
13707,998,
13709,998,
13710,998,
13712,998,
13714,998,
13716,998,
13717,998,
13719,998,
13721,998,
13722,998,
13724,998,
13726,998,
13728,998,
13729,998,
13731,998,
13733,998,
13734,998,
13736,998,
13738,998,
13740,998,
13742,998,
13744,998,
13746,998,
13747,998,
13749,998,
13751,998,
13752,998,
13754,998,
13756,998,
13757,998,
13759,998,
13761,998,
13763,998,
13764,998,
13766,998,
13771,998,
13773,998,
13775,998,
13776,998,
13778,998,
13780,998,
13781,998,
13783,998,
13784,998,
13786,998,
13787,998,
13789,998,
13791,998,
13793,998,
13795,998,
13796,998,
13798,998,
13799,998,
13801,998,
13802,998,
13804,998,
13806,998,
13807,998,
13809,998,
13810,998,
13812,998,
13813,998,
13815,998,
13817,998,
13818,998,
13820,998,
13821,998,
13823,998,
13824,998,
13826,998,
13828,998,
13829,998,
13831,998,
13832,998,
13834,998,
13836,998,
13837,998,
13839,998,
13845,998,
13847,998,
13848,998,
13850,998,
13851,998,
13853,998,
13855,998,
13856,998,
13858,998,
13859,998,
13861,998,
13862,998,
13864,998,
13866,998,
13867,998,
13869,998,
13870,998,
13872,998,
13873,998,
13875,998,
13877,998,
13878,998,
13880,998,
13881,998,
13883,998,
13885,998,
13886,998,
13888,998,
13889,998,
13891,998,
13892,998,
13895,998,
13896,998,
13898,998,
13900,998,
13901,998,
13903,998,
13904,998,
13906,998,
13907,998,
13909,998,
13911,998,
13912,998,
13917,998,
13919,998,
13921,998,
13922,998,
13924,998,
13926,998,
13927,998,
13929,998,
13931,998,
13933,998,
13934,998,
13936,998,
13938,998,
13939,998,
13941,998,
13943,998,
13945,998,
13947,998,
13949,998,
13951,998,
13952,998,
13954,998,
13956,998,
13957,998,
13959,998,
13961,998,
13962,998,
13964,998,
13966,998,
13968,998,
13969,998,
13971,998,
13973,998,
13974,998,
13976,998,
13978,998,
13980,998,
13981,998,
13983,998,
13985,998,
13986,998,
13988,998,
13994,998,
13996,998,
13997,998,
13999,998,
14001,998,
14003,998,
14005,998,
14007,998,
14008,998,
14010,998,
14012,998,
14013,998,
14015,998,
14017,998,
14019,998,
14020,998,
14022,998,
14024,998,
14025,998,
14027,998,
14029,998,
14031,998,
14032,998,
14034,998,
14036,998,
14037,998,
14039,998,
14041,998,
14043,998,
14044,998,
14046,998,
14048,998,
14049,998,
14051,998,
14053,998,
14055,998,
14057,998,
14059,998,
14061,998,
14062,998,
14064,998,
14066,998,
14067,998,
14073,998,
14075,998,
14077,998,
14078,998,
14080,998,
14082,998,
14083,998,
14085,998,
14087,998,
14088,998,
14090,998,
14092,998,
14094,998,
14095,998,
14097,998,
14099,998,
14100,998,
14102,998,
14104,998,
14105,998,
14107,998,
14110,998,
14111,998,
14113,998,
14115,998,
14116,998,
14118,998,
14120,998,
14121,998,
14123,998,
14125,998,
14127,998,
14128,998,
14130,998,
14132,998,
14133,998,
14135,998,
14137,998,
14138,998,
14140,998,
14142,998,
14143,998,
14145,998,
14150,998,
14152,998,
14153,998,
14155,998,
14157,998,
14159,998,
14160,998,
14162,998,
14164,998,
14166,998,
14168,998,
14169,998,
14171,998,
14173,998,
14175,998,
14176,998,
14178,998,
14180,998,
14181,998,
14183,998,
14185,998,
14186,998,
14188,998,
14190,998,
14192,998,
14193,998,
14195,998,
14197,998,
14198,998,
14200,998,
14202,998,
14203,998,
14205,998,
14207,998,
14208,998,
14210,998,
14212,998,
14214,998,
14215,998,
14218,998,
14219,998,
14221,998,
14227,998,
14229,998,
14230,998,
14232,998,
14234,998,
14236,998,
14237,998,
14239,998,
14241,998,
14243,998,
14339,998,
14340,998,
14342,998,
14344,998,
14346,998,
14347,998,
14349,998,
14351,998,
14352,998,
14354,998,
14356,998,
14358,998,
14359,998,
14361,998,
14363,998,
14364,998,
14366,998,
14368,998,
14370,998,
14371,998,
14373,998,
14375,998,
14376,998,
14378,998,
14380,998,
14382,998,
14383,998,
14385,998,
14387,998,
14388,998,
14390,998,
14393,998,
14394,998,
14400,998,
14402,998,
14404,998,
14405,998,
14407,998,
14409,998,
14411,998,
14412,998,
14414,998,
14416,998,
14417,998,
14419,998,
14421,998,
14423,998,
14424,998,
14426,998,
14428,998,
14429,998,
14431,998,
14433,998,
14435,998,
14436,998,
14438,998,
14440,998,
14441,998,
14443,998,
14445,998,
14447,998,
14449,998,
14451,998,
14452,998,
14454,998,
14456,998,
14458,998,
14459,998,
14461,998,
14463,998,
14464,998,
14466,998,
14468,998,
14470,998,
14471,998,
14473,998,
14477,998,
14479,998,
14481,998,
14482,998,
14484,998,
14486,998,
14487,998,
14489,998,
14490,998,
14492,998,
14493,998,
14495,998,
14497,998,
14498,998,
14501,998,
14502,998,
14504,998,
14505,998,
14507,998,
14508,998,
14510,998,
14512,998,
14513,998,
14515,998,
14516,998,
14518,998,
14519,998,
14521,998,
14523,998,
14524,998,
14526,998,
14527,998,
14529,998,
14531,998,
14532,998,
14534,998,
14535,998,
14537,998,
14538,998,
14540,998,
14542,998,
14543,998,
14549,998,
14551,998,
14553,998,
14554,998,
14556,998,
14558,998,
14559,998,
14561,998,
14562,998,
14564,998,
14565,998,
14567,998,
14569,998,
14570,998,
14572,998,
14573,998,
14575,998,
14576,998,
14578,998,
14580,998,
14581,998,
14583,998,
14584,998,
14586,998,
14587,998,
14589,998,
14591,998,
14592,998,
14594,998,
14595,998,
14597,998,
14598,998,
14601,998,
14603,998,
14604,998,
14606,998,
14607,998,
14609,998,
14610,998,
14612,998,
14614,998,
14615,998,
14617,998,
14622,998,
14624,998,
14626,998,
14628,998,
14629,998,
14631,998,
14633,998,
14634,998,
14636,998,
14638,998,
14640,998,
14641,998,
14643,998,
14645,998,
14646,998,
14648,998,
14650,998,
14651,998,
14654,998,
14656,998,
14657,998,
14659,998,
14661,998,
14663,998,
14664,998,
14666,998,
14668,998,
14669,998,
14671,998,
14673,998,
14674,998,
14676,998,
14678,998,
14680,998,
14681,998,
14683,998,
14685,998,
14686,998,
14688,998,
14690,998,
14692,998,
14693,998,
14695,998,
14700,998,
14702,998,
14703,998,
14705,998,
14707,998,
14709,998,
14711,998,
14713,998,
14714,998,
14716,998,
14718,998,
14719,998,
14721,998,
14723,998,
14725,998,
14726,998,
14728,998,
14730,998,
14731,998,
14733,998,
14735,998,
14737,998,
14738,998,
14740,998,
14742,998,
14743,998,
14745,998,
14747,998,
14749,998,
14750,998,
14752,998,
14754,998,
14755,998,
14757,998,
14759,998,
14761,998,
14763,998,
14765,998,
14767,998,
14768,998,
14770,998,
14772,998,
14777,998,
14779,998,
14781,998,
14783,998,
14784,998,
14786,998,
14788,998,
14789,998,
14791,998,
14793,998,
14794,998,
14796,998,
14798,998,
14800,998,
14801,998,
14803,998,
14805,998,
14806,998,
14808,998,
14810,998,
14811,998,
14813,998,
14815,998,
14817,998,
14819,998,
14821,998,
14822,998,
14824,998,
14826,998,
14827,998,
14829,998,
14831,998,
14832,998,
14834,998,
14836,998,
14838,998,
14839,998,
14841,998,
14843,998,
14844,998,
14846,998,
14848,998,
14849,998,
14855,998,
14857,998,
14858,998,
14860,998,
14862,998,
14864,998,
14865,998,
14867,998,
14869,998,
14871,998,
14873,998,
14874,998,
14876,998,
14878,998,
14880,998,
14881,998,
14883,998,
14885,998,
14886,998,
14888,998,
14890,998,
14891,998,
14893,998,
14895,998,
14896,998,
14898,998,
14900,998,
14902,998,
14903,998,
14905,998,
14907,998,
14908,998,
14910,998,
14912,998,
14913,998,
14915,998,
14917,998,
14919,998,
14920,998,
14922,998,
14925,998,
14926,998,
14928,998,
14933,998,
14935,998,
14936,998,
14938,998,
14940,998,
14942,998,
14943,998,
14945,998,
14947,998,
14948,998,
14950,998,
14952,998,
14954,998,
14955,998,
14957,998,
14959,998,
14960,998,
14962,998,
14964,998,
14966,998,
14967,998,
14969,998,
14971,998,
14972,998,
14974,998,
14976,998,
14978,998,
14980,998,
14982,998,
14983,998,
14985,998,
14987,998,
14989,998,
14990,998,
14992,998,
14994,998,
14995,998,
14997,998,
14999,998,
15001,998,
15002,998,
15004,998,
15009,998,
15011,998,
15013,998,
15015,998,
15017,998,
15018,998,
15020,998,
15022,998,
15023,998,
15025,998,
15027,998,
15029,998,
15030,998,
15033,998,
15034,998,
15036,998,
15038,998,
15040,998,
15041,998,
15043,998,
15045,998,
15046,998,
15048,998,
15050,998,
15052,998,
15053,998,
15055,998,
15057,998,
15058,998,
15060,998,
15062,998,
15063,998,
15065,998,
15067,998,
15069,998,
15070,998,
15072,998,
15074,998,
15075,998,
15077,998,
15079,998,
15081,998,
15082,998,
15089,998,
15091,998,
15092,998,
15094,998,
15095,998,
15097,998,
15099,998,
15100,998,
15102,998,
15103,998,
15105,998,
15107,998,
15108,998,
15110,998,
15111,998,
15113,998,
15114,998,
15116,998,
15118,998,
15119,998,
15121,998,
15122,998,
15124,998,
15125,998,
15127,998,
15129,998,
15130,998,
15132,998,
15133,998,
15135,998,
15137,998,
15139,998,
15140,998,
15142,998,
15144,998,
15145,998,
15147,998,
15148,998,
15150,998,
15151,998,
15153,998,
15155,998,
15156,998,
15161,998,
15163,998,
15164,998,
15166,998,
15168,998,
15169,998,
15171,998,
15172,998,
15174,998,
15176,998,
15177,998,
15179,998,
15180,998,
15182,998,
15183,998,
15185,998,
15187,998,
15189,998,
15191,998,
15192,998,
15194,998,
15195,998,
15197,998,
15198,998,
15200,998,
15202,998,
15203,998,
15205,998,
15206,998,
15208,998,
15210,998,
15211,998,
15351,998,
15473,998,
15475,998,
15476,998,
15478,998,
15479,998,
15481,998,
15482,998,
15484,998,
15486,998,
15491,998,
15493,998,
15495,998,
15497,998,
15498,998,
15500,998,
15502,998,
15503,998,
15505,998,
15507,998,
15509,998,
15510,998,
15512,998,
15514,998,
15515,998,
15517,998,
15519,998,
15521,998,
15522,998,
15524,998,
15527,998,
15528,998,
15530,998,
15532,998,
15533,998,
15535,998,
15537,998,
15539,998,
15540,998,
15542,998,
15544,998,
15545,998,
15547,998,
15549,998,
15550,998,
15552,998,
15554,998,
15556,998,
15557,998,
15559,998,
15561,998,
15562,998,
15564,998,
15570,998,
15572,998,
15573,998,
15575,998,
15577,998,
15578,998,
15581,998,
15583,998,
15584,998,
15586,998,
15588,998,
15590,998,
15591,998,
15593,998,
15595,998,
15596,998,
15598,998,
15600,998,
15601,998,
15603,998,
15605,998,
15607,998,
15608,998,
15610,998,
15612,998,
15613,998,
15615,998,
15617,998,
15619,998,
15620,998,
15622,998,
15624,998,
15625,998,
15627,998,
15629,998,
15631,998,
15632,998,
15635,998,
15637,998,
15638,998,
15640,998,
15642,998,
15643,998,
15648,998,
15650,998,
15652,998,
15653,998,
15655,998,
15657,998,
15659,998,
15660,998,
15662,998,
15664,998,
15665,998,
15667,998,
15669,998,
15670,998,
15672,998,
15674,998,
15676,998,
15677,998,
15679,998,
15681,998,
15682,998,
15684,998,
15686,998,
15688,998,
15690,998,
15692,998,
15693,998,
15695,998,
15697,998,
15698,998,
15700,998,
15702,998,
15703,998,
15705,998,
15707,998,
15709,998,
15710,998,
15712,998,
15714,998,
15715,998,
15717,998,
15719,998,
15724,998,
15726,998,
15728,998,
15730,998,
15731,998,
15733,998,
15735,998,
15736,998,
15738,998,
15740,998,
15742,998,
15744,998,
15746,998,
15747,998,
15749,998,
15751,998,
15752,998,
15754,998,
15756,998,
15757,998,
15759,998,
15761,998,
15763,998,
15764,998,
15766,998,
15768,998,
15769,998,
15771,998,
15773,998,
15774,998,
15776,998,
15778,998,
15779,998,
15781,998,
15783,998,
15785,998,
15786,998,
15788,998,
15790,998,
15791,998,
15793,998,
