Start of File
375,,
377,,
378,,
380,,
382,,
383,,
385,,
386,774,
388,774,
389,774,
391,774,
393,774,
394,774,
396,774,
397,774,
399,774,
400,774,
402,774,
404,774,
405,774,
407,774,
408,774,
410,774,
412,774,
413,774,
416,774,
417,774,
419,774,
421,774,
422,774,
424,774,
425,774,
427,774,
429,774,
430,774,
432,774,
433,774,
435,774,
436,774,
438,774,
440,774,
441,774,
443,774,
444,774,
446,774,
448,774,
449,774,
451,774,
452,774,
454,774,
455,774,
457,774,
462,774,
464,774,
467,774,
468,774,
470,774,
471,774,
473,774,
475,774,
476,774,
478,774,
479,774,
481,774,
482,774,
484,774,
486,774,
487,774,
489,774,
630,774,
659,774,
661,774,
662,774,
664,774,
665,774,
667,774,
669,774,
670,774,
672,774,
674,774,
675,774,
677,774,
678,774,
680,774,
682,774,
683,774,
685,774,
686,774,
688,774,
689,774,
691,774,
693,774,
694,774,
696,774,
697,774,
699,774,
701,774,
702,774,
704,774,
705,774,
707,774,
710,774,
711,774,
713,774,
717,774,
719,774,
720,774,
722,774,
723,774,
725,774,
726,774,
728,774,
729,774,
730,774,
732,774,
733,774,
735,774,
736,774,
738,777,
739,777,
741,777,
742,777,
743,777,
745,777,
746,777,
748,777,
749,777,
751,777,
752,777,
754,777,
756,777,
757,777,
759,777,
760,777,
762,777,
763,777,
764,777,
766,777,
767,777,
769,777,
770,777,
772,777,
773,777,
775,777,
776,777,
777,777,
779,777,
780,777,
782,777,
783,777,
785,777,
786,777,
788,777,
789,777,
790,777,
796,777,
797,777,
799,777,
800,777,
802,777,
804,777,
805,777,
807,777,
808,777,
810,777,
811,777,
813,777,
814,777,
816,777,
817,777,
818,777,
820,777,
821,777,
823,777,
824,777,
826,777,
827,777,
829,777,
830,777,
831,777,
833,777,
834,777,
836,777,
837,777,
839,777,
840,777,
842,777,
843,777,
844,777,
846,777,
847,777,
850,777,
851,777,
853,777,
854,777,
855,777,
857,777,
858,777,
860,777,
861,777,
863,777,
864,777,
866,777,
867,777,
868,777,
870,777,
875,777,
877,777,
879,777,
880,777,
882,777,
883,777,
885,777,
887,777,
888,777,
890,777,
891,777,
893,777,
894,777,
896,777,
898,777,
900,777,
902,777,
903,777,
905,777,
906,777,
908,777,
909,777,
911,777,
913,777,
914,777,
916,777,
917,777,
919,777,
920,777,
922,777,
924,777,
925,777,
927,777,
928,777,
930,777,
931,777,
933,777,
935,777,
936,777,
938,777,
939,777,
941,777,
943,777,
944,777,
946,777,
948,777,
950,777,
951,777,
953,777,
954,777,
956,777,
961,777,
963,777,
965,777,
966,777,
968,777,
970,777,
971,777,
973,777,
974,777,
976,777,
977,777,
979,777,
981,777,
982,777,
984,777,
985,777,
987,777,
988,777,
990,777,
992,777,
993,777,
995,777,
996,777,
999,777,
1000,777,
1002,777,
1003,777,
1005,777,
1007,777,
1008,777,
1010,777,
1011,777,
1013,777,
1014,777,
1016,777,
1018,777,
1019,777,
1021,777,
1022,777,
1024,777,
1026,777,
1027,777,
1029,777,
1030,777,
1032,777,
1033,777,
1035,777,
1037,777,
1038,777,
1043,777,
1045,777,
1047,777,
1049,777,
1051,777,
1052,777,
1054,777,
1055,777,
1057,777,
1058,777,
1060,777,
1062,777,
1063,777,
1065,777,
1066,777,
1068,777,
1069,777,
1071,777,
1072,777,
1074,777,
1076,777,
1077,777,
1079,777,
1080,777,
1082,777,
1083,777,
1085,777,
1086,777,
1088,777,
1090,777,
1091,777,
1093,777,
1094,777,
1096,777,
1098,777,
1100,777,
1101,777,
1103,777,
1105,777,
1106,777,
1108,777,
1109,777,
1111,777,
1112,777,
1114,777,
1115,777,
1121,777,
1123,777,
1124,777,
1126,777,
1127,777,
1129,777,
1130,777,
1132,777,
1134,777,
1135,777,
1137,777,
1138,777,
1140,777,
1141,777,
1143,777,
1144,777,
1146,777,
1148,777,
1150,777,
1151,777,
1153,777,
1155,777,
1156,777,
1158,777,
1159,777,
1161,777,
1162,777,
1164,777,
1166,777,
1167,777,
1169,777,
1170,777,
1172,777,
1173,777,
1175,777,
1176,777,
1178,777,
1180,777,
1181,777,
1183,777,
1184,777,
1186,777,
1187,777,
1189,777,
1191,777,
1192,777,
1194,777,
1200,777,
1202,777,
1204,777,
1205,777,
1207,777,
1208,777,
1210,777,
1211,777,
1213,777,
1215,777,
1216,777,
1218,777,
1219,777,
1221,777,
1223,777,
1224,777,
1226,777,
1227,777,
1229,777,
1230,777,
1232,777,
1234,777,
1235,777,
1237,777,
1238,777,
1240,777,
1242,777,
1243,777,
1245,777,
1246,777,
1249,777,
1250,777,
1252,777,
1253,777,
1255,777,
1257,777,
1258,777,
1260,777,
1261,777,
1263,777,
1264,777,
1266,777,
1268,777,
1269,777,
1271,777,
1272,777,
1274,777,
1278,777,
1280,777,
