Start of File
444,,
446,,
448,,
450,,
451,,
453,,
455,,
457,,
459,,
461,,
463,,
464,,
466,,
468,,
470,,
471,,
473,,
475,,
476,,
478,,
480,,
482,,
483,,
485,,
487,,
488,,
490,,
492,,
494,,
495,,
497,,
499,,
500,,
502,,
504,,
506,,
507,,
509,,
511,,
513,,
515,,
517,,
518,,
520,,
522,,
524,,
525,,
527,,
529,,
530,,
532,,
534,,
536,,
537,,
539,,
541,,
542,,
544,,
546,,
548,,
549,,
551,,
553,,
554,,
556,,
558,,
560,,
561,,
563,,
565,,
567,,
569,,
574,,
576,,
577,,
579,,
581,,
583,,
584,,
586,,
588,,
589,,
591,,
593,,
595,,
596,,
598,,
600,,
601,,
603,,
605,,
607,,
608,,
610,,
612,,
613,,
615,,
617,,
619,,
621,,
623,,
624,,
626,,
628,,
630,,
631,,
633,,
635,,
636,,
638,,
640,,
642,,
643,,
645,,
647,,
648,,
650,,
652,,
654,,
655,,
657,,
659,,
660,,
662,,
664,,
666,,
667,,
669,,
671,,
672,,
675,,
677,,
678,,
680,,
682,,
684,,
685,,
687,,
689,,
690,,
692,,
694,,
696,,
698,,
699,,
843,,
845,,
847,,
848,,
850,,
851,,
853,,
854,,
856,,
858,,
859,,
861,,
863,,
864,,
866,,
867,,
869,,
870,,
872,,
874,,
875,,
877,,
878,,
880,,
882,,
883,,
885,,
886,,
888,,
890,,
892,,
894,,
895,,
897,,
898,,
900,,
901,,
903,,
905,,
906,,
908,,
909,,
911,,
912,,
914,,
916,,
917,,
919,,
920,,
922,,
924,,
925,,
927,,
928,,
930,,
931,,
933,,
935,,
936,,
938,,
940,,
942,,
943,,
945,,
946,,
948,,
950,,
951,,
953,,
954,,
956,,
958,,
959,,
965,,
967,,
968,,
970,,
971,,
973,,
975,,
976,,
978,,
979,,
981,,
982,,
984,,
986,,
987,,
989,,
990,,
993,,
994,,
996,,
997,,
999,,
1001,,
1002,,
1004,,
1005,,
1007,,
1008,,
1010,,
1012,,
1013,,
1015,,
1016,,
1018,,
1019,,
1021,,
1023,,
1024,,
1026,,
1027,,
1029,,
1031,,
1032,,
1034,,
1035,,
1037,,
1038,,
1040,,
1042,,
1044,,
1046,,
1047,,
1049,,
1050,,
1052,,
1053,,
1055,,
1057,,
1058,,
1060,,
1061,,
1063,,
1065,,
1066,,
1068,,
1069,,
1071,,
1076,,
1078,,
1080,,
1082,,
1083,,
1085,,
1087,,
1089,,
1090,,
1092,,
1094,,
1096,,
1098,,
1100,,
1101,,
1103,,
1105,,
1106,,
1108,,
1110,,
1112,,
1113,,
1115,,
1117,,
1118,,
1120,,
1122,,
1124,,
1125,,
1127,,
1129,,
1130,,
1132,,
1134,,
1136,,
1137,,
1139,,
1141,,
1142,,
1144,,
1146,,
1148,,
1150,,
1152,,
1154,,
1155,,
1157,,
1159,,
1160,,
1162,,
1164,,
1166,,
1167,,
1169,,
1171,,
1172,,
1174,,
1176,,
1178,,
1179,,
1181,,
1183,,
1184,,
1186,,
1192,,
1194,,
1195,,
1197,,
1199,,
1201,,
1203,,
1205,,
1206,,
1208,,
1210,,
1212,,
1213,,
1215,,
1217,,
1218,,
1220,,
1222,,
1224,,
1225,,
1227,,
1229,,
1230,,
1232,,
1234,,
1236,,
1237,,
1239,,
1241,,
1242,,
1244,,
1246,,
1247,,
1249,,
1251,,
1253,,
1254,,
1257,,
1259,,
1260,,
1262,,
1264,,
1266,,
1267,,
1269,,
1271,,
1272,,
1274,,
1276,,
1277,,
1279,,
1281,,
1283,,
1284,,
1286,,
1288,,
1289,,
1291,,
1293,,
1295,,
1296,,
1298,,
1300,,
1301,,
1307,,
1309,,
1312,,
1313,,
1315,,
1317,,
1318,,
1320,,
1322,,
1323,,
1325,,
1327,,
1328,,
1330,,
1332,,
1334,,
1335,,
1337,,
1339,,
1340,,
1342,,
1344,,
1345,,
1347,,
1349,,
1351,,
1352,,
1354,,
1356,,
1357,,
1359,,
1361,,
1362,,
1365,,
1367,,
1368,,
1370,,
1372,,
1373,,
1375,,
1377,,
1379,,
1380,,
1382,,
1384,,
1385,,
1387,,
1389,,
1390,,
1392,,
1394,,
1395,,
1397,,
1399,,
1401,,
1402,,
1404,,
1406,,
1407,,
1409,,
1411,,
1412,,
1414,,
1416,,
1422,,
1424,,
1426,,
1428,,
1429,,
1431,,
1433,,
1435,,
1436,,
1438,,
1440,,
1441,,
1443,,
1445,,
1446,,
1448,,
1450,,
1452,,
1453,,
1455,,
1457,,
1458,,
1460,,
1462,,
1463,,
1465,,
1467,,
1469,,
1470,,
1473,,
1474,,
1476,,
1478,,
1480,,
1481,,
1483,,
1485,,
1486,,
1488,,
1490,,
1491,,
1493,,
1495,,
1497,,
1498,,
1500,,
1502,,
1503,,
1505,,
1507,,
1508,,
1510,,
1512,,
1513,,
1515,,
1517,,
1519,,
1520,,
1522,,
1524,,
1526,,
1528,,
1530,,
1531,,
1537,,
1539,,
1541,,
1542,,
1544,,
1546,,
1547,,
1549,,
1551,,
1553,,
1554,,
1556,,
1558,,
1559,,
1561,,
1563,,
1565,,
1566,,
1568,,
1570,,
1571,,
1573,,
1575,,
1577,,
1578,,
1581,,
1583,,
1584,,
1586,,
1588,,
1589,,
1591,,
1593,,
1595,,
1596,,
1598,,
1600,,
1601,,
1603,,
1605,,
1607,,
1608,,
1610,,
1612,,
1613,,
1615,,
1617,,
1619,,
1620,,
1622,,
1624,,
1625,,
1627,,
1629,,
1631,,
1632,,
1635,,
1637,,
1638,,
1640,,
1642,,
1643,,
1645,,
1647,,
1652,,
1654,,
1656,,
1658,,
1660,,
1661,,
1663,,
1665,,
1666,,
1668,,
1670,,
1672,,
1673,,
1675,,
1677,,
1678,,
1680,,
1682,,
1684,,
1685,,
1687,,
1690,,
1691,,
1693,,
1695,,
1696,,
1698,,
1700,,
1702,,
1703,,
1705,,
1707,,
1708,,
1710,,
1712,,
1714,,
1853,,
1926,,
1928,,
1930,,
1931,,
1933,,
1935,,
1937,,
1938,,
1940,,
1942,,
1944,,
1945,,
1947,,
1949,,
1950,,
1952,,
1954,,
1955,,
1957,,
1959,,
1961,,
1962,,
1964,,
1966,,
1967,,
1969,,
1971,,
1976,,
1978,,
1981,,
1982,,
1984,,
1985,,
1987,,
1988,,
1990,,
1992,,
1993,,
1995,,
1996,,
1998,,
2000,,
2001,,
2003,,
2004,,
2006,,
2007,,
2009,,
2011,,
2012,,
2014,,
2015,,
2017,,
2018,,
2020,,
2022,,
2023,,
2025,,
2026,,
2028,,
2030,,
2032,,
2034,,
2035,,
2037,,
2038,,
2040,,
2041,,
2043,,
2045,,
2046,,
2048,,
2049,,
2051,,
2052,,
2054,,
2056,,
2057,,
2059,,
2060,,
2062,,
2063,,
2065,,
2067,,
2068,,
2070,,
2071,,
2073,,
2075,,
2076,,
2078,,
2084,,
2086,,
2088,,
2089,,
2091,,
2092,,
2094,,
2096,,
2097,,
2099,,
2100,,
2102,,
2103,,
2105,,
2107,,
2108,,
2110,,
2111,,
2113,,
2115,,
2116,,
2118,,
2119,,
2121,,
2122,,
2124,,
2126,,
2127,,
2129,,
2131,,
2133,,
2134,,
2136,,
2137,,
2139,,
2141,,
2142,,
2144,,
2145,,
2147,,
2149,,
2150,,
2152,,
2153,,
2155,,
2156,,
2158,,
2160,,
2161,,
2163,,
2164,,
2166,,
2167,,
2169,,
2171,,
2172,,
2174,,
2175,,
2177,,
2178,,
2181,,
2183,,
2184,,
2186,,
2191,,
2193,,
2195,,
2197,,
2198,,
2200,,
2202,,
2203,,
2205,,
2207,,
2209,,
2210,,
2212,,
2214,,
2215,,
2217,,
2219,,
2221,,
2222,,
2224,,
2226,,
2227,,
2229,,
2231,,
2233,,
2235,,
2237,,
2238,,
2240,,
2242,,
2244,,
2245,,
2247,,
2249,,
2250,,
2252,,
2254,,
2256,,
2257,,
2259,,
2261,,
2262,,
2264,,
2266,,
2268,,
2269,,
2271,,
2273,,
2274,,
2276,,
2278,,
2280,,
2281,,
2283,,
2285,,
2286,,
2289,,
2291,,
2292,,
2294,,
2296,,
2298,,
2299,,
2301,,
2307,,
2309,,
2310,,
2312,,
2314,,
2315,,
2317,,
2319,,
2321,,
2322,,
2324,,
2326,,
2327,,
2329,,
2331,,
2333,,
2334,,
2336,,
2338,,
2339,,
2341,,
2344,,
2345,,
2347,,
2349,,
2350,,
2352,,
2354,,
2356,,
2357,,
2359,,
2361,,
2362,,
2364,,
2366,,
2368,,
2369,,
2371,,
2373,,
2374,,
2376,,
2378,,
2380,,
2381,,
2383,,
2385,,
2386,,
2388,,
2390,,
2391,,
2393,,
2395,,
2397,,
2399,,
2401,,
2403,,
2404,,
2406,,
2408,,
2409,,
2411,,
2413,,
2415,,
2416,,
2422,,
2424,,
2426,,
2427,,
2429,,
2431,,
2432,,
2434,,
2436,,
2437,,
2439,,
2441,,
2443,,
2444,,
2446,,
2448,,
2449,,
2452,,
2454,,
2455,,
2457,,
2459,,
2460,,
2462,,
2464,,
2465,,
2467,,
2469,,
2470,,
2472,,
2474,,
2476,,
2477,,
2479,,
2481,,
2482,,
2484,,
2486,,
2487,,
2489,,
2491,,
2493,,
2494,,
2496,,
2498,,
2499,,
2501,,
2503,,
2505,,
2507,,
2509,,
2510,,
2512,,
2514,,
2515,,
2517,,
2519,,
2521,,
2522,,
2524,,
2526,,
2527,,
2529,,
2531,,
2536,,
2538,,
2540,,
2542,,
2543,,
2545,,
2547,,
2548,,
2550,,
2552,,
2553,,
2555,,
2557,,
2559,,
2561,,
2563,,
2564,,
2566,,
2568,,
2570,,
2571,,
2573,,
2575,,
2576,,
2578,,
2580,,
2581,,
2583,,
2585,,
2586,,
2588,,
2590,,
2592,,
2593,,
2595,,
2597,,
2598,,
2600,,
2602,,
2603,,
2605,,
2607,,
2609,,
2610,,
2613,,
2614,,
2616,,
2618,,
2620,,
2621,,
2623,,
2625,,
2626,,
2628,,
2630,,
2631,,
2633,,
2635,,
2637,,
2638,,
2640,,
2642,,
2643,,
2645,,
2651,,
2653,,
2654,,
2656,,
2658,,
2659,,
2661,,
2663,,
2665,,
2667,,
2669,,
2671,,
2672,,
2674,,
2676,,
2677,,
2679,,
2681,,
2683,,
2684,,
2686,,
2688,,
2689,,
2691,,
2693,,
2695,,
2696,,
2698,,
2700,,
2701,,
2703,,
2705,,
2707,,
2708,,
2710,,
2712,,
2713,,
2715,,
2717,,
2719,,
2721,,
2723,,
2725,,
2726,,
2728,,
2730,,
2731,,
2733,,
2735,,
2736,,
2738,,
2740,,
2742,,
2743,,
2745,,
2747,,
2748,,
2750,,
2752,,
2754,,
2755,,
2757,,
2759,,
2760,,
2766,,
2768,,
2770,,
2771,,
2773,,
2776,,
2777,,
2779,,
2781,,
2783,,
2784,,
2786,,
2788,,
2789,,
2791,,
2793,,
2795,,
2796,,
2798,,
2800,,
2905,,
2907,,
2909,,
2910,,
2912,,
2914,,
2915,,
2917,,
2919,,
2921,,
2923,,
2924,,
2926,,
2928,,
2930,,
2931,,
2933,,
2935,,
2936,,
2938,,
2940,,
2942,,
2943,,
2945,,
2947,,
2948,,
2950,,
2952,,
2954,,
2955,,
2957,,
2960,,
2961,,
2963,,
2965,,
2966,,
2968,,
2970,,
2972,,
2973,,
2975,,
2977,,
2978,,
2980,,
2986,,
2987,,
2989,,
2991,,
2992,,
2994,,
2995,,
2997,,
2999,,
3000,,
3002,,
3003,,
3005,,
3006,,
3008,,
3010,,
3012,,
3013,,
3015,,
3017,,
3018,,
3020,,
3021,,
3023,,
3025,,
3026,,
3028,,
3029,,
3031,,
3033,,
3034,,
3036,,
3038,,
3040,,
3042,,
3042,,
3044,,
3046,,
3047,,
3049,,
3051,,
3052,,
3054,,

3056,,
