Start of File
548,,
550,,
551,,
553,,
555,,
556,,
558,,
559,,
561,,
562,,
564,,
566,,
567,,
569,,
570,,
572,,
574,,
575,,
577,,
578,,
580,,
581,,
583,,
585,,
586,,
588,,
589,,
591,,
593,,
594,,
596,,
598,,
600,,
601,,
603,,
604,,
606,,
608,,
609,,
611,,
612,,
614,,
615,,
617,,
619,,
620,,
622,,
623,,
625,,
627,,
628,,
630,,
631,,
633,,
634,,
636,,
638,,
639,,
641,,
642,,
644,,
645,,
648,,
650,,
651,,
653,,
654,,
656,,
657,,
659,,
661,,
662,,
667,,
669,,
670,,
672,,
673,,
675,,
676,,
678,,
680,,
681,,
683,,
684,,
686,,
688,,
689,,
691,,
692,,
694,,
695,,
697,,
699,,
701,,
703,,
704,,
706,,
707,,
709,,
710,,
712,,
714,,
715,,
717,,
718,,
720,,
721,,
723,,
725,,
726,,
728,,
729,,
731,,
733,,
734,,
736,,
737,998,
739,998,
740,998,
742,998,
744,998,
745,998,
747,998,
749,998,
751,998,
752,998,
754,998,
755,998,
757,998,
759,998,
760,998,
762,998,
763,998,
765,998,
767,998,
768,998,
774,998,
775,998,
777,998,
778,998,
780,998,
781,998,
783,998,
784,998,
785,998,
787,998,
788,998,
790,998,
791,998,
793,998,
794,998,
796,998,
798,998,
799,998,
801,998,
802,998,
804,998,
805,998,
806,998,
808,998,
809,998,
811,998,
812,998,
814,998,
815,998,
817,998,
818,998,
819,998,
821,998,
822,998,
824,998,
825,998,
827,998,
828,998,
830,998,
831,998,
832,998,
834,998,
835,998,
837,998,
838,998,
840,998,
841,998,
843,998,
845,998,
846,998,
848,998,
855,998,
857,998,
858,998,
860,998,
861,998,
863,998,
864,998,
866,998,
867,998,
869,998,
870,998,
871,998,
873,998,
874,998,
876,998,
877,998,
879,998,
880,998,
882,998,
883,998,
884,998,
886,998,
887,998,
889,998,
891,998,
893,998,
894,998,
895,998,
897,998,
898,998,
900,998,
901,998,
903,998,
904,998,
906,998,
907,998,
908,998,
910,998,
911,998,
913,998,
914,998,
916,998,
917,998,
919,998,
920,998,
921,998,
923,998,
924,998,
926,998,
927,998,
929,998,
930,998,
935,998,
938,998,
940,998,
941,998,
943,998,
944,998,
946,998,
947,998,
949,998,
951,998,
952,998,
954,998,
955,998,
957,998,
959,998,
960,998,
962,998,
963,998,
965,998,
966,998,
968,998,
970,998,
971,998,
973,998,
974,998,
976,998,
977,998,
979,998,
981,998,
982,998,
984,998,
985,998,
988,998,
989,998,
991,998,
993,998,
994,998,
996,998,
997,998,
999,998,
1000,998,
1002,998,
1004,998,
1005,998,
1007,998,
1008,998,
1010,998,
1011,998,
1013,998,
1015,998,
1020,998,
1022,998,
1024,998,
1025,998,
1027,998,
1028,998,
1030,998,
1031,998,
1033,998,
1035,998,
1036,998,
1038,998,
1040,998,
1042,998,
1043,998,
1045,998,
1046,998,
1048,998,
1050,998,
1051,998,
1053,998,
1054,998,
1056,998,
1057,998,
1059,998,
1061,998,
1062,998,
1064,998,
1065,998,
1067,998,
1068,998,
1070,998,
1072,998,
1073,998,
1075,998,
1076,998,
1078,998,
1080,998,
1081,998,
1083,998,
1084,998,
1086,998,
1088,998,
1090,998,
1091,998,
1093,998,
1099,998,
1100,998,
1102,998,
1103,998,
1105,998,
1107,998,
1108,998,
1110,998,
1111,998,
1113,998,
1114,998,
1116,998,
1118,998,
1119,998,
1121,998,
1122,998,
1124,998,
1125,998,
1127,998,
1128,998,
1130,998,
1132,998,
1133,998,
1135,998,
1136,998,
1139,998,
1140,998,
1142,998,
1143,998,
1145,998,
1146,998,
1148,998,
1150,998,
1151,998,
1153,998,
1154,998,
1156,998,
1157,998,
1159,998,
1160,998,
1162,998,
1164,998,
1165,998,
1167,998,
1168,998,
1170,998,
1171,998,
1177,998,
1179,998,
1180,998,
1182,998,
1183,998,
1185,998,
1186,998,
1189,998,
1190,998,
1192,998,
1193,998,
1195,998,
1196,998,
1198,998,
1200,998,
1201,998,
1203,998,
1204,998,
1206,998,
1212,998,
1490,998,
1641,998,
1643,998,
1645,998,
1646,998,
1648,998,
1649,998,
1651,998,
1652,998,
1654,998,
1656,998,
1657,998,
1659,998,
1660,998,
1662,998,
1663,998,
1665,998,
1667,998,
1668,998,
1670,998,
1671,998,
1673,998,
1674,998,
1676,998,
1677,998,
1679,998,
1681,998,
1685,998,
1687,998,
1689,998,
1690,998,
1693,998,
1695,998,
1696,998,
1698,998,
1699,998,
1701,998,
1702,998,
1704,998,
1706,998,
1707,998,
1709,998,
1710,998,
1712,998,
1713,998,
1715,998,
1717,998,
1718,998,
1720,998,
1721,998,
1723,998,
1724,998,
1726,998,
1728,998,
1729,998,
1731,998,
1732,998,
1734,998,
1736,998,
1737,998,
1739,998,
1740,998,
1743,998,
1744,998,
1746,998,
1747,998,
1749,998,
1751,998,
1752,998,
1754,998,
1755,998,
1757,998,
1759,998,
1764,998,
1766,998,
1767,998,
1769,998,
1771,998,
1772,998,
1774,998,
1775,998,
1777,998,
1779,998,
1780,998,
1782,998,
1783,998,
1785,998,
1786,998,
1788,998,
1790,998,
1791,998,
1794,998,
1795,998,
1797,998,
1798,998,
1800,998,
1801,998,
1803,998,
1805,998,
1806,998,
1808,998,
1809,998,
1811,998,
1812,998,
1814,998,
1816,998,
1817,998,
1819,998,
1820,998,
1822,998,
1824,998,
1825,998,
1827,998,
1828,998,
1830,998,
1831,998,
1833,998,
1835,998,
1836,998,
1838,998,
1844,998,
1845,998,
1847,998,
1848,998,
1850,998,
1851,998,
1853,998,
1854,998,
1856,998,
1857,998,
1858,998,
1860,998,
1861,998,
1863,998,
1864,998,
1866,998,
1867,998,
1869,998,
1870,998,
1871,998,
1873,998,
1874,998,
1876,998,
1877,998,
1879,998,
1880,998,
1881,998,
1883,998,
1884,998,
1886,998,
1887,998,
1889,998,
1891,998,
1892,998,
1894,998,
1895,998,
1897,998,
1898,998,
1900,998,
1901,998,
1902,998,
1904,998,
1905,998,
1907,998,
1908,998,
1910,998,
1915,998,
1917,998,
1918,998,
1920,998,
1921,998,
1922,998,
1924,998,
1925,998,
1927,998,
1928,998,
1930,998,
1931,998,
1933,998,
1934,998,
1936,998,
1938,998,
1939,998,
1941,998,
1942,998,
1944,998,
1945,998,
1946,998,
1948,998,
1949,998,
1951,998,
1952,998,
1954,998,
1955,998,
1957,998,
1958,998,
1959,998,
1961,998,
1962,998,
1964,998,
1965,998,
1967,998,
1968,998,
1969,998,
1971,998,
1972,998,
1974,998,
1975,998,
1977,998,
1978,998,
1980,998,
1982,998,
1983,998,
1985,998,
1989,998,
1991,998,
1992,998,
1994,998,
1995,998,
1997,998,
1999,998,
2000,998,
2002,998,
2003,998,
2005,998,
2006,998,
2008,998,
2010,998,
2011,998,
2013,998,
2014,998,
2016,998,
2017,998,
2019,998,
2021,998,
2022,998,
2024,998,
2025,998,
2027,998,
2029,998,
2030,998,
2032,998,
2034,998,
2036,998,
2037,998,
2039,998,
2040,998,
2042,998,
2043,998,
2045,998,
2047,998,
2048,998,
2050,998,
2051,998,
2053,998,
2055,998,
2056,998,
2058,998,
2059,998,
2065,998,
2066,998,
2068,998,
2070,998,
2071,998,
2073,998,
2074,998,
2076,998,
2078,998,
2079,998,
