Start of File
429,,
431,,
432,,
434,,
436,,
438,,
439,,
441,,
443,,
444,,
446,,
448,,
449,,
451,,
453,,
455,,
456,,
458,,
460,,
461,,
463,,
465,,
466,,
468,,
470,,
472,,
473,,
475,,
477,,
479,,
481,,
482,,
484,,
486,,
488,,
489,,
491,,
493,,
494,,
496,,
498,,
499,,
501,,
503,,
504,,
506,,
508,,
510,,
511,,
513,,
515,,
516,,
518,,
520,,
521,,
523,,
525,,
527,,
528,,
530,,
533,,
534,,
536,,
538,,
539,,
541,,
543,,
544,,
546,,
548,,
549,,
551,,
556,,
558,,
560,,
561,,
563,,
565,,
566,,
568,,
570,,
571,,
573,,
575,,
577,,
578,,
580,,
582,,
583,,
586,,
588,,
589,,
591,,
593,,
594,,
596,,
598,,
599,,
601,,
603,,
604,,
606,,
608,,
610,,
611,,
613,,
615,,
616,,
618,,
620,,
621,,
623,,
625,,
627,,
628,,
630,,
632,,
633,,
635,,
637,,
639,,
641,,
643,,
644,,
646,,
648,,
649,,
651,,
653,,
655,,
656,,
658,,
660,,
661,,
663,,
665,,
666,,
668,,
670,,
672,,
673,,
675,,
677,,
678,,
680,,
686,,
688,,
689,,
691,,
694,,
695,,
697,,
699,,
700,,
702,,
704,,
706,,
707,,
709,,
711,,
712,,
714,,
716,,
718,,
719,,
721,,
723,,
724,,
726,,
728,,
730,,
731,,
733,,
735,,
736,,
738,997,
740,997,
742,997,
743,997,
745,997,
748,997,
749,997,
751,997,
753,997,
754,997,
756,997,
758,997,
760,997,
761,997,
763,997,
765,997,
766,997,
768,997,
770,997,
772,997,
773,997,
775,997,
777,997,
778,997,
780,997,
782,997,
784,997,
785,997,
787,997,
789,997,
794,997,
796,997,
798,997,
800,997,
802,997,
804,997,
806,997,
807,997,
809,997,
811,997,
813,997,
814,997,
816,997,
818,997,
819,997,
821,997,
823,997,
825,997,
969,997,
1001,997,
1003,997,
1005,997,
1006,997,
1008,997,
1010,997,
1011,997,
1013,997,
1015,997,
1017,997,
1018,997,
1020,997,
1022,997,
1024,997,
1025,997,
1027,997,
1029,997,
1030,997,
1032,997,
1034,997,
1036,997,
1037,997,
1039,997,
1041,997,
1043,997,
1044,997,
1046,997,
1048,997,
1049,997,
1056,997,
1058,997,
1060,997,
1061,997,
1063,997,
1064,997,
1066,997,
1068,997,
1069,997,
1071,997,
1072,997,
1074,997,
1075,997,
1077,997,
1079,997,
1080,997,
1082,997,
1083,997,
1085,997,
1086,997,
1088,997,
1090,997,
1091,997,
1093,997,
1094,997,
1096,997,
1098,997,
1099,997,
1101,997,
1102,997,
1104,997,
1106,997,
1108,997,
1109,997,
1111,997,
1113,997,
1114,997,
1116,997,
1117,997,
1119,997,
1120,997,
1122,997,
1124,997,
1125,997,
1127,997,
1128,997,
1130,997,
1135,997,
1137,997,
1139,997,
1140,997,
1142,997,
1143,997,
1145,997,
1147,997,
1148,997,
1150,997,
1151,997,
1153,997,
1155,997,
1157,997,
1158,997,
1160,997,
1162,997,
1163,997,
1165,997,
1166,997,
1168,997,
1170,997,
1171,997,
1173,997,
1174,997,
1176,997,
1177,997,
1179,997,
1181,997,
1182,997,
1184,997,
1185,997,
1187,997,
1188,997,
1190,997,
1192,997,
1193,997,
1195,997,
1196,997,
1198,997,
1200,997,
1201,997,
1203,997,
1204,997,
1207,997,
1208,997,
1210,997,
1215,997,
1217,997,
1218,997,
1220,997,
1222,997,
1223,997,
1225,997,
1227,997,
1229,997,
1230,997,
1232,997,
1234,997,
1235,997,
1237,997,
1239,997,
1241,997,
1242,997,
1244,997,
1246,997,
1247,997,
1249,997,
1251,997,
1253,997,
1254,997,
1256,997,
1258,997,
1259,997,
1262,997,
1264,997,
1265,997,
1267,997,
1269,997,
1270,997,
1272,997,
1274,997,
1276,997,
1277,997,
1279,997,
1281,997,
1282,997,
1284,997,
1286,997,
1288,997,
1289,997,
1291,997,
1293,997,
1298,997,
1300,997,
1302,997,
1304,997,
1305,997,
1307,997,
1309,997,
1310,997,
1312,997,
1314,997,
1316,997,
1318,997,
1320,997,
1321,997,
1323,997,
1325,997,
1327,997,
1328,997,
1330,997,
1332,997,
1333,997,
1335,997,
1337,997,
1339,997,
1340,997,
1342,997,
1344,997,
1345,997,
1347,997,
1349,997,
1351,997,
1352,997,
1354,997,
1356,997,
1357,997,
1359,997,
1361,997,
1363,997,
1364,997,
1366,997,
1368,997,
1370,997,
1372,997,
1374,997,
1375,997,
1377,997,
1379,997,
1384,997,
1386,997,
1388,997,
1390,997,
1391,997,
1393,997,
1395,997,
1397,997,
1398,997,
1400,997,
1402,997,
1403,997,
1405,997,
1407,997,
1408,997,
1410,997,
1412,997,
1414,997,
1415,997,
1417,997,
1419,997,
1420,997,
1422,997,
1425,997,
1426,997,
1428,997,
1430,997,
1431,997,
1433,997,
1435,997,
1436,997,
1438,997,
1440,997,
1441,997,
1443,997,
1445,997,
1447,997,
1448,997,
1450,997,
1452,997,
1453,997,
1455,997,
1457,997,
1458,997,
1460,997,
1462,997,
1467,997,
1469,997,
1471,997,
1473,997,
1474,997,
1476,997,
1479,997,
1480,997,
1482,997,
1484,997,
1485,997,
1487,997,
1489,997,
1490,997,
1492,997,
1494,997,
1496,997,
1497,997,
1499,997,
1501,997,
1502,997,
1504,997,
1506,997,
1507,997,
1509,997,
1511,997,
1513,997,
1514,997,
1516,997,
1518,997,
