Start of File
547,,
549,,
551,,
552,,
554,,
556,,
557,,
559,,
561,,
563,,
564,,
566,,
568,,
569,,
571,,
573,,
575,,
576,,
578,,
580,,
581,,
583,,
585,,
587,,
588,,
590,,
592,,
593,,
595,,
597,,
599,,
601,,
603,,
605,,
606,,
608,,
610,,
611,,
613,,
615,,
617,,
618,,
620,,
622,,
623,,
625,,
627,,
629,,
630,,
632,,
634,,
635,,
637,,
639,,
641,,
642,,
644,,
646,,
647,,
649,,
651,,
653,,
655,,
657,,
659,,
660,,
662,,
664,,
665,,
667,,
669,,
671,,
675,,
677,,
679,,
681,,
682,,
684,,
686,,
688,,
689,,
691,,
693,,
694,,
696,,
698,,
700,,
701,,
703,,
705,,
706,,
709,,
711,,
712,,
714,,
716,,
718,,
719,,
721,,
723,,
724,,
726,,
728,,
730,,
731,,
733,,
735,,
736,63,
738,63,
740,63,
742,63,
743,63,
745,63,
747,63,
748,63,
750,63,
752,63,
754,63,
755,63,
757,63,
759,63,
760,63,
763,63,
765,63,
767,63,
768,63,
770,63,
772,63,
773,63,
775,63,
777,63,
779,63,
780,63,
782,63,
784,63,
785,63,
791,63,
793,63,
795,63,
796,63,
798,63,
799,63,
801,63,
802,63,
804,63,
806,63,
807,63,
809,63,
810,63,
812,63,
813,63,
816,63,
817,63,
819,63,
821,63,
822,63,
824,63,
825,63,
827,63,
828,63,
830,63,
832,63,
833,63,
835,63,
836,63,
838,63,
839,63,
841,63,
843,63,
844,63,
846,63,
847,63,
849,63,
851,63,
852,63,
854,63,
855,63,
857,63,
858,63,
860,63,
862,63,
863,63,
866,63,
867,63,
869,63,
870,63,
872,63,
873,63,
875,63,
877,63,
878,63,
880,63,
881,63,
887,63,
889,63,
890,63,
892,63,
894,63,
895,63,
897,63,
898,63,
900,63,
902,63,
903,63,
905,63,
906,63,
908,63,
909,63,
911,63,
913,63,
914,63,
916,63,
918,63,
920,63,
921,63,
923,63,
925,63,
926,63,
928,63,
929,63,
931,63,
932,63,
934,63,
936,63,
937,63,
939,63,
940,63,
942,63,
943,63,
945,63,
947,63,
948,63,
950,63,
951,63,
953,63,
954,63,
956,63,
958,63,
959,63,
961,63,
962,63,
964,63,
966,63,
968,63,
970,63,
971,63,
973,63,
974,63,
976,63,
977,63,
983,63,
985,63,
987,63,
988,63,
990,63,
992,63,
993,63,
995,63,
997,63,
999,63,
1000,63,
1002,63,
1004,63,
1005,63,
1007,63,
1009,63,
1011,63,
1012,63,
1014,63,
1016,63,
1017,63,
1019,63,
1022,63,
1023,63,
1025,63,
1027,63,
1029,63,
1030,63,
1032,63,
1034,63,
1035,63,
1037,63,
1039,63,
1041,63,
1042,63,
1044,63,
1046,63,
1047,63,
1049,63,
1051,63,
1053,63,
1054,63,
1056,63,
1058,63,
1059,63,
1061,63,
1063,63,
1065,63,
1066,63,
1068,63,
1070,63,
1071,63,
1078,63,
1080,63,
1082,63,
1084,63,
1085,63,
1087,988,
1089,988,
1091,988,
1092,988,
1094,988,
1100,988,
1190,988,
1191,988,
1193,988,
1195,988,
1196,988,
1198,988,
1200,988,
1202,988,
1203,988,
1205,988,
1207,988,
1208,988,
1210,988,
1212,988,
1214,988,
1215,988,
1217,988,
1219,988,
1221,988,
1222,988,
1224,988,
1226,988,
1227,988,
1229,988,
1231,988,
1233,988,
1234,988,
1236,988,
1238,988,
1239,988,
1241,988,
1244,988,
1245,988,
1247,988,
1249,988,
1251,988,
1257,988,
1258,988,
1260,988,
1262,988,
1264,988,
1265,988,
1267,988,
1269,988,
1270,988,
1272,988,
1274,988,
1275,988,
1277,988,
1279,988,
1281,988,
1282,988,
1284,988,
1286,988,
1287,988,
1289,988,
1291,988,
1292,988,
1294,988,
1296,988,
1298,988,
1300,988,
1302,988,
1303,988,
1305,988,
1307,988,
1308,988,
1310,988,
1312,988,
1314,988,
1315,988,
1317,988,
1319,988,
1320,988,
1322,988,
1324,988,
1325,988,
1327,988,
1329,988,
1331,988,
1332,988,
1334,988,
1336,988,
1341,988,
1343,988,
1345,988,
1346,988,
1348,988,
1350,988,
1352,988,
1354,988,
1356,988,
1357,988,
1359,988,
1361,988,
1363,988,
1364,988,
1366,988,
1368,988,
1369,988,
1371,988,
1373,988,
1374,988,
1376,988,
1378,988,
1379,988,
1381,988,
1383,988,
1385,988,
1386,988,
1388,988,
1390,988,
1391,988,
1393,988,
1395,988,
1396,988,
1398,988,
1400,988,
1402,988,
1403,988,
1406,988,
1408,988,
1409,988,
1411,988,
1413,988,
1414,988,
1416,988,
1418,988,
1419,988,
1421,988,
1426,988,
1428,988,
1430,988,
1431,988,
1433,988,
1435,988,
1436,988,
1438,21,
1440,21,
1442,21,
1443,21,
1445,21,
1447,21,
1448,21,
1450,21,
1452,21,
1454,21,
1455,21,
1457,21,
1460,21,
1461,21,
1463,21,
1465,21,
1466,21,
1468,21,
1470,21,
1472,21,
1473,21,
1475,21,
1477,21,
1478,21,
1480,21,
1482,21,
1484,21,
1485,21,
1487,21,
1489,21,
1490,21,
1492,21,
1494,21,
1496,21,
1497,21,
1499,21,
1501,21,
1502,21,
1504,21,
1506,21,
1508,21,
1509,21,
1511,21,
1518,21,
1520,21,
1521,21,
1523,21,
1525,21,
1527,21,
1528,21,
1530,21,
1532,21,
1534,21,
1535,21,
1537,21,
1539,21,
1540,21,
1542,21,
1544,21,
1546,21,
1547,21,
1549,21,
1551,21,
1552,21,
1554,21,
1556,21,
1558,21,
1559,21,
1561,21,
1563,21,
1564,21,
1566,21,
1569,21,
1570,21,
1572,21,
1574,21,
1575,21,
1577,21,
1579,21,
1581,21,
1582,21,
1584,21,
1586,21,
1588,21,
1589,21,
1591,21,
1593,21,
1594,21,
1596,21,
1598,21,
1600,21,
1601,21,
1603,21,
1605,21,
1610,21,
1612,21,
1613,21,
1615,21,
1617,21,
1618,21,
1620,21,
1622,21,
1624,21,
1625,21,
1627,21,
1628,21,
1630,21,
1632,21,
1633,21,
1635,21,
1636,21,
1638,21,
1639,21,
1641,21,
1643,21,
1644,21,
1646,21,
1647,21,
1649,21,
1651,21,
1652,21,
1654,21,
1655,21,
1657,21,
1658,21,
1660,21,
1662,21,
1663,21,
1665,21,
1666,21,
1668,21,
1669,21,
1672,21,
1673,21,
1675,21,
1677,21,
1678,21,
1680,21,
1681,21,
1683,21,
1685,21,
1686,21,
1688,21,
1689,21,
1691,21,
1697,21,
1698,21,
1700,21,
1702,21,
1703,21,
1705,21,
1706,21,
1708,21,
1709,21,
1711,21,
1713,21,
1714,21,
1716,21,
1717,21,
1719,21,
1721,21,
1722,21,
1725,21,
1726,21,
1728,21,
1729,21,
1731,21,
1732,21,
1734,21,
1736,21,
1737,21,
1739,21,
1740,21,
1742,21,
1744,21,
1745,21,
1747,21,
1748,21,
1750,21,
1751,21,
1753,21,
1755,21,
1756,21,
1758,21,
1759,21,
1761,21,
1762,21,
1764,21,
1766,21,
1767,21,
1769,21,
1770,21,
1772,21,
1774,21,
1776,21,
1778,21,
1779,21,
1784,21,
1786,21,
1788,21,
1789,21,
1791,1010,
1793,1010,
1794,1010,
1796,1010,
1798,1010,
1800,1010,
1801,1010,
1803,1010,
1805,1010,
1807,1010,
1808,1010,
1810,1010,
1812,1010,
1813,1010,
1815,1010,
1817,1010,
1819,1010,
1820,1010,
1822,1010,
1824,1010,
1825,1010,
1828,1010,
1830,1010,
1831,1010,
1833,1010,
1835,1010,
1836,1010,
1838,1010,
1840,1010,
1842,1010,
1843,1010,
1845,1010,
1847,1010,
1848,1010,
1850,1010,
1852,1010,
1854,1010,
1855,1010,
1857,1010,
1863,1010,
1864,1010,
1866,1010,
1868,1010,
1870,1010,
1871,1010,
1873,1010,
1875,1010,
1877,1010,
1878,1010,
1880,1010,
1882,1010,
1884,1010,
1886,1010,
1888,1010,
1889,1010,
1891,1010,
1893,1010,
1894,1010,
1896,1010,
1898,1010,
1900,1010,
1901,1010,
1903,1010,
1905,1010,
1906,1010,
1908,1010,
1910,1010,
1912,1010,
1913,1010,
1915,1010,
1917,1010,
1918,1010,
1920,1010,
1922,1010,
1924,1010,
1925,1010,
1927,1010,
1929,1010,
1930,1010,
1932,1010,
1934,1010,
1937,1010,
1942,1010,
1944,1010,
1946,1010,
1948,1010,
1949,1010,
1951,1010,
1953,1010,
1954,1010,
1956,1010,
1958,1010,
1959,1010,
1961,1010,
1963,1010,
1965,1010,
1966,1010,
1968,1010,
1970,1010,
1971,1010,
1973,1010,
1975,1010,
1976,1010,
1978,1010,
1980,1010,
1982,1010,
1983,1010,
1985,1010,
1987,1010,
1988,1010,
1991,1010,
1993,1010,
1994,1010,
1996,1010,
1998,1010,
1999,1010,
2001,1010,
2003,1010,
2004,1010,
2006,1010,
2008,1010,
2010,1010,
2011,1010,
2013,1010,
2018,1010,
2020,1010,
2022,1010,
2024,1010,
2025,1010,
2027,1010,
2029,1010,
2031,1010,
2032,1010,
2034,1010,
2036,1010,
2037,1010,
2039,1010,
2041,1010,
2042,1010,
2045,1010,
2047,1010,
2048,1010,
2050,1010,
2052,1010,
2053,1010,
2055,1010,
2057,1010,
2059,1010,
2060,1010,
2062,1010,
2064,1010,
2066,1010,
2067,1010,
2069,1010,
2076,1010,
2261,224,
2263,224,
2265,224,
2266,224,
2268,224,
2270,224,
2271,224,
2273,224,
2275,224,
2277,224,
2278,224,
2280,224,
2282,224,
2288,224,
2289,224,
2291,224,
2293,224,
2295,224,
2296,224,
2298,224,
2300,224,
2301,224,
2303,224,
2305,224,
2307,224,
2308,224,
2310,224,
2312,224,
2313,224,
2316,224,
2318,224,
2319,224,
2321,224,
2323,224,
2325,224,
2326,224,
2328,224,
2330,224,
2331,224,
2333,224,
2335,224,
2337,224,
2338,224,
2340,224,
2342,224,
2343,224,
2345,224,
2347,224,
2349,224,
2350,224,
2352,224,
2354,224,
2355,224,
2357,224,
2359,224,
2361,224,
2362,224,
2364,224,
2366,224,
2367,224,
2374,224,
2376,224,
2378,224,
2379,224,
2381,224,
2383,224,
2384,224,
2386,224,
2388,224,
2390,224,
2391,224,
2393,224,
2395,224,
2396,224,
2398,224,
2400,224,
2402,224,
2403,224,
2405,224,
2407,224,
2409,224,
2410,224,
2412,224,
2414,224,
2415,224,
2417,224,
2419,224,
2421,224,
2422,224,
2425,224,
2426,224,
2428,224,
2430,224,
2432,224,
2433,224,
2435,224,
2437,224,
2438,224,
2440,224,
2442,224,
2444,224,
2445,224,
2447,224,
2449,224,
2450,224,
2452,224,
2458,224,
2459,224,
2461,224,
2463,224,
2464,224,
2466,224,
2467,224,
2469,224,
2470,224,
2472,224,
2474,224,
2475,224,
2478,224,
2479,224,
2481,224,
2482,224,
2484,224,
2485,224,
2487,224,
2489,224,
2490,224,
2492,224,
2493,224,
2495,224,
2496,814,
2498,814,
2500,814,
2501,814,
2503,814,
2504,814,
2506,814,
2508,814,
2509,814,
2511,814,
2512,814,
2514,814,
2515,814,
2517,814,
2519,814,
2520,814,
2522,814,
2523,814,
2525,814,
2527,814,
2529,814,
2530,814,
2532,814,
2538,814,
2540,814,
2541,814,
2543,814,
2544,814,
2546,814,
2548,814,
2549,814,
2551,814,
2552,814,
2554,814,
2555,814,
2557,814,
2559,814,
2560,814,
2562,814,
2563,814,
2565,814,
2566,814,
2568,814,
2570,814,
2571,814,
2573,814,
2574,814,
2576,814,
2578,814,
2580,814,
2582,814,
2583,814,
2585,814,
2586,814,
2588,814,
2590,814,
2591,814,
2593,814,
2594,814,
2596,814,
2597,814,
2599,814,
2601,814,
2602,814,
2604,814,
2605,814,
2607,814,
2608,814,
2610,814,
2616,814,
2617,814,
2619,814,
2621,814,
2623,814,
2624,814,
2626,814,
2628,814,
2629,814,
2632,814,
2634,814,
2635,814,
2637,814,
2639,814,
2641,814,
2642,814,
2644,814,
2646,814,
2647,814,
2649,814,
2651,814,
2653,814,
2654,814,
2656,814,
2658,814,
2659,814,
2661,814,
2663,814,
2665,814,
2666,814,
2668,814,
2670,814,
2671,814,
2673,814,
2675,814,
2677,814,
2678,814,
2680,814,
2682,814,
2683,814,
2686,814,
2688,814,
2689,814,
2691,814,
2693,814,
2695,814,
2696,814,
2702,814,
2704,814,
2706,814,
2707,814,
2709,814,
2711,814,
2712,814,
2714,814,
2716,814,
2718,814,
2719,814,
2721,814,
2723,814,
2724,814,
2726,814,
2728,814,
2730,814,
2731,814,
2733,814,
2735,814,
2736,814,
2738,814,
2741,814,
2742,814,
2744,814,
2746,814,
2747,814,
2749,814,
2751,814,
2753,814,
2754,814,
2756,814,
2758,814,
2759,814,
2761,814,
2763,814,
2765,814,
2766,814,
2768,814,
2770,814,
2771,814,
2773,814,
2775,814,
2777,814,
2778,814,
2780,814,
2785,814,
2787,814,
2789,814,
2791,814,
2792,814,
2795,814,
2797,814,
2798,814,
2800,814,
2802,814,
2803,814,
2805,814,
2807,814,
2809,814,
2810,814,
2812,814,
2814,814,
2815,814,
2817,814,
2819,814,
2820,814,
2822,814,
2824,814,
2825,814,
2827,814,
2829,814,
2831,814,
2832,814,
2834,814,
2836,814,
2837,814,
2839,814,
2841,814,
2842,814,
2844,814,
2846,814,
2848,196,
2850,196,
2852,196,
2854,196,
2855,196,
2857,196,
2859,196,
2860,196,
2862,196,
2864,196,
2865,196,
2871,196,
2873,196,
2875,196,
2876,196,
2878,196,
2880,196,
2881,196,
