Start of File
509,89,89,-1.38,-8.01,-5.80,-0.05,-0.02,-0.00,-43.45,32.27,79.30,0,0,0,
513,89,88,-1.39,-7.95,-5.84,-0.05,-0.02,-0.00,-43.41,32.68,79.73,0,0,0,
519,89,88,-1.39,-7.95,-5.84,-0.04,-0.02,-0.00,-43.01,33.56,79.70,0,0,0,
525,88,87,-1.41,-7.83,-6.07,-0.03,-0.02,-0.00,-43.57,32.84,79.58,0,0,0,
530,88,87,-1.41,-7.83,-6.07,-0.03,-0.02,-0.00,-43.32,33.16,79.19,0,0,0,
536,89,88,-1.42,-7.89,-6.00,-0.01,-0.02,-0.00,-43.19,33.28,78.43,0,0,0,
541,89,89,-1.35,-8.01,-5.77,0.00,-0.02,-0.00,-43.76,32.55,78.44,0,0,0,
551,90,90,-1.39,-8.08,-5.74,0.01,-0.02,-0.00,-43.16,32.77,79.42,0,0,0,
557,90,90,-1.39,-8.08,-5.74,0.01,-0.02,-0.00,-43.73,32.70,78.87,0,0,0,
563,90,89,-1.41,-8.05,-5.61,0.02,-0.02,-0.00,-43.31,33.06,79.03,0,0,0,
568,91,91,-1.39,-8.23,-5.38,0.02,-0.02,-0.00,-43.06,33.19,78.91,0,0,0,
574,91,91,-1.39,-8.23,-5.38,0.01,-0.01,-0.00,-43.50,33.25,78.52,0,0,0,
580,91,91,-1.34,-8.23,-5.39,0.01,-0.02,-0.00,-43.31,32.93,79.00,0,0,0,
585,91,91,-1.34,-8.23,-5.39,0.01,-0.02,-0.00,-43.85,32.90,78.63,0,0,0,
595,91,90,-1.37,-8.15,-5.49,0.00,-0.02,-0.00,-44.04,32.97,77.83,0,0,0,
602,91,90,-1.40,-8.14,-5.44,-0.00,-0.01,0.00,-43.23,32.58,78.49,0,0,0,
608,90,90,-1.35,-8.12,-5.64,-0.01,-0.02,0.00,-43.36,33.25,79.30,0,0,0,
614,90,90,-1.35,-8.12,-5.64,-0.01,-0.02,0.00,-43.38,33.10,78.30,0,0,0,
619,89,88,-1.41,-7.98,-5.82,-0.01,-0.02,0.00,-43.48,32.74,77.84,0,0,0,
625,90,89,-1.41,-8.04,-5.67,0.00,-0.01,0.00,-43.61,32.72,78.24,0,0,0,
631,90,89,-1.41,-8.04,-5.67,0.00,-0.01,0.00,-43.28,32.62,78.21,0,0,0,
637,90,90,-1.34,-8.09,-5.68,0.01,-0.01,0.00,-43.85,33.15,78.98,0,0,0,
646,90,89,-1.40,-8.08,-5.61,0.01,-0.01,0.00,-43.17,33.21,79.26,0,0,0,
652,91,91,-1.37,-8.23,-5.35,0.01,-0.01,0.00,-43.41,33.35,79.06,0,0,0,
658,91,91,-1.37,-8.23,-5.35,0.01,-0.01,0.00,-43.23,33.65,78.87,0,0,0,
668,90,91,-1.28,-8.14,-5.57,-0.00,-0.02,0.00,-43.53,33.06,78.66,0,0,0,
915,90,90,-1.38,-8.09,-5.57,-0.01,-0.01,0.00,-43.10,32.36,79.23,0,0,0,
921,90,90,-1.36,-8.09,-5.65,-0.02,-0.01,0.00,-43.36,32.15,78.79,0,0,0,
927,90,90,-1.36,-8.05,-5.62,-0.02,-0.01,0.00,-43.66,32.48,79.45,0,0,0,
937,90,89,-1.39,-8.02,-5.70,-0.01,-0.01,0.00,-43.17,32.18,79.26,0,0,0,
943,90,89,-1.39,-8.02,-5.70,-0.01,-0.01,0.00,-43.79,31.88,79.04,0,0,0,
948,89,89,-1.34,-8.00,-5.76,-0.01,-0.01,0.00,-43.20,31.75,79.45,0,0,0,
954,89,90,-1.34,-8.03,-5.66,-0.01,-0.01,0.00,-43.69,32.32,79.61,0,0,0,
960,90,89,-1.41,-8.03,-5.66,-0.00,-0.01,0.00,-43.36,31.99,79.38,0,0,0,
966,90,89,-1.38,-8.04,-5.69,-0.00,-0.01,0.00,-42.79,31.69,79.44,0,0,0,
972,90,89,-1.38,-8.04,-5.69,-0.00,-0.01,0.00,-42.71,31.92,79.36,0,0,0,
981,89,90,-1.35,-8.04,-5.71,0.00,-0.01,0.00,-42.60,31.77,79.71,0,0,0,
987,90,88,-1.47,-8.03,-5.64,0.01,-0.02,-0.00,-43.09,32.18,79.23,0,0,0,
993,91,91,-1.34,-8.18,-5.53,0.00,-0.01,-0.00,-43.70,31.94,78.91,0,0,0,
999,91,91,-1.34,-8.18,-5.53,0.00,-0.01,-0.00,-43.09,31.28,79.54,0,0,0,
1004,90,89,-1.38,-8.02,-5.65,0.00,-0.02,-0.00,-42.84,30.91,79.55,0,0,0,
1010,91,90,-1.41,-8.17,-5.46,0.00,-0.01,0.00,-43.28,31.58,79.48,0,0,0,
1016,91,90,-1.41,-8.17,-5.46,0.00,-0.01,0.00,-42.84,31.26,79.03,0,0,0,
1026,91,91,-1.36,-8.18,-5.54,-0.00,-0.02,-0.00,-42.30,31.06,78.73,0,0,0,
1032,89,89,-1.36,-8.02,-5.70,-0.01,-0.02,-0.00,-43.01,31.44,79.04,0,0,0,
1037,91,90,-1.42,-8.14,-5.51,-0.01,-0.02,-0.00,-43.09,31.23,78.81,0,0,0,
1043,91,90,-1.42,-8.14,-5.51,-0.01,-0.02,-0.00,-43.07,30.99,78.85,0,0,0,
1049,90,89,-1.39,-8.06,-5.61,-0.01,-0.02,-0.00,-43.32,31.48,79.67,0,0,0,
1055,90,89,-1.39,-8.06,-5.61,-0.01,-0.02,-0.00,-43.03,31.41,79.10,0,0,0,
1060,89,89,-1.36,-8.01,-5.77,-0.01,-0.02,-0.00,-43.13,31.37,78.85,0,0,0,
1071,90,90,-1.39,-8.11,-5.60,-0.00,-0.02,-0.00,-43.34,31.44,79.01,0,0,0,
1077,90,90,-1.33,-8.11,-5.54,-0.01,-0.02,-0.00,-43.34,31.70,79.36,0,0,0,
1082,90,90,-1.33,-8.11,-5.54,-0.01,-0.02,-0.00,-43.03,31.67,78.81,0,0,0,
1088,90,90,-1.37,-8.10,-5.56,-0.01,-0.02,-0.01,-43.25,31.53,78.60,0,0,0,
1094,92,92,-1.37,-8.33,-5.21,-0.01,-0.02,-0.01,-43.13,31.45,79.11,0,0,0,
1099,92,92,-1.37,-8.33,-5.21,-0.01,-0.02,-0.01,-43.22,31.09,78.41,0,0,0,
1105,93,92,-1.41,-8.37,-5.18,-0.03,-0.02,-0.01,-43.26,31.39,79.30,0,0,0,
1114,93,93,-1.39,-8.43,-5.15,-0.06,-0.02,-0.01,-43.41,31.18,78.27,0,0,0,
1120,92,91,-1.41,-8.30,-5.28,-0.06,-0.02,-0.01,-42.97,31.09,78.44,0,0,0,
1126,92,91,-1.41,-8.30,-5.28,-0.08,-0.02,-0.01,-43.04,32.01,77.38,0,0,0,
1131,88,83,-1.65,-7.57,-6.43,-0.09,-0.02,-0.01,-43.25,31.72,78.68,0,0,0,
1137,88,83,-1.65,-7.57,-6.43,-0.09,-0.02,-0.01,-43.38,31.01,79.13,0,0,0,
1143,79,79,-1.31,-6.87,-7.26,-0.02,-0.00,-0.00,-42.81,31.53,78.75,0,0,0,
1148,86,90,-1.14,-7.89,-6.02,0.03,-0.02,-0.01,-42.97,31.80,78.75,0,0,0,
1158,90,83,-1.73,-7.71,-6.14,0.04,-0.03,-0.01,-42.94,31.42,77.93,0,0,0,
1163,90,83,-1.73,-7.71,-6.14,0.04,-0.03,-0.01,-43.07,31.39,78.97,0,0,0,
1169,84,87,-1.18,-7.56,-6.39,0.07,-0.02,-0.02,-42.60,31.19,80.08,0,0,0,
1174,84,87,-1.18,-7.56,-6.39,0.07,-0.02,-0.02,-42.98,31.47,78.69,0,0,0,
1180,91,95,-1.13,-8.44,-5.12,0.09,-0.01,-0.00,-43.17,31.77,79.39,0,0,0,
1186,97,95,-1.45,-8.74,-4.61,0.06,-0.02,-0.00,-43.12,31.37,79.20,0,0,0,
1191,97,95,-1.45,-8.74,-4.61,0.06,-0.02,-0.00,-42.40,31.13,78.24,0,0,0,
1201,93,96,-1.21,-8.59,-4.85,0.02,-0.02,-0.00,-43.16,31.67,79.20,0,0,0,
1207,95,94,-1.41,-8.58,-4.83,-0.01,-0.01,0.00,-42.97,31.58,78.78,0,0,0,
1213,94,92,-1.44,-8.42,-5.05,-0.05,-0.01,0.00,-43.61,31.37,79.17,0,0,0,
1218,94,92,-1.44,-8.42,-5.05,-0.05,-0.01,0.00,-43.00,30.87,79.07,0,0,0,
1225,89,90,-1.31,-8.07,-5.65,-0.07,-0.01,0.00,-43.60,31.48,79.01,0,0,0,
1231,89,87,-1.45,-7.87,-5.92,-0.06,-0.01,0.00,-43.63,31.66,79.87,0,0,0,
1237,89,87,-1.45,-7.87,-5.92,-0.06,-0.01,0.00,-43.58,31.39,79.29,0,0,0,
1246,86,85,-1.41,-7.58,-6.32,-0.05,-0.01,0.00,-43.50,30.77,79.63,0,0,0,
1252,83,84,-1.30,-7.43,-6.58,-0.01,-0.01,0.00,-43.82,30.74,79.11,0,0,0,
1258,87,87,-1.36,-7.72,-6.15,-0.01,-0.01,0.00,-43.00,30.80,78.38,0,0,0,
1264,87,87,-1.36,-7.72,-6.15,0.03,-0.01,0.00,-43.58,31.23,78.97,0,0,0,
1269,87,88,-1.32,-7.79,-6.05,0.05,-0.01,0.00,-43.12,31.22,78.95,0,0,0,
1275,87,88,-1.32,-7.79,-6.05,0.05,-0.01,0.00,-43.25,31.44,78.98,0,0,0,
1281,88,88,-1.36,-7.91,-5.92,0.07,-0.01,0.01,-42.77,31.19,78.31,0,0,0,
1290,90,89,-1.42,-8.00,-5.66,0.08,-0.01,0.01,-43.42,30.97,78.81,0,0,0,
1296,91,91,-1.40,-8.21,-5.43,0.08,-0.00,0.01,-43.03,31.18,78.41,0,0,0,
1302,91,91,-1.40,-8.21,-5.43,0.08,-0.00,0.01,-43.47,31.23,79.17,0,0,0,
1308,92,92,-1.34,-8.29,-5.36,0.07,-0.01,0.01,-43.64,30.75,79.13,0,0,0,
1313,92,92,-1.38,-8.34,-5.23,0.07,-0.01,0.01,-43.13,31.57,78.46,0,0,0,
1319,92,92,-1.38,-8.34,-5.23,0.06,-0.01,0.01,-43.42,31.06,78.50,0,0,0,
1325,94,93,-1.40,-8.50,-4.98,0.04,-0.01,0.01,-43.19,31.45,78.82,0,0,0,
1334,92,93,-1.34,-8.39,-5.17,0.01,-0.01,0.00,-43.29,31.12,77.45,0,0,0,
1340,92,93,-1.34,-8.39,-5.32,0.01,-0.01,0.00,-43.35,31.69,78.53,0,0,0,
1346,92,92,-1.38,-8.29,-5.32,-0.01,-0.01,0.00,-42.93,31.53,78.59,0,0,0,
1352,92,91,-1.40,-8.25,-5.33,-0.02,-0.01,0.00,-43.19,31.72,77.57,0,0,0,
1358,92,91,-1.40,-8.25,-5.33,-0.02,-0.01,0.00,-42.71,32.32,77.89,0,0,0,
1363,90,90,-1.37,-8.08,-5.60,-0.03,-0.01,0.00,-42.98,31.28,78.19,0,0,0,
1369,89,89,-1.38,-8.00,-5.72,-0.03,-0.01,0.00,-43.72,31.19,77.58,0,0,0,
1379,90,89,-1.39,-8.07,-5.61,-0.02,-0.01,0.00,-43.06,31.66,78.81,0,0,0,
1385,90,89,-1.39,-8.07,-5.61,-0.02,-0.01,0.00,-43.10,32.01,78.33,0,0,0,
1391,89,89,-1.33,-7.99,-5.77,-0.02,-0.01,0.00,-43.20,32.08,82.11,0,0,0,
1397,90,89,-1.40,-8.02,-5.69,-0.01,-0.01,0.00,-43.36,32.37,78.66,0,0,0,
1402,90,89,-1.40,-8.02,-5.69,-0.01,-0.01,0.00,-43.29,31.41,78.40,0,0,0,
1408,91,90,-1.39,-8.13,-5.52,-0.01,-0.01,0.00,-43.83,31.41,78.19,0,0,0,
1414,90,90,-1.39,-8.12,-5.57,-0.01,-0.01,0.00,-43.91,31.60,79.17,0,0,0,
1423,90,90,-1.39,-8.10,-5.58,-0.02,-0.01,0.00,-42.66,31.34,78.15,0,0,0,
1429,90,90,-1.39,-8.10,-5.58,-0.02,-0.01,0.00,-43.28,31.32,78.73,0,0,0,
1435,91,91,-1.36,-8.16,-5.48,-0.02,-0.01,0.00,-43.19,31.47,79.11,0,0,0,
1440,91,91,-1.36,-8.16,-5.48,-0.02,-0.01,0.00,-43.55,30.91,78.73,0,0,0,
1446,90,90,-1.37,-8.10,-5.60,-0.03,-0.01,0.00,-43.38,31.88,78.72,0,0,0,
1452,89,89,-1.36,-8.01,-5.71,-0.02,-0.01,0.01,-42.88,31.51,77.67,0,0,0,
1457,89,89,-1.36,-8.01,-5.71,-0.02,-0.01,0.01,-43.03,31.28,78.44,0,0,0,
1467,90,89,-1.41,-8.03,-5.66,-0.02,-0.01,0.01,-42.97,31.22,79.57,0,0,0,
1472,90,90,-1.37,-8.06,-5.70,-0.02,-0.01,0.00,-43.60,31.12,78.75,0,0,0,
1478,90,90,-1.37,-8.06,-5.70,-0.02,-0.01,0.00,-43.67,30.78,81.98,0,0,0,
1484,89,89,-1.34,-7.95,-5.79,-0.01,-0.01,0.00,-42.81,30.91,79.42,0,0,0,
1489,90,89,-1.42,-8.02,-5.67,-0.01,-0.01,0.01,-43.36,30.81,79.30,0,0,0,
1495,90,89,-1.42,-8.02,-5.67,-0.01,-0.01,0.01,-43.57,30.90,78.85,0,0,0,
1500,89,89,-1.36,-8.04,-5.70,-0.01,-0.01,0.00,-43.29,31.23,77.68,0,0,0,
1510,89,88,-1.38,-7.94,-5.81,-0.00,-0.01,0.00,-43.60,31.37,78.50,0,0,0,
1516,90,89,-1.41,-8.01,-5.72,0.31,-0.01,0.00,-43.51,30.91,78.59,0,0,0,
1521,90,89,-1.41,-8.01,-5.72,0.01,-0.01,0.00,-43.77,31.26,78.05,0,0,0,
1527,89,89,-1.34,-7.98,-5.76,0.01,-0.01,0.00,-43.48,31.50,79.36,0,0,0,
1534,89,88,-1.37,-7.92,-5.83,0.01,-0.01,0.00,-43.96,31.34,78.56,0,0,0,
1540,89,88,-1.37,-7.92,-5.83,0.02,-0.01,0.00,-43.47,31.50,79.35,0,0,0,
1545,90,89,-1.42,-8.07,-5.65,0.02,-0.01,0.00,-43.12,31.10,79.25,0,0,0,
1555,90,91,-1.32,-8.15,-5.55,0.02,-0.01,0.00,-43.28,31.75,79.36,0,0,0,
1561,90,91,-1.32,-8.15,-5.55,0.02,-0.01,0.00,-43.29,31.58,78.09,0,0,0,
1566,91,91,-1.38,-8.21,-5.45,0.02,-0.01,0.00,-43.72,31.45,78.92,0,0,0,
1572,92,91,-1.40,-8.25,-5.31,0.01,-0.02,0.00,-43.60,31.61,79.86,0,0,0,
1578,92,91,-1.40,-8.25,-5.31,0.01,-0.02,0.00,-43.36,31.85,79.73,0,0,0,
1584,92,91,-1.37,-8.26,-5.34,-0.01,-0.02,-0.00,-43.39,31.42,79.13,0,0,0,
1589,91,91,-1.37,-8.19,-5.47,-0.02,-0.02,-0.00,-43.31,31.31,79.22,0,0,0,
1599,92,91,-1.41,-8.25,-5.33,-0.03,-0.02,-0.00,-43.23,31.79,79.14,0,0,0,
1605,92,91,-1.41,-8.25,-5.33,-0.03,-0.02,-0.00,-43.15,31.39,79.29,0,0,0,
1611,91,91,-1.38,-8.23,-5.36,-0.04,-0.02,-0.00,-43.04,31.60,78.90,0,0,0,
1616,91,91,-1.38,-8.18,-5.50,-0.04,-0.02,-0.00,-42.71,31.23,78.46,0,0,0,
1622,91,91,-1.36,-8.18,-5.50,-0.05,-0.02,-0.00,-43.92,31.16,79.64,0,0,0,
1628,92,90,-1.45,-8.22,-5.36,-0.06,-0.02,-0.00,-43.58,31.16,78.91,0,0,0,
1634,92,90,-1.45,-8.22,-5.36,-0.06,-0.02,-0.00,-43.35,30.97,79.06,0,0,0,
1643,91,90,-1.40,-8.15,-5.56,-0.07,-0.02,-0.01,-43.54,31.12,79.66,0,0,0,
1649,89,88,-1.39,-7.93,-5.90,-0.06,-0.00,0.00,-43.83,31.32,78.65,0,0,0,
1655,91,88,-1.55,-8.05,-5.53,-0.05,0.01,0.01,-42.91,31.31,78.59,0,0,0,
1660,91,88,-1.55,-8.05,-5.53,-0.05,0.01,0.01,-43.42,31.61,78.12,0,0,0,
1666,89,87,-1.43,-7.89,-5.87,-0.05,0.02,0.01,-43.61,31.12,78.95,0,0,0,
1672,88,90,-1.27,-7.97,-5.82,-0.05,0.02,0.01,-43.41,31.16,78.05,0,0,0,
1678,88,90,-1.27,-7.97,-5.82,-0.04,0.01,0.01,-43.29,31.53,78.22,0,0,0,
1688,87,88,-1.32,-7.83,-5.95,-0.04,-0.00,0.00,-43.69,31.32,78.30,0,0,0,
1694,85,87,-1.26,-7.68,-6.17,-0.02,-0.02,-0.00,-43.20,30.63,78.11,0,0,0,
1700,87,88,-1.29,-7.79,-6.08,-0.02,-0.02,-0.01,-43.92,30.74,77.92,0,0,0,
1705,87,88,-1.29,-7.79,-6.08,-0.00,-0.02,-0.01,-43.38,31.50,75.05,0,0,0,
1711,88,88,-1.36,-7.86,-5.93,0.01,-0.02,-0.01,-43.69,31.04,77.87,0,0,0,
1717,88,88,-1.36,-7.86,-5.93,0.01,-0.02,-0.01,-43.09,31.56,78.75,0,0,0,
1722,89,89,-1.33,-7.96,-5.80,0.02,-0.03,-0.01,-43.15,31.20,77.80,0,0,0,
1732,89,90,-1.33,-8.06,-5.65,0.03,-0.03,-0.01,-43.10,30.71,77.95,0,0,0,
1738,90,90,-1.37,-8.10,-5.55,0.03,-0.03,-0.01,-42.88,30.55,78.78,0,0,0,
1744,90,90,-1.37,-8.10,-5.55,0.03,-0.03,-0.01,-43.61,31.04,78.71,0,0,0,
1749,91,90,-1.41,-8.17,-5.49,0.02,-0.03,-0.01,-43.35,30.87,78.08,0,0,0,
1755,90,90,-1.38,-8.12,-5.62,0.02,-0.03,-0.00,-42.94,30.27,78.16,0,0,0,
1761,90,90,-1.38,-8.12,-5.62,0.02,-0.03,-0.00,-43.22,30.91,78.37,0,0,0,
1767,91,90,-1.41,-8.12,-5.53,0.01,-0.02,-0.00,-43.54,31.07,78.05,0,0,0,
1776,91,90,-1.43,-8.13,-5.56,0.01,-0.02,-0.00,-42.94,30.91,77.99,0,0,0,
1782,89,88,-1.43,-7.93,-5.79,0.01,-0.02,-0.00,-43.15,31.07,77.55,0,0,0,
1787,88,89,-1.32,-7.93,-5.79,0.01,-0.02,-0.00,-43.10,30.84,78.76,0,0,0,
1793,90,89,-1.43,-8.06,-5.64,0.01,-0.02,-0.00,-43.17,30.87,77.67,0,0,0,
1799,90,89,-1.43,-8.06,-5.64,0.01,-0.02,-0.00,-42.71,31.07,78.98,0,0,0,
1804,90,91,-1.33,-8.13,-5.60,0.01,-0.02,-0.00,-42.62,30.84,77.81,0,0,0,
1810,90,91,-1.32,-8.16,-5.52,0.01,-0.02,-0.00,-43.39,31.47,77.61,0,0,0,
1819,91,91,-1.37,-8.22,-5.34,-0.00,-0.01,0.00,-42.79,30.27,77.93,0,0,0,
1825,91,91,-1.37,-8.22,-5.34,-0.00,-0.01,0.00,-43.58,30.85,78.11,0,0,0,
1831,91,90,-1.43,-8.15,-5.46,-0.01,-0.01,0.00,-43.16,30.97,77.70,0,0,0,
1837,89,89,-1.37,-7.97,-5.78,-0.01,-0.01,0.00,-43.09,30.59,77.64,0,0,0,
1843,89,89,-1.37,-7.97,-5.78,-0.01,-0.01,0.01,-42.52,30.74,78.47,0,0,0,
1848,89,89,-1.34,-8.01,-5.75,-0.01,-0.01,0.01,-43.22,30.93,77.35,0,0,0,
1854,89,89,-1.34,-8.01,-5.75,-0.01,-0.01,0.01,-43.12,31.01,78.46,0,0,0,
1863,89,90,-1.33,-8.02,-5.67,-0.01,-0.01,0.00,-43.57,31.25,77.51,0,0,0,
1869,89,89,-1.39,-8.00,-5.75,-0.00,-0.01,0.00,-43.79,31.42,78.30,0,0,0,
1875,90,90,-1.38,-8.08,-5.59,-0.00,-0.01,0.00,-43.53,31.10,78.81,0,0,0,
1881,90,90,-1.38,-8.08,-5.59,-0.00,-0.01,0.00,-43.28,30.99,77.81,0,0,0,
1886,91,91,-1.38,-8.18,-5.47,-0.01,-0.01,0.00,-43.31,30.81,77.13,0,0,0,
1892,90,90,-1.38,-8.08,-5.64,-0.01,-0.01,0.00,-43.23,31.20,77.99,0,0,0,
1898,90,90,-1.37,-8.08,-5.64,-0.01,-0.01,0.00,-43.83,30.97,77.86,0,0,0,
1907,91,89,-1.43,-8.10,-5.55,-0.01,-0.00,0.01,-43.45,30.96,77.39,0,0,0,
1913,90,89,-1.41,-8.07,-5.62,-0.02,-0.00,0.01,-43.22,30.81,78.79,0,0,0,
1919,90,89,-1.41,-8.07,-5.62,-0.02,-0.00,0.01,-43.31,30.88,78.05,0,0,0,
1925,89,89,-1.35,-7.98,-5.76,-0.02,-0.00,0.00,-43.74,30.96,77.74,0,0,0,
1931,90,89,-1.42,-8.04,-5.65,-0.01,-0.01,0.00,-42.62,30.82,77.87,0,0,0,
1936,90,89,-1.42,-8.04,-5.65,-0.01,-0.01,0.00,-42.88,31.28,77.39,0,0,0,
1942,90,90,-1.37,-8.09,-5.58,-0.02,-0.01,0.00,-43.53,31.19,78.15,0,0,0,
1951,89,90,-1.33,-8.04,-5.69,-0.02,-0.01,0.00,-43.77,31.35,77.84,0,0,0,
1957,90,90,-1.35,-8.06,-5.64,-0.02,-0.01,0.00,-43.48,31.31,78.47,0,0,0,
1963,90,90,-1.35,-8.06,-5.64,-0.02,-0.01,0.00,-43.19,30.90,78.22,0,0,0,
1969,89,90,-1.34,-8.03,-5.71,-0.02,-0.01,0.00,-43.32,31.23,77.92,0,0,0,
1975,89,90,-1.34,-8.03,-5.71,-0.02,-0.01,0.00,-43.09,31.37,77.54,0,0,0,
1980,89,89,-1.33,-7.97,-5.77,-0.02,-0.01,0.01,-43.17,31.37,79.00,0,0,0,
1986,89,89,-1.40,-7.99,-5.74,-0.01,-0.01,0.01,-42.72,31.72,77.24,0,0,0,
1996,89,89,-1.37,-7.95,-5.79,-0.01,-0.01,0.01,-42.98,31.44,77.78,0,0,0,
2002,89,89,-1.37,-7.95,-5.89,-0.01,-0.01,0.01,-43.44,31.57,78.34,0,0,0,
2008,89,88,-1.39,-7.93,-5.89,0.00,-0.01,0.00,-43.04,31.82,78.75,0,0,0,
2014,89,89,-1.39,-7.99,-5.73,0.01,-0.01,0.00,-43.36,31.29,78.66,0,0,0,
2020,89,89,-1.39,-7.99,-5.73,0.01,-0.01,0.00,-43.72,31.20,78.76,0,0,0,
2025,90,89,-1.39,-8.04,-5.64,0.01,-0.01,0.00,-43.60,31.18,77.62,0,0,0,
2031,89,89,-1.34,-8.00,-5.75,0.01,-0.01,0.00,-43.42,31.35,78.14,0,0,0,
2040,90,90,-1.37,-8.06,-5.62,0.01,-0.01,0.00,-43.04,30.99,75.62,0,0,0,
2046,90,90,-1.37,-8.06,-5.62,0.01,-0.01,0.00,-42.98,31.09,77.93,0,0,0,
2052,90,90,-1.37,-8.11,-5.56,0.01,-0.01,0.00,-43.66,31.92,79.01,0,0,0,
2058,89,89,-1.35,-8.02,-5.69,0.01,-0.01,0.00,-43.76,30.68,78.27,0,0,0,
2064,89,89,-1.35,-8.02,-5.69,0.00,-0.01,0.00,-43.22,31.32,78.57,0,0,0,
2069,90,89,-1.38,-8.02,-5.67,0.00,-0.01,0.01,-43.44,31.22,78.66,0,0,0,
2075,90,89,-1.38,-8.02,-5.67,0.00,-0.01,0.01,-43.28,31.22,78.21,0,0,0,
2085,90,90,-1.37,-8.07,-5.64,0.00,-0.01,0.00,-43.32,31.03,77.96,0,0,0,
2091,89,89,-1.35,-8.01,-5.76,0.01,-0.01,0.00,-43.61,30.66,78.87,0,0,0,
2096,89,89,-1.36,-8.03,-5.70,0.01,-0.01,0.01,-43.64,30.59,78.22,0,0,0,
2102,89,89,-1.36,-8.03,-5.70,0.01,-0.01,0.01,-43.98,30.93,78.30,0,0,0,
2108,90,90,-1.39,-8.09,-5.59,0.01,-0.01,0.01,-43.76,30.50,78.90,0,0,0,
2114,89,90,-1.34,-8.03,-5.67,0.01,-0.01,0.00,-43.31,31.16,78.46,0,0,0,
2119,89,90,-1.34,-8.03,-5.67,0.01,-0.01,0.00,-43.09,31.15,78.66,0,0,0,
2125,90,89,-1.44,-8.05,-5.66,0.00,-0.01,0.00,-43.23,31.19,78.14,0,0,0,
2134,90,89,-1.41,-8.07,-5.62,0.00,-0.01,0.00,-42.78,30.96,79.32,0,0,0,
2141,89,89,-1.37,-8.00,-5.69,0.00,-0.01,0.00,-42.66,31.00,78.44,0,0,0,
2147,89,89,-1.37,-8.00,-5.69,0.01,-0.01,0.00,-42.90,31.48,78.38,0,0,0,
2152,90,89,-1.39,-8.07,-5.62,0.00,-0.01,0.00,-43.16,31.16,78.21,0,0,0,
2158,90,89,-1.39,-8.07,-5.62,0.00,-0.01,0.00,-43.34,30.84,77.83,0,0,0,
2163,90,90,-1.37,-8.10,-5.58,0.00,-0.01,0.00,-43.03,30.78,78.05,0,0,0,
2169,90,89,-1.41,-8.05,-5.69,-0.00,-0.01,0.00,-43.01,30.87,77.76,0,0,0,
2179,91,90,-1.38,-8.17,-5.57,-0.01,-0.01,0.00,-42.63,31.15,77.89,0,0,0,
2184,91,90,-1.38,-8.17,-5.57,-0.01,-0.01,0.00,-42.85,31.06,77.86,0,0,0,
2190,88,87,-1.42,-7.78,-5.88,0.00,-0.01,-0.00,-42.96,30.72,78.78,0,0,0,
2196,90,89,-1.42,-8.07,-5.67,0.00,-0.01,-0.00,-42.90,30.97,79.54,0,0,0,
2201,89,90,-1.28,-8.07,-5.67,0.01,-0.02,-0.00,-42.50,31.20,78.68,0,0,0,
2207,91,90,-1.42,-8.11,-5.60,0.00,-0.02,-0.00,-42.94,31.28,77.97,0,0,0,
2213,91,90,-1.42,-8.11,-5.60,0.00,-0.02,-0.00,-43.03,31.10,78.46,0,0,0,
2222,88,89,-1.30,-7.96,-5.79,0.00,-0.03,-0.01,-43.03,31.69,77.55,0,0,0,
2228,90,89,-1.42,-8.04,-5.63,0.01,-0.02,-0.00,-42.49,31.04,78.60,0,0,0,
2234,89,90,-1.31,-8.02,-5.67,0.01,-0.02,-0.00,-43.39,30.82,79.57,0,0,0,
2239,89,90,-1.31,-8.02,-5.67,0.01,-0.02,-0.00,-43.16,30.61,79.29,0,0,0,
2245,91,89,-1.45,-8.06,-5.63,0.01,-0.02,-0.01,-43.10,31.22,78.68,0,0,0,
2251,91,89,-1.45,-8.09,-5.58,0.01,-0.02,-0.01,-43.25,31.16,76.12,0,0,0,
2257,90,90,-1.38,-8.09,-5.58,0.01,-0.03,-0.01,-43.10,30.56,78.15,0,0,0,
2266,89,88,-1.41,-7.93,-5.83,0.01,-0.03,-0.01,-42.93,30.93,78.49,0,0,0,
2272,90,89,-1.37,-8.05,-5.60,0.01,-0.02,-0.01,-42.53,31.28,78.92,0,0,0,
2278,90,89,-1.37,-8.05,-5.60,0.01,-0.02,-0.01,-42.94,31.18,78.11,0,0,0,
2283,89,90,-1.32,-8.03,-5.72,0.01,-0.02,-0.01,-42.79,31.10,78.25,0,0,0,
2289,89,90,-1.30,-8.00,-5.77,0.01,-0.03,-0.01,-43.13,31.42,78.27,0,0,0,
2295,89,90,-1.30,-8.00,-5.77,0.01,-0.03,-0.01,-42.72,31.03,79.06,0,0,0,
2301,90,90,-1.35,-8.05,-5.68,0.02,-0.03,-0.01,-43.06,30.77,77.70,0,0,0,
2311,89,89,-1.33,-7.99,-5.71,0.02,-0.03,-0.01,-43.44,31.06,77.65,0,0,0,
2317,89,87,-1.49,-7.85,-5.98,0.03,-0.03,-0.00,-43.32,30.84,77.33,0,0,0,
2323,89,87,-1.49,-7.85,-5.98,0.03,-0.03,-0.00,-43.10,31.07,78.76,0,0,0,
2328,88,88,-1.36,-7.89,-5.89,0.04,-0.02,-0.00,-43.01,30.68,77.83,0,0,0,
2334,89,89,-1.39,-8.00,-5.74,0.04,-0.02,-0.00,-43.09,31.41,78.37,0,0,0,
2340,89,89,-1.39,-8.00,-5.74,0.05,-0.02,-0.00,-42.74,31.50,78.12,0,0,0,
2346,89,89,-1.35,-8.02,-5.72,0.05,-0.02,-0.00,-43.54,31.09,78.19,0,0,0,
2355,89,89,-1.37,-7.99,-5.69,0.06,-0.03,-0.00,-43.76,31.15,79.09,0,0,0,
2361,89,89,-1.37,-7.99,-5.58,0.06,-0.03,-0.00,-43.34,31.63,78.53,0,0,0,
2367,90,89,-1.44,-8.07,-5.58,0.06,-0.02,-0.00,-42.97,31.38,79.58,0,0,0,
2372,91,90,-1.37,-8.16,-5.52,0.05,-0.02,-0.01,-43.54,31.56,78.90,0,0,0,
2378,91,90,-1.37,-8.16,-5.52,0.05,-0.02,-0.01,-43.23,31.20,78.05,0,0,0,
2384,89,90,-1.33,-8.06,-5.59,0.05,-0.02,-0.00,-43.47,30.75,78.34,0,0,0,
2390,91,91,-1.39,-8.21,-5.39,0.05,-0.02,-0.00,-43.98,31.63,78.16,0,0,0,
2399,91,91,-1.34,-8.21,-5.45,0.04,-0.02,-0.00,-43.16,31.60,78.28,0,0,0,
2405,91,91,-1.34,-8.21,-5.45,0.04,-0.02,-0.00,-42.88,30.94,78.91,0,0,0,
2411,91,90,-1.41,-8.11,-5.54,0.03,-0.02,0.00,-43.58,30.87,77.49,0,0,0,
2416,91,91,-1.35,-8.23,-5.40,0.03,-0.02,0.00,-42.81,30.59,78.49,0,0,0,
2422,91,91,-1.35,-8.23,-5.40,0.03,-0.01,0.00,-43.15,31.12,78.34,0,0,0,
2428,90,90,-1.35,-8.08,-5.60,0.02,-0.01,0.00,-42.91,31.41,78.09,0,0,0,
2434,90,90,-1.35,-8.08,-5.60,0.02,-0.01,0.00,-42.69,31.09,78.66,0,0,0,
2443,90,89,-1.40,-8.01,-5.67,0.02,-0.01,0.00,-43.42,31.09,78.37,0,0,0,
2450,91,90,-1.40,-8.15,-5.53,0.02,-0.01,0.00,-43.16,31.07,78.33,0,0,0,
2456,90,90,-1.32,-8.08,-5.66,0.02,-0.01,0.00,-43.66,31.47,77.68,0,0,0,
2461,90,90,-1.32,-8.08,-5.66,0.02,-0.01,0.00,-43.17,31.09,78.56,0,0,0,
2467,91,90,-1.40,-8.14,-5.51,0.02,-0.01,0.00,-43.26,30.90,77.99,0,0,0,
2473,92,91,-1.38,-8.24,-5.35,0.01,-0.01,0.00,-43.47,31.69,77.93,0,0,0,
2479,92,91,-1.38,-8.24,-5.35,0.01,-0.01,0.00,-42.97,31.41,78.72,0,0,0,
2488,91,91,-1.36,-8.16,-5.50,0.01,-0.01,0.00,-42.40,31.31,78.84,0,0,0,
2494,92,91,-1.38,-8.29,-5.30,0.00,-0.01,0.00,-43.06,31.04,77.78,0,0,0,
2500,93,93,-1.36,-8.40,-5.11,0.00,-0.01,0.00,-42.88,31.15,78.43,0,0,0,
2505,93,93,-1.36,-8.40,-5.11,-0.02,-0.01,0.00,-43.23,31.16,78.95,0,0,0,
2511,90,90,-1.35,-8.13,-5.50,-0.03,-0.01,0.00,-42.82,30.62,78.18,0,0,0,
2516,90,90,-1.35,-8.13,-5.50,-0.03,-0.01,0.00,-43.16,30.93,77.97,0,0,0,
2522,91,90,-1.38,-8.17,-5.46,-0.04,-0.01,0.00,-43.28,31.39,76.67,0,0,0,
2531,94,93,-1.40,-8.49,-5.03,-0.05,-0.01,0.00,-43.17,30.93,78.16,0,0,0,
2537,93,93,-1.40,-8.44,-5.07,-0.08,-0.02,0.00,-42.63,30.90,77.52,0,0,0,
2543,93,93,-1.40,-8.44,-5.07,-0.08,-0.02,0.00,-43.50,30.78,77.51,0,0,0,
2548,93,91,-1.43,-8.33,-5.21,-0.10,-0.01,0.00,-42.63,30.72,78.19,0,0,0,
2554,93,91,-1.43,-8.33,-5.21,-0.10,-0.01,0.00,-43.50,30.34,78.53,0,0,0,
2560,93,92,-1.44,-8.39,-5.14,-0.12,0.00,0.01,-43.06,30.12,77.67,0,0,0,
2565,90,88,-1.48,-8.01,-5.90,-0.14,0.00,0.01,-43.04,30.66,74.99,0,0,0,
2574,79,82,-1.21,-7.06,-7.03,-0.10,0.03,0.02,-43.20,30.97,78.43,0,0,0,
2580,79,82,-1.21,-7.06,-7.03,-0.10,0.03,0.02,-43.22,31.00,78.09,0,0,0,
2586,94,93,-1.40,-8.45,-5.09,-0.08,0.04,0.04,-43.32,30.82,78.59,0,0,0,
2592,82,81,-1.45,-7.14,-6.82,-0.07,0.01,0.01,-43.63,30.71,78.53,0,0,0,
2598,82,81,-1.45,-7.14,-6.82,-0.07,0.01,0.01,-43.50,29.80,78.24,0,0,0,
2604,81,83,-1.26,-7.23,-6.87,-0.01,-0.00,0.01,-43.48,30.14,78.69,0,0,0,
2610,88,89,-1.28,-7.94,-5.83,-0.01,-0.00,0.00,-43.73,30.80,79.13,0,0,0,
2619,89,89,-1.36,-8.02,-5.82,0.02,-0.03,-0.01,-43.79,30.72,78.43,0,0,0,
2625,89,89,-1.36,-8.02,-5.82,0.02,-0.03,-0.01,-43.44,31.00,78.94,0,0,0,
2631,84,83,-1.42,-7.37,-6.43,0.04,-0.04,-0.01,-43.72,30.40,77.67,0,0,0,
2637,84,83,-1.42,-7.37,-6.04,0.04,-0.04,-0.01,-43.38,30.06,77.81,0,0,0,
2643,88,88,-1.34,-7.92,-6.04,0.07,-0.03,-0.00,-42.88,30.72,77.87,0,0,0,
2648,92,92,-1.36,-8.29,-5.30,0.08,-0.01,0.01,-43.23,30.84,78.00,0,0,0,
2654,92,92,-1.36,-8.29,-5.30,0.08,-0.01,0.01,-43.07,30.96,79.70,0,0,0,
2664,94,92,-1.46,-8.47,-4.97,0.06,-0.01,0.00,-43.58,31.06,79.26,0,0,0,
2670,92,91,-1.38,-8.27,-5.24,0.04,-0.01,0.00,-43.20,30.75,78.84,0,0,0,
2675,92,92,-1.37,-8.31,-5.26,0.02,-0.01,0.00,-43.26,30.97,79.57,0,0,0,
2681,92,92,-1.37,-8.31,-5.26,0.02,-0.01,0.00,-43.34,30.37,78.84,0,0,0,
2687,91,90,-1.38,-8.14,-5.51,0.00,-0.01,0.00,-43.06,30.90,78.97,0,0,0,
2692,88,88,-1.37,-7.91,-5.87,0.00,-0.01,0.00,-43.57,30.66,78.12,0,0,0,
2698,88,88,-1.37,-7.91,-5.87,0.00,-0.01,0.00,-43.26,31.06,78.15,0,0,0,
2708,87,87,-1.36,-7.78,-6.09,0.02,-0.01,0.00,-43.72,30.90,79.17,0,0,0,
2714,87,87,-1.39,-7.77,-6.03,0.03,-0.01,0.00,-43.26,31.12,78.65,0,0,0,
2719,87,87,-1.39,-7.77,-6.03,0.03,-0.01,0.00,-43.54,31.80,79.63,0,0,0,
2725,89,88,-1.40,-7.97,-5.80,0.05,-0.01,0.00,-43.09,31.45,78.97,0,0,0,
2731,90,90,-1.38,-8.07,-5.65,0.05,-0.01,0.00,-43.28,31.50,78.71,0,0,0,
2736,90,90,-1.38,-8.07,-5.65,0.05,-0.01,0.00,-43.70,31.53,79.07,0,0,0,
2742,94,96,-1.22,-8.66,-4.85,0.04,-0.01,0.00,-44.05,31.22,79.77,0,0,0,
2753,94,91,-1.54,-8.37,-5.03,0.01,-0.02,0.00,-43.07,30.42,79.54,0,0,0,
2759,93,92,-1.39,-8.35,-5.18,-0.02,-0.01,0.00,-43.41,30.87,78.71,0,0,0,
2764,93,92,-1.39,-8.35,-5.18,-0.02,-0.01,0.00,-43.83,31.09,79.06,0,0,0,
2770,90,89,-1.37,-8.06,-5.68,-0.03,-0.01,0.00,-43.54,31.57,78.63,0,0,0,
2776,88,87,-1.41,-7.78,-5.98,-0.02,-0.01,0.00,-43.26,31.01,78.91,0,0,0,
2781,88,87,-1.41,-7.78,-5.98,-0.02,-0.01,0.00,-43.91,30.94,78.73,0,0,0,
2787,86,86,-1.38,-7.66,-6.26,-0.00,-0.02,-0.00,-43.35,30.65,79.42,0,0,0,
2797,87,86,-1.38,-7.69,-6.19,0.02,-0.02,-0.00,-43.63,30.68,78.44,0,0,0,
2803,90,89,-1.38,-8.02,-5.63,0.02,-0.02,-0.00,-42.79,31.34,78.11,0,0,0,
2808,89,90,-1.27,-8.02,-5.63,0.04,-0.02,-0.01,-43.06,30.37,78.68,0,0,0,
2814,91,90,-1.42,-8.17,-5.53,0.04,-0.03,-0.01,-42.98,30.99,78.46,0,0,0,
2820,91,90,-1.42,-8.17,-5.53,0.04,-0.03,-0.01,-42.90,30.93,77.42,0,0,0,
2826,90,90,-1.34,-8.12,-5.58,0.04,-0.02,-0.00,-42.69,30.58,78.15,0,0,0,
2831,92,91,-1.42,-8.22,-5.36,0.03,-0.02,-0.00,-43.10,31.04,78.68,0,0,0,
2841,92,91,-1.40,-8.27,-5.37,0.02,-0.02,-0.00,-43.28,31.00,79.49,0,0,0,
2847,92,91,-1.40,-8.27,-5.37,0.02,-0.02,-0.00,-43.60,30.77,77.97,0,0,0,
2852,92,92,-1.35,-8.28,-5.36,0.01,-0.02,-0.00,-42.77,30.80,78.47,0,0,0,
2858,92,92,-1.35,-8.28,-5.30,0.01,-0.02,-0.00,-43.77,30.56,78.78,0,0,0,
2863,92,91,-1.39,-8.28,-5.30,-0.00,-0.02,-0.00,-43.38,30.42,78.50,0,0,0,
2869,92,92,-1.36,-8.30,-5.29,-0.02,-0.02,-0.00,-43.01,30.94,79.23,0,0,0,
2875,92,92,-1.36,-8.30,-5.29,-0.02,-0.02,-0.00,-42.85,30.28,78.97,0,0,0,
2886,91,90,-1.41,-8.12,-5.50,-0.04,-0.02,-0.00,-43.44,30.93,78.62,0,0,0,
2892,91,90,-1.41,-8.12,-5.50,-0.04,-0.02,-0.00,-43.22,30.72,78.72,0,0,0,
2898,91,91,-1.38,-8.21,-5.39,-0.05,-0.02,-0.00,-43.67,31.04,78.43,0,0,0,
2903,91,91,-1.38,-8.21,-5.39,-0.05,-0.02,-0.00,-43.15,30.08,78.91,0,0,0,
2910,90,89,-1.41,-8.08,-5.60,-0.05,-0.02,-0.00,-43.06,30.23,77.77,0,0,0,
2915,90,89,-1.39,-8.07,-5.60,-0.05,-0.02,-0.00,-43.41,30.88,78.90,0,0,0,
2921,90,89,-1.39,-8.07,-5.60,-0.05,-0.02,-0.00,-43.32,30.61,78.85,0,0,0,
2930,89,89,-1.35,-7.99,-5.67,-0.06,-0.01,-0.00,-43.58,30.27,78.76,0,0,0,
2936,88,87,-1.38,-7.82,-6.02,-0.05,-0.01,-0.00,-42.22,30.33,78.76,0,0,0,
2942,87,87,-1.35,-7.74,-6.14,-0.03,-0.01,0.00,-43.10,30.05,78.84,0,0,0,
2948,87,87,-1.35,-7.74,-6.14,-0.03,-0.01,0.00,-43.22,30.53,78.33,0,0,0,
2954,88,88,-1.34,-7.85,-5.95,-0.01,-0.01,0.00,-43.12,30.20,78.59,0,0,0,
2959,88,89,-1.32,-7.91,-5.89,-0.01,-0.01,-0.00,-43.04,30.33,78.81,0,0,0,
2965,88,89,-1.32,-7.91,-5.89,0.00,-0.02,-0.00,-43.07,30.65,78.05,0,0,0,
2975,89,88,-1.42,-7.88,-5.90,0.01,-0.02,0.00,-43.10,30.33,78.08,0,0,0,
2981,89,88,-1.40,-7.95,-5.74,0.02,-0.02,0.00,-42.88,30.40,78.15,0,0,0,
2986,89,88,-1.40,-7.95,-5.72,0.02,-0.02,0.00,-42.94,30.39,77.58,0,0,0,
2992,89,90,-1.34,-8.05,-5.72,0.02,-0.02,0.00,-43.09,30.62,78.84,0,0,0,
2998,89,89,-1.35,-7.95,-5.77,0.03,-0.02,0.00,-43.32,30.25,79.29,0,0,0,
3003,89,89,-1.35,-7.95,-5.77,0.03,-0.02,0.00,-43.34,30.34,78.12,0,0,0,
3009,90,89,-1.41,-8.04,-5.66,0.03,-0.01,0.00,-42.94,30.61,79.11,0,0,0,
3019,90,90,-1.36,-8.06,-5.66,0.03,-0.01,0.00,-43.12,30.15,77.62,0,0,0,
3025,89,89,-1.39,-7.98,-5.76,0.04,-0.01,0.00,-43.60,30.74,78.85,0,0,0,
3030,89,89,-1.39,-7.98,-5.76,0.04,-0.01,0.00,-43.86,30.34,78.91,0,0,0,
3036,90,90,-1.37,-8.07,-5.62,0.04,-0.01,0.00,-43.91,30.82,78.59,0,0,0,
3042,90,90,-1.38,-8.09,-5.59,0.04,-0.01,0.00,-44.10,30.49,77.84,0,0,0,
3048,90,90,-1.38,-8.09,-5.59,0.04,-0.01,0.00,-44.10,31.06,78.62,0,0,0,
3053,89,90,-1.33,-8.03,-5.66,0.04,-0.01,0.00,-43.41,30.04,78.75,0,0,0,
3064,91,90,-1.42,-8.15,-5.50,0.03,-0.01,0.00,-43.41,30.68,77.89,0,0,0,
3070,90,89,-1.40,-8.03,-5.70,0.03,-0.01,0.00,-43.41,30.47,77.73,0,0,0,
3075,90,89,-1.40,-8.03,-5.70,0.03,-0.01,0.00,-43.20,30.94,77.65,0,0,0,
3081,89,90,-1.34,-8.04,-5.69,0.04,-0.01,0.00,-43.66,30.49,76.86,0,0,0,
3087,89,90,-1.34,-8.04,-5.69,0.04,-0.01,0.00,-43.26,30.68,78.21,0,0,0,
3092,91,90,-1.40,-8.13,-5.50,0.04,-0.01,0.00,-43.47,31.19,78.73,0,0,0,
3098,91,91,-1.36,-8.16,-5.49,0.03,-0.01,0.00,-43.64,30.82,77.21,0,0,0,
3104,91,91,-1.36,-8.16,-5.49,0.03,-0.01,0.00,-43.44,30.80,77.77,0,0,0,
3113,90,89,-1.38,-8.04,-5.70,0.03,-0.01,0.00,-43.83,30.75,78.52,0,0,0,
3119,90,90,-1.37,-8.07,-5.61,0.03,-0.01,0.00,-43.66,30.84,78.16,0,0,0,
3125,90,90,-1.38,-8.11,-5.57,0.03,-0.01,0.00,-43.66,30.72,78.53,0,0,0,
3131,90,90,-1.38,-8.11,-5.57,0.03,-0.01,0.00,-43.28,30.72,77.46,0,0,0,
3137,90,90,-1.36,-8.06,-5.61,0.03,-0.01,0.00,-43.09,30.75,77.68,0,0,0,
3142,90,90,-1.36,-8.06,-5.61,0.03,-0.01,0.00,-43.22,30.77,77.26,0,0,0,
3148,91,91,-1.39,-8.19,-5.46,0.03,-0.01,0.00,-43.38,30.99,78.19,0,0,0,
3158,93,92,-1.40,-8.37,-5.22,0.02,-0.01,0.00,-43.55,31.29,79.52,0,0,0,
3164,90,91,-1.31,-8.10,-5.56,0.00,-0.01,0.00,-43.39,31.44,78.12,0,0,0,
3169,90,91,-1.31,-8.10,-5.56,0.00,-0.01,0.00,-43.36,31.34,78.00,0,0,0,
3175,92,91,-1.41,-8.30,-5.27,-0.01,-0.01,0.01,-43.03,31.45,78.53,0,0,0,
3181,92,91,-1.38,-8.28,-5.29,-0.02,-0.01,0.00,-42.91,31.13,78.03,0,0,0,
3186,92,91,-1.38,-8.28,-5.29,-0.02,-0.01,0.00,-43.72,30.82,78.37,0,0,0,
3192,90,90,-1.37,-8.09,-5.63,-0.03,-0.01,0.00,-43.48,31.45,78.09,0,0,0,
3202,91,91,-1.37,-8.19,-5.46,-0.03,-0.01,0.00,-44.05,30.94,78.76,0,0,0,
3207,92,91,-1.39,-8.26,-5.31,-0.03,-0.01,0.00,-43.12,30.84,78.59,0,0,0,
3214,92,91,-1.39,-8.26,-5.31,-0.04,-0.01,0.00,-43.50,31.34,78.62,0,0,0,
3219,91,91,-1.40,-8.21,-5.41,-0.06,-0.02,0.00,-43.48,30.94,81.66,0,0,0,
3225,91,91,-1.40,-8.21,-5.41,-0.06,-0.02,0.00,-42.88,30.80,79.30,0,0,0,
3231,92,91,-1.44,-8.26,-5.35,-0.07,-0.01,0.00,-43.77,30.65,79.19,0,0,0,
3236,92,91,-1.37,-8.27,-5.33,-0.08,-0.01,-0.00,-43.51,30.47,79.10,0,0,0,
3246,92,91,-1.39,-8.25,-5.36,-0.10,-0.01,-0.00,-42.85,30.02,78.22,0,0,0,
3252,92,91,-1.39,-8.25,-5.36,-0.10,-0.01,-0.00,-43.32,30.85,77.77,0,0,0,
3257,90,89,-1.38,-8.04,-5.61,-0.11,-0.02,-0.00,-43.45,30.61,79.16,0,0,0,
3263,87,83,-1.54,-7.55,-6.42,-0.11,-0.02,0.00,-43.04,30.47,78.91,0,0,0,
3268,87,83,-1.54,-7.55,-6.42,-0.10,-0.00,0.00,-43.00,30.36,78.44,0,0,0,
3274,83,84,-1.32,-7.34,-6.59,-0.05,0.02,0.02,-43.10,30.11,79.07,0,0,0,
3280,83,84,-1.32,-7.34,-6.59,-0.05,0.02,0.02,-43.50,30.63,78.34,0,0,0,
3289,85,86,-1.27,-7.58,-6.34,-0.01,0.00,0.01,-42.44,30.53,78.44,0,0,0,
3295,87,88,-1.28,-7.80,-6.02,0.01,-0.01,0.01,-42.96,30.97,78.44,0,0,0,
3301,88,88,-1.33,-7.88,-5.91,0.02,-0.02,-0.00,-42.59,30.68,78.12,0,0,0,
3307,88,88,-1.33,-7.88,-5.91,0.02,-0.02,-0.00,-42.96,30.36,78.97,0,0,0,
3312,86,86,-1.36,-7.64,-6.22,0.03,-0.03,-0.00,-43.35,30.62,78.49,0,0,0,
3318,86,84,-1.48,-7.51,-6.40,0.03,-0.03,0.00,-43.04,30.49,77.95,0,0,0,
3324,86,84,-1.48,-7.51,-6.40,0.06,-0.02,0.00,-43.79,30.43,77.38,0,0,0,
3333,87,87,-1.34,-7.76,-6.09,0.10,-0.00,0.01,-42.49,31.10,77.77,0,0,0,
3339,84,85,-1.35,-7.48,-6.30,0.12,-0.00,0.01,-43.12,30.69,77.32,0,0,0,
3345,76,76,-1.35,-6.56,-7.92,0.12,-0.00,0.01,-43.13,30.46,76.67,0,0,0,
3351,80,73,-1.70,-6.60,-7.92,0.18,-0.00,0.01,-43.34,30.99,77.40,0,0,0,
3356,91,96,-1.08,-8.45,-5.42,0.25,-0.01,0.00,-43.15,30.96,77.67,0,0,0,
3362,91,96,-1.08,-8.45,-5.42,0.25,-0.01,0.00,-43.82,31.18,77.57,0,0,0,
3369,98,99,-1.28,-9.05,-4.25,0.21,-0.04,-0.02,-43.89,31.39,77.95,0,0,0,
3378,100,106,-1.02,-9.49,-3.42,0.12,-0.04,-0.03,-43.55,31.22,77.20,0,0,0,
3384,107,96,-1.96,-9.40,-3.62,0.04,-0.02,-0.01,-43.54,31.37,78.82,0,0,0,
3390,107,96,-1.96,-9.40,-3.62,0.04,-0.02,-0.01,-43.16,31.15,78.22,0,0,0,
3396,97,103,-1.02,-9.21,-3.40,-0.04,-0.01,0.00,-43.23,30.96,78.30,0,0,0,
3401,99,95,-1.60,-8.91,-4.56,-0.12,-0.02,-0.00,-42.87,31.75,78.25,0,0,0,
3407,99,95,-1.60,-8.91,-4.56,-0.12,-0.02,-0.00,-43.55,31.63,78.16,0,0,0,
3413,91,89,-1.52,-8.10,-5.61,-0.15,-0.01,-0.00,-43.63,31.32,78.66,0,0,0,
3559,96,96,-1.34,-8.80,-4.52,0.06,-0.02,-0.01,-43.09,30.69,77.68,0,0,0,
3677,89,89,-1.37,-8.02,-5.72,0.03,-0.01,0.00,-43.45,30.87,78.35,0,0,0,
3683,89,89,-1.37,-8.02,-5.72,0.04,-0.01,0.00,-43.50,30.80,78.06,0,0,0,
3688,91,90,-1.38,-8.16,-5.50,0.04,-0.01,0.00,-43.44,30.69,77.58,0,0,0,
3694,91,90,-1.38,-8.16,-5.50,0.04,-0.01,0.00,-43.98,31.26,77.71,0,0,0,
3700,91,91,-1.37,-8.23,-5.39,0.03,-0.01,0.00,-44.15,31.37,77.96,0,0,0,
3705,90,91,-1.35,-8.15,-5.50,0.02,-0.01,0.00,-43.16,30.56,77.10,0,0,0,
3716,92,90,-1.43,-8.20,-5.39,0.02,-0.01,0.00,-43.44,31.09,76.13,0,0,0,
3722,92,90,-1.43,-8.20,-5.39,0.02,-0.01,0.00,-43.83,31.10,77.16,0,0,0,
3728,91,91,-1.36,-8.18,-5.47,0.01,-0.01,0.00,-43.17,31.18,77.32,0,0,0,
3733,90,90,-1.36,-8.05,-5.68,0.01,-0.01,0.00,-43.89,30.94,77.39,0,0,0,
3739,90,90,-1.36,-8.05,-5.68,0.01,-0.01,0.00,-43.67,30.42,77.19,0,0,0,
3745,89,89,-1.35,-8.01,-5.67,0.01,-0.01,0.01,-43.23,30.28,77.55,0,0,0,
3751,90,89,-1.40,-8.04,-5.65,0.01,-0.00,0.01,-43.38,31.04,77.92,0,0,0,
3760,89,89,-1.37,-8.00,-5.75,0.02,-0.01,0.01,-43.34,31.16,77.05,0,0,0,
3766,89,89,-1.37,-8.00,-5.75,0.02,-0.01,0.01,-43.01,31.22,77.36,0,0,0,
3772,89,90,-1.33,-8.06,-5.64,0.02,-0.01,0.01,-43.41,31.34,77.10,0,0,0,
3778,91,91,-1.38,-8.19,-5.44,0.02,-0.01,0.01,-43.10,31.16,78.78,0,0,0,
3784,91,91,-1.38,-8.19,-5.44,0.02,-0.01,0.01,-43.89,31.54,77.71,0,0,0,
3789,91,91,-1.35,-8.19,-5.45,0.01,-0.01,0.01,-43.25,31.23,76.92,0,0,0,
3795,91,91,-1.35,-8.19,-5.45,0.01,-0.01,0.01,-43.06,30.96,77.13,0,0,0,
3804,91,90,-1.40,-8.14,-5.47,0.01,-0.01,0.01,-43.17,31.38,77.35,0,0,0,
3810,91,90,-1.41,-8.17,-5.45,0.00,-0.01,0.01,-43.16,31.50,77.90,0,0,0,
3816,90,90,-1.40,-8.10,-5.59,-0.00,-0.01,0.01,-42.66,31.60,77.71,0,0,0,
3821,90,90,-1.40,-8.10,-5.59,-0.00,-0.01,0.01,-43.61,31.44,77.83,0,0,0,
3827,90,90,-1.37,-8.09,-5.56,-0.00,-0.01,0.00,-44.05,31.09,77.89,0,0,0,
3834,90,89,-1.41,-8.06,-5.61,-0.00,-0.01,0.00,-44.18,31.06,78.87,0,0,0,
3839,90,89,-1.41,-8.06,-5.61,-0.00,-0.01,0.00,-43.88,31.51,78.76,0,0,0,
3849,90,90,-1.38,-8.07,-5.65,-0.00,-0.01,0.00,-44.23,31.32,77.65,0,0,0,
3855,90,90,-1.35,-8.05,-5.65,0.00,-0.01,0.00,-43.63,31.70,77.21,0,0,0,
3861,90,90,-1.38,-8.10,-5.55,0.00,-0.01,0.00,-44.26,31.44,78.35,0,0,0,
3866,90,90,-1.38,-8.10,-5.55,0.00,-0.01,0.00,-43.67,31.91,77.61,0,0,0,
3872,90,90,-1.37,-8.09,-5.60,-0.00,-0.01,0.00,-43.76,31.77,78.34,0,0,0,
3877,90,90,-1.37,-8.09,-5.60,-0.00,-0.01,0.00,-43.35,31.66,78.33,0,0,0,
3883,90,90,-1.35,-8.08,-5.65,0.00,-0.01,0.00,-43.93,31.48,78.33,0,0,0,
3892,91,89,-1.42,-8.10,-5.55,0.00,-0.01,0.00,-43.67,31.67,78.25,0,0,0,
3898,90,90,-1.35,-8.09,-5.58,-0.00,-0.01,0.00,-43.20,31.51,77.77,0,0,0,
3904,90,90,-1.35,-8.09,-5.58,-0.00,-0.01,0.00,-43.34,31.64,78.21,0,0,0,
3910,90,89,-1.38,-8.06,-5.62,-0.00,-0.01,0.00,-43.12,31.04,77.95,0,0,0,
3916,91,89,-1.42,-8.10,-5.54,-0.00,-0.01,0.00,-43.88,31.31,78.71,0,0,0,
3921,91,89,-1.42,-8.10,-5.54,-0.00,-0.01,0.00,-43.45,31.12,77.80,0,0,0,
3927,90,90,-1.35,-8.08,-5.63,-0.00,-0.01,-0.00,-43.29,31.48,77.76,0,0,0,
3937,90,90,-1.37,-8.07,-5.67,0.00,-0.01,0.00,-43.34,31.07,77.80,0,0,0,
3943,90,90,-1.37,-8.07,-5.67,0.00,-0.01,0.00,-42.84,31.64,77.76,0,0,0,
3948,90,90,-1.37,-8.10,-5.55,0.00,-0.01,0.00,-43.20,31.44,77.81,0,0,0,
3954,90,90,-1.38,-8.12,-5.55,-0.00,-0.01,-0.00,-43.09,31.04,77.90,0,0,0,
3960,90,90,-1.38,-8.12,-5.55,-0.00,-0.01,-0.00,-43.45,31.50,77.30,0,0,0,
3966,90,90,-1.35,-8.10,-5.61,-0.00,-0.01,-0.00,-43.44,31.28,77.65,0,0,0,
3971,91,90,-1.41,-8.14,-5.50,-0.01,-0.01,0.00,-43.04,30.99,78.09,0,0,0,
3982,90,90,-1.38,-8.13,-5.50,-0.01,-0.01,-0.00,-43.26,30.94,78.37,0,0,0,
3988,90,90,-1.38,-8.13,-5.50,-0.01,-0.01,-0.00,-43.82,30.90,77.95,0,0,0,
3994,90,90,-1.36,-8.09,-5.63,-0.01,-0.02,-0.00,-43.89,30.88,77.74,0,0,0,
3999,90,90,-1.40,-8.11,-5.53,-0.01,-0.02,-0.00,-43.29,30.65,77.97,0,0,0,
4005,90,90,-1.40,-8.11,-5.53,-0.01,-0.02,-0.00,-43.34,31.00,77.89,0,0,0,
4011,91,91,-1.37,-8.16,-5.47,-0.02,-0.02,-0.00,-43.19,30.90,77.84,0,0,0,
4017,90,90,-1.37,-8.13,-5.56,-0.02,-0.02,-0.00,-43.50,31.03,77.64,0,0,0,
4026,91,90,-1.40,-8.14,-5.47,-0.02,-0.02,-0.00,-43.93,31.01,77.51,0,0,0,
4032,91,90,-1.40,-8.14,-5.47,-0.03,-0.02,-0.00,-43.53,31.39,77.62,0,0,0,
4038,92,91,-1.43,-8.23,-5.37,-0.04,-0.02,-0.01,-43.42,30.88,78.75,0,0,0,
4044,92,91,-1.43,-8.23,-5.37,-0.04,-0.02,-0.01,-43.72,30.68,77.01,0,0,0,
4049,89,90,-1.29,-8.08,-5.67,-0.04,-0.02,-0.01,-43.80,30.91,77.32,0,0,0,
4055,91,90,-1.39,-8.18,-5.44,-0.04,-0.02,-0.00,-44.12,31.58,78.85,0,0,0,
4061,91,90,-1.39,-8.18,-5.44,-0.04,-0.02,-0.00,-43.47,31.12,77.74,0,0,0,
4070,89,89,-1.39,-8.01,-5.63,-0.05,-0.02,-0.00,-43.60,31.44,78.06,0,0,0,
4076,88,88,-1.37,-7.91,-5.90,-0.04,-0.02,-0.00,-43.69,31.34,77.93,0,0,0,
4082,89,89,-1.34,-8.02,-5.75,-0.03,-0.02,-0.00,-42.97,31.32,77.80,0,0,0,
4088,89,89,-1.34,-8.02,-5.75,-0.03,-0.02,-0.00,-43.28,30.33,77.39,0,0,0,
4093,89,89,-1.36,-7.98,-5.70,-0.03,-0.02,-0.00,-43.45,31.37,77.83,0,0,0,
4099,88,88,-1.36,-7.87,-5.88,-0.03,-0.02,-0.00,-43.63,31.12,77.27,0,0,0,
4105,88,88,-1.38,-7.87,-5.88,-0.02,-0.02,-0.00,-42.85,30.85,76.72,0,0,0,
4115,88,88,-1.37,-7.87,-5.93,-0.01,-0.02,0.00,-43.63,30.78,77.32,0,0,0,
4120,89,89,-1.37,-8.01,-5.69,0.00,-0.02,-0.00,-43.39,31.18,77.43,0,0,0,
4126,89,89,-1.37,-8.01,-5.69,0.00,-0.02,-0.00,-42.82,30.71,77.19,0,0,0,
4132,90,89,-1.37,-8.03,-5.68,0.00,-0.02,-0.00,-43.35,31.18,77.01,0,0,0,
4138,89,88,-1.39,-7.95,-5.84,0.01,-0.02,-0.00,-43.53,30.63,77.32,0,0,0,
4144,89,88,-1.39,-7.95,-5.84,0.01,-0.02,-0.00,-43.53,31.06,77.11,0,0,0,
4150,90,90,-1.38,-8.06,-5.64,0.02,-0.02,0.00,-43.60,30.71,76.57,0,0,0,
4159,90,90,-1.37,-8.08,-5.54,0.02,-0.02,0.00,-44.26,30.82,77.24,0,0,0,
4165,90,90,-1.38,-8.06,-5.70,0.01,-0.02,0.00,-43.73,31.20,76.79,0,0,0,
4171,90,90,-1.38,-8.06,-5.70,0.01,-0.02,0.00,-43.92,30.58,77.05,0,0,0,
4176,90,89,-1.37,-8.05,-5.60,0.02,-0.02,0.00,-43.77,30.43,77.46,0,0,0,
4182,91,90,-1.37,-8.14,-5.54,0.02,-0.02,0.00,-43.44,30.66,78.30,0,0,0,
4188,91,90,-1.38,-8.14,-5.54,0.01,-0.01,0.00,-43.54,30.78,77.70,0,0,0,
4193,89,90,-1.34,-8.03,-5.70,0.01,-0.02,0.00,-43.64,30.50,78.31,0,0,0,
4203,89,89,-1.41,-7.99,-5.71,0.01,-0.01,0.00,-43.86,30.55,77.95,0,0,0,
4208,89,89,-1.41,-7.99,-5.71,0.01,-0.01,0.00,-43.31,31.34,78.49,0,0,0,
4214,89,89,-1.38,-8.02,-5.67,0.02,-0.01,0.00,-43.73,30.63,77.84,0,0,0,
4220,89,89,-1.34,-8.00,-5.78,0.02,-0.01,0.00,-43.63,30.97,77.29,0,0,0,
4225,89,89,-1.34,-8.00,-5.78,0.02,-0.01,0.00,-43.38,30.69,77.48,0,0,0,
4231,89,89,-1.36,-8.04,-5.67,0.03,-0.01,0.00,-43.53,31.23,77.43,0,0,0,
4236,89,89,-1.36,-8.04,-5.67,0.03,-0.01,0.00,-43.85,30.97,77.81,0,0,0,
4246,90,90,-1.35,-8.13,-5.50,0.03,-0.01,0.00,-44.05,31.35,77.43,0,0,0,
4252,90,90,-1.36,-8.08,-5.64,0.02,-0.01,0.00,-43.22,30.93,77.80,0,0,0,
4258,90,90,-1.37,-8.09,-5.60,0.03,-0.01,0.00,-43.25,31.09,78.75,0,0,0,
4263,90,90,-1.37,-8.09,-5.60,0.03,-0.01,0.00,-43.57,31.09,77.02,0,0,0,
4269,91,90,-1.38,-8.18,-5.45,0.02,-0.01,0.00,-43.67,31.28,77.73,0,0,0,
4275,90,90,-1.35,-8.12,-5.56,0.02,-0.01,0.00,-44.24,31.31,77.73,0,0,0,
4281,90,90,-1.35,-8.12,-5.56,0.02,-0.01,0.00,-43.63,30.85,78.25,0,0,0,
4291,91,90,-1.39,-8.16,-5.50,0.01,-0.01,0.01,-43.80,31.20,78.33,0,0,0,
4297,92,90,-1.44,-8.21,-5.40,0.01,-0.01,0.00,-43.48,31.10,78.34,0,0,0,
4303,90,90,-1.34,-8.12,-5.59,0.00,-0.01,0.00,-43.01,30.65,77.76,0,0,0,
4308,90,90,-1.34,-8.12,-5.59,0.00,-0.01,0.00,-43.82,30.87,77.42,0,0,0,
4314,91,90,-1.40,-8.14,-5.51,0.00,-0.01,0.00,-43.67,31.20,77.55,0,0,0,
4320,91,90,-1.40,-8.18,-5.41,0.00,-0.01,0.00,-43.77,31.13,77.99,0,0,0,
4326,91,91,-1.38,-8.18,-5.41,-0.01,-0.01,0.00,-44.20,31.26,78.06,0,0,0,
4335,91,91,-1.38,-8.22,-5.43,-0.02,-0.01,0.00,-43.64,31.44,77.19,0,0,0,
4341,90,90,-1.36,-8.05,-5.64,-0.02,-0.01,0.00,-43.96,31.34,77.93,0,0,0,
4347,90,90,-1.36,-8.05,-5.64,-0.02,-0.01,0.00,-43.76,30.40,77.81,0,0,0,
4353,90,90,-1.39,-8.09,-5.57,-0.02,-0.01,0.00,-43.93,30.46,78.31,0,0,0,
4358,89,90,-1.35,-8.04,-5.66,-0.02,-0.01,0.00,-43.23,30.99,78.52,0,0,0,
4364,89,90,-1.35,-8.04,-5.66,-0.02,-0.01,0.00,-43.77,30.77,78.57,0,0,0,
4370,89,88,-1.40,-7.97,-5.77,-0.02,-0.01,0.00,-43.74,31.32,78.57,0,0,0,
4379,90,90,-1.38,-8.09,-5.61,-0.01,-0.01,0.00,-43.91,31.06,77.58,0,0,0,
4385,90,90,-1.37,-8.09,-5.57,-0.01,-0.01,0.00,-43.31,30.75,77.83,0,0,0,
4391,90,90,-1.37,-8.09,-5.57,-0.01,-0.01,0.00,-43.67,31.10,77.24,0,0,0,
4397,89,89,-1.36,-7.98,-5.77,-0.02,-0.01,0.00,-43.07,30.97,77.57,0,0,0,
4402,89,89,-1.36,-7.98,-5.77,-0.02,-0.01,0.00,-43.57,30.58,78.11,0,0,0,
4408,90,89,-1.42,-8.04,-5.65,-0.01,-0.01,0.00,-43.19,31.10,78.11,0,0,0,
4414,90,90,-1.36,-8.09,-5.58,-0.01,-0.01,0.00,-42.93,31.00,78.62,0,0,0,
4423,89,90,-1.31,-8.04,-5.69,-0.01,-0.01,0.00,-43.73,31.09,79.35,0,0,0,
4429,89,90,-1.31,-8.04,-5.69,-0.01,-0.01,0.00,-43.61,30.12,77.67,0,0,0,
4435,90,89,-1.41,-8.05,-5.64,-0.01,-0.01,0.00,-43.19,31.03,78.27,0,0,0,
4441,91,90,-1.40,-8.12,-5.62,-0.01,-0.01,0.00,-43.25,31.01,78.38,0,0,0,
4447,91,90,-1.40,-8.12,-5.62,-0.01,-0.01,0.00,-43.20,30.68,77.70,0,0,0,
4453,88,89,-1.28,-7.96,-5.70,-0.01,-0.01,0.00,-43.10,31.09,79.19,0,0,0,
4459,88,86,-1.45,-7.76,-6.03,0.00,-0.01,0.01,-43.91,30.50,79.16,0,0,0,
4464,88,86,-1.45,-7.76,-6.03,0.00,-0.01,0.01,-43.55,30.47,78.66,0,0,0,
4473,88,88,-1.35,-7.92,-5.86,0.02,-0.00,0.01,-43.88,30.63,77.97,0,0,0,
4479,89,90,-1.32,-8.06,-5.73,0.03,-0.01,0.00,-43.58,30.25,78.27,0,0,0,
4485,89,90,-1.32,-8.06,-5.73,0.03,-0.01,0.00,-43.76,30.72,78.85,0,0,0,
4490,91,90,-1.40,-8.11,-5.52,0.03,-0.01,0.00,-43.99,30.72,78.38,0,0,0,
4496,92,91,-1.40,-8.24,-5.33,0.02,-0.01,0.00,-43.15,30.68,78.35,0,0,0,
4502,92,91,-1.40,-8.24,-5.33,0.02,-0.01,0.00,-43.32,31.06,78.41,0,0,0,
4508,90,89,-1.38,-8.05,-5.64,0.01,-0.01,0.00,-43.74,30.80,78.09,0,0,0,
4517,91,90,-1.41,-8.13,-5.55,0.01,-0.01,0.00,-43.20,30.74,78.44,0,0,0,
4523,91,91,-1.38,-8.20,-5.49,0.01,-0.01,0.00,-43.45,31.20,77.35,0,0,0,
4528,91,91,-1.38,-8.20,-5.49,0.01,-0.01,0.00,-44.33,31.20,77.78,0,0,0,
4534,91,90,-1.38,-8.15,-5.52,0.00,-0.02,-0.00,-43.79,30.80,77.68,0,0,0,
4540,91,90,-1.38,-8.15,-5.52,0.00,-0.02,-0.00,-43.64,30.58,77.24,0,0,0,
4545,91,90,-1.39,-8.14,-5.47,-0.00,-0.01,0.00,-43.67,30.77,77.65,0,0,0,
4551,90,89,-1.40,-8.09,-5.59,-0.01,-0.01,-0.00,-43.20,30.58,77.01,0,0,0,
4560,89,89,-1.34,-8.01,-5.76,-0.01,-0.01,0.00,-43.51,31.25,77.59,0,0,0,
4566,89,89,-1.34,-8.01,-5.76,-0.01,-0.01,0.00,-43.01,31.48,78.44,0,0,0,
4572,89,89,-1.37,-7.95,-5.78,-0.00,-0.01,0.00,-43.28,31.42,77.26,0,0,0,
4577,89,89,-1.37,-8.02,-5.67,-0.00,-0.01,0.00,-43.26,31.28,78.24,0,0,0,
4583,90,89,-1.40,-8.02,-5.67,0.00,-0.02,-0.00,-43.58,30.96,77.87,0,0,0,
4589,89,89,-1.34,-8.02,-5.69,0.01,-0.02,-0.00,-43.51,30.90,78.05,0,0,0,
4594,89,89,-1.34,-8.02,-5.69,0.01,-0.02,-0.00,-43.04,31.10,78.19,0,0,0,
4604,90,89,-1.43,-8.07,-5.61,0.01,-0.02,-0.00,-43.13,30.99,77.71,0,0,0,
4610,90,90,-1.36,-8.13,-5.51,0.01,-0.01,-0.00,-42.63,30.87,77.29,0,0,0,
4616,90,90,-1.37,-8.08,-5.64,0.00,-0.02,-0.00,-42.69,31.51,77.86,0,0,0,
4622,90,90,-1.37,-8.08,-5.64,0.00,-0.02,-0.00,-42.90,31.41,78.05,0,0,0,
4628,90,90,-1.38,-8.08,-5.64,0.01,-0.02,-0.00,-43.69,31.34,77.87,0,0,0,
4633,90,90,-1.37,-8.11,-5.53,0.00,-0.02,-0.00,-43.64,31.75,78.12,0,0,0,
4639,90,90,-1.37,-8.11,-5.53,0.00,-0.02,-0.00,-43.00,31.63,77.78,0,0,0,
4649,90,89,-1.36,-8.04,-5.65,0.00,-0.02,-0.00,-42.98,30.84,77.65,0,0,0,
4655,89,89,-1.37,-7.99,-5.75,0.00,-0.02,-0.00,-42.68,30.15,77.21,0,0,0,
4660,90,89,-1.37,-8.04,-5.64,0.00,-0.02,-0.00,-43.57,30.77,77.20,0,0,0,
4666,90,89,-1.37,-8.04,-5.64,0.01,-0.02,-0.00,-43.96,30.43,78.22,0,0,0,
4672,90,89,-1.39,-8.06,-5.66,0.01,-0.02,-0.00,-43.53,30.77,78.27,0,0,0,
4677,90,89,-1.39,-8.06,-5.66,0.01,-0.02,-0.00,-43.57,31.13,78.28,0,0,0,
4683,90,90,-1.36,-8.05,-5.68,0.01,-0.02,-0.00,-43.48,29.85,78.12,0,0,0,
4693,90,90,-1.38,-8.07,-5.61,0.01,-0.02,-0.00,-43.42,30.80,77.14,0,0,0,
4699,91,91,-1.36,-8.15,-5.50,0.01,-0.02,-0.00,-43.19,30.82,77.92,0,0,0,
4704,91,91,-1.36,-8.15,-5.50,0.01,-0.02,-0.00,-43.39,30.82,77.33,0,0,0,
4710,90,90,-1.38,-8.07,-5.65,0.01,-0.02,-0.00,-43.13,30.58,77.90,0,0,0,
4716,90,90,-1.36,-8.09,-5.58,0.01,-0.02,-0.00,-42.88,31.38,77.65,0,0,0,
4722,90,90,-1.36,-8.09,-5.58,0.01,-0.02,-0.00,-43.13,31.64,77.55,0,0,0,
4727,91,91,-1.36,-8.23,-5.39,0.01,-0.02,0.00,-43.73,30.74,77.90,0,0,0,
4737,90,90,-1.38,-8.09,-5.59,0.00,-0.01,0.00,-43.32,30.81,77.55,0,0,0,
4743,90,90,-1.38,-8.09,-5.49,0.00,-0.01,0.00,-43.09,30.78,77.64,0,0,0,
4748,91,90,-1.40,-8.15,-5.49,-0.00,-0.01,0.00,-43.45,31.45,77.07,0,0,0,
4755,90,89,-1.45,-8.05,-5.61,-0.01,-0.01,-0.00,-43.28,30.69,77.92,0,0,0,
4761,90,89,-1.45,-8.05,-5.61,-0.01,-0.01,-0.00,-43.50,30.96,77.59,0,0,0,
4766,90,90,-1.35,-8.07,-5.66,-0.01,-0.02,-0.00,-42.81,30.90,78.15,0,0,0,
4772,90,91,-1.33,-8.15,-5.45,-0.01,-0.02,-0.01,-42.97,30.85,79.70,0,0,0,
4782,90,90,-1.37,-8.13,-5.47,-0.01,-0.02,-0.00,-42.82,31.35,77.86,0,0,0,
4788,90,90,-1.37,-8.13,-5.47,-0.01,-0.02,-0.00,-43.25,30.63,77.36,0,0,0,
4793,89,90,-1.35,-8.04,-5.72,-0.02,-0.01,0.00,-42.91,30.85,77.42,0,0,0,
4799,89,89,-1.37,-7.97,-5.78,-0.01,-0.01,0.00,-43.16,30.91,77.64,0,0,0,
4805,89,89,-1.37,-7.97,-5.78,-0.01,-0.01,0.00,-42.79,30.99,78.18,0,0,0,
4811,88,89,-1.31,-7.93,-5.81,-0.00,-0.01,0.00,-43.25,30.87,77.96,0,0,0,
4816,88,89,-1.31,-7.93,-5.84,-0.00,-0.01,0.00,-42.72,31.10,77.57,0,0,0,
4826,88,88,-1.41,-7.87,-5.92,0.00,-0.01,0.00,-42.84,31.25,78.25,0,0,0,
4832,88,88,-1.41,-7.87,-5.92,0.02,-0.01,0.00,-43.12,30.91,78.43,0,0,0,
4838,89,88,-1.41,-7.98,-5.75,0.03,-0.01,0.00,-43.35,31.48,78.33,0,0,0,
4843,89,88,-1.41,-7.98,-5.75,0.03,-0.01,0.00,-43.03,31.50,77.86,0,0,0,
4849,89,90,-1.33,-8.03,-5.71,0.03,-0.01,0.00,-43.38,31.23,78.43,0,0,0,
4855,90,89,-1.38,-8.05,-5.65,0.04,-0.01,0.00,-43.35,31.13,78.81,0,0,0,
4861,90,89,-1.38,-8.05,-5.65,0.04,-0.01,0.00,-43.67,31.10,78.33,0,0,0,
4870,91,90,-1.40,-8.14,-5.47,0.04,-0.01,0.00,-43.48,31.26,77.51,0,0,0,
4876,91,91,-1.35,-8.18,-5.48,0.03,-0.01,0.00,-43.01,31.44,78.11,0,0,0,
4881,90,90,-1.34,-8.11,-5.58,0.03,-0.01,0.00,-43.32,30.94,76.94,0,0,0,
4887,90,90,-1.34,-8.11,-5.58,0.03,-0.01,0.00,-43.95,31.09,77.97,0,0,0,
4893,91,90,-1.37,-8.16,-5.46,0.03,-0.01,0.00,-43.60,31.29,77.76,0,0,0,
4898,91,90,-1.37,-8.16,-5.46,0.03,-0.01,0.00,-43.79,31.26,78.16,0,0,0,
4904,90,90,-1.38,-8.10,-5.55,0.02,-0.01,0.00,-43.19,31.95,77.45,0,0,0,
4914,90,89,-1.37,-8.04,-5.70,0.02,-0.01,0.00,-43.34,31.56,77.17,0,0,0,
4920,91,90,-1.39,-8.12,-5.54,0.02,-0.01,0.00,-42.96,31.53,77.16,0,0,0,
4924,91,90,-1.39,-8.12,-5.54,0.02,-0.01,0.00,-43.77,31.09,78.73,0,0,0,
4930,91,90,-1.41,-8.17,-5.45,0.02,-0.01,0.00,-43.28,31.20,76.98,0,0,0,
4935,91,90,-1.41,-8.17,-5.45,0.02,-0.01,0.00,-43.73,31.28,77.97,0,0,0,
4941,90,90,-1.36,-8.10,-5.58,0.01,-0.01,0.00,-43.45,31.19,78.50,0,0,0,
4947,91,91,-1.38,-8.22,-5.39,0.01,-0.01,0.00,-43.19,31.79,78.40,0,0,0,
4956,91,91,-1.38,-8.18,-5.44,0.00,-0.01,0.00,-43.83,31.31,78.38,0,0,0,
4962,91,91,-1.38,-8.18,-5.44,0.00,-0.01,0.00,-43.38,31.31,74.99,0,0,0,
4968,90,90,-1.36,-8.08,-5.61,-0.00,-0.01,0.00,-42.91,31.89,78.78,0,0,0,
4973,90,90,-1.39,-8.10,-5.56,-0.00,-0.01,0.00,-42.69,31.35,77.99,0,0,0,
4979,90,90,-1.39,-8.10,-5.56,-0.00,-0.01,0.00,-43.29,31.64,77.54,0,0,0,
4985,91,90,-1.39,-8.14,-5.51,-0.00,-0.01,0.00,-43.91,31.53,78.27,0,0,0,
4991,91,90,-1.39,-8.14,-5.51,-0.00,-0.01,0.00,-43.32,31.67,78.78,0,0,0,
5000,90,89,-1.38,-8.06,-5.67,-0.00,-0.01,0.00,-42.97,31.69,77.81,0,0,0,
5006,90,90,-1.36,-8.06,-5.61,-0.00,-0.01,0.00,-43.26,31.22,79.06,0,0,0,
5012,91,90,-1.42,-8.11,-5.56,-0.00,-0.01,0.00,-43.25,31.64,79.03,0,0,0,
5018,91,90,-1.42,-8.11,-5.56,-0.00,-0.01,0.00,-42.98,31.53,78.63,0,0,0,
5023,89,89,-1.39,-8.01,-5.72,-0.00,-0.01,0.00,-43.10,31.01,78.08,0,0,0,
5029,90,90,-1.36,-8.12,-5.58,0.00,-0.01,0.00,-43.41,31.25,78.46,0,0,0,
5035,90,90,-1.36,-8.12,-5.58,0.00,-0.01,0.00,-43.50,31.54,77.59,0,0,0,
5044,91,90,-1.40,-8.17,-5.46,-0.00,-0.01,0.00,-43.88,31.28,78.35,0,0,0,
5050,90,90,-1.33,-8.09,-5.62,-0.01,-0.01,0.00,-42.93,31.16,78.24,0,0,0,
5056,90,89,-1.38,-8.06,-5.63,-0.01,-0.01,0.00,-43.10,31.19,78.69,0,0,0,
5062,90,89,-1.38,-8.06,-5.63,-0.00,-0.01,0.00,-43.44,30.88,78.00,0,0,0,
5068,90,90,-1.38,-8.08,-5.57,-0.00,-0.01,0.00,-43.99,31.53,77.96,0,0,0,
5074,90,90,-1.38,-8.08,-5.67,-0.00,-0.01,0.00,-43.50,31.03,77.51,0,0,0,
5080,90,90,-1.37,-8.08,-5.67,-0.00,-0.01,0.00,-43.15,30.75,77.76,0,0,0,
5089,90,89,-1.43,-8.04,-5.61,-0.00,-0.02,-0.00,-43.07,30.36,78.72,0,0,0,
5095,90,92,-1.26,-8.24,-5.37,-0.01,-0.02,-0.00,-43.58,31.07,77.24,0,0,0,
5101,90,92,-1.26,-8.24,-5.37,-0.01,-0.02,-0.00,-43.12,30.99,78.12,0,0,0,
5106,90,89,-1.41,-8.04,-5.64,-0.01,-0.02,0.00,-43.48,31.48,77.83,0,0,0,
5112,90,90,-1.35,-8.08,-5.66,-0.01,-0.01,0.00,-43.04,31.19,77.20,0,0,0,
5118,90,90,-1.35,-8.08,-5.66,-0.01,-0.01,0.00,-43.17,30.94,77.99,0,0,0,
5124,89,89,-1.36,-7.96,-5.76,-0.01,-0.01,0.00,-43.01,31.09,77.99,0,0,0,
5133,88,88,-1.38,-7.88,-5.92,0.00,-0.02,0.00,-43.12,30.50,77.71,0,0,0,
5139,88,87,-1.42,-7.85,-5.93,0.00,-0.02,-0.00,-42.94,30.97,79.57,0,0,0,
5145,88,87,-1.42,-7.85,-5.93,0.02,-0.02,-0.00,-42.90,30.63,78.79,0,0,0,
5150,90,89,-1.42,-8.01,-5.71,0.03,-0.02,0.00,-43.03,30.69,79.42,0,0,0,
5156,90,89,-1.42,-8.01,-5.71,0.03,-0.02,0.00,-42.85,30.71,77.45,0,0,0,
5162,90,89,-1.39,-8.07,-5.68,0.03,-0.02,-0.00,-42.91,30.96,77.65,0,0,0,
5168,89,90,-1.31,-8.03,-5.76,0.04,-0.02,-0.00,-43.51,31.16,77.86,0,0,0,
5177,90,90,-1.40,-8.10,-5.49,0.04,-0.02,-0.00,-43.01,31.58,78.59,0,0,0,
5183,90,90,-1.40,-8.10,-5.49,0.04,-0.02,-0.00,-43.28,31.69,78.88,0,0,0,
5189,91,91,-1.35,-8.20,-5.44,0.03,-0.01,-0.00,-43.03,31.58,78.43,0,0,0,
5195,92,91,-1.39,-8.29,-5.37,0.02,-0.02,-0.01,-43.38,31.22,78.92,0,0,0,
5200,92,91,-1.39,-8.29,-5.37,0.02,-0.02,-0.01,-43.17,31.28,79.23,0,0,0,
5206,93,93,-1.38,-8.42,-5.06,0.01,-0.02,-0.01,-43.31,31.39,79.20,0,0,0,
5212,93,92,-1.38,-8.37,-5.14,0.01,-0.02,-0.01,-43.69,31.95,78.57,0,0,0,
5222,92,92,-1.32,-8.31,-5.26,-0.03,-0.02,-0.00,-43.64,31.45,79.79,0,0,0,
5228,92,92,-1.32,-8.31,-5.26,-0.03,-0.02,-0.00,-42.94,31.04,79.45,0,0,0,
5233,90,89,-1.39,-8.05,-5.62,-0.04,-0.02,-0.00,-43.58,31.01,78.05,0,0,0,
5239,90,89,-1.39,-8.05,-5.62,-0.04,-0.02,-0.00,-42.84,31.18,79.09,0,0,0,
5245,89,89,-1.38,-8.01,-5.77,-0.03,-0.02,-0.00,-42.82,31.38,78.41,0,0,0,
5250,86,87,-1.29,-7.74,-6.13,-0.02,-0.02,-0.00,-43.00,31.15,78.18,0,0,0,
5256,86,87,-1.29,-7.74,-6.13,-0.02,-0.02,-0.00,-42.71,31.34,77.77,0,0,0,
5265,89,87,-1.46,-7.83,-5.95,0.00,-0.02,-0.00,-42.94,31.03,77.84,0,0,0,
5271,92,90,-1.46,-8.22,-5.36,0.01,-0.02,-0.01,-43.10,31.31,78.22,0,0,0,
5277,90,92,-1.29,-8.20,-5.45,-0.31,-0.03,-0.01,-43.03,30.99,78.12,0,0,0,
5283,90,92,-1.29,-8.20,-5.45,-0.00,-0.03,-0.01,-42.66,30.96,78.31,0,0,0,
5288,93,92,-1.44,-8.35,-5.22,-0.01,-0.03,-0.01,-43.34,31.04,78.22,0,0,0,
5294,93,92,-1.44,-8.35,-5.22,-0.01,-0.03,-0.01,-43.28,31.15,79.55,0,0,0,
5299,92,93,-1.35,-8.37,-5.12,-0.03,-0.02,-0.01,-43.63,31.01,77.99,0,0,0,
5309,93,92,-1.41,-8.33,-5.24,-0.05,-0.03,-0.01,-43.25,31.48,78.14,0,0,0,
5315,91,92,-1.33,-8.24,-5.30,-0.07,-0.03,-0.01,-43.17,30.82,77.93,0,0,0,
5320,91,92,-1.33,-8.24,-5.30,-0.07,-0.03,-0.01,-43.48,31.03,78.19,0,0,0,
5326,90,90,-1.40,-8.10,-5.55,-0.08,-0.02,-0.01,-43.86,30.91,77.57,0,0,0,
5332,90,90,-1.36,-8.07,-5.68,-0.08,-0.02,-0.01,-44.02,30.66,77.54,0,0,0,
5338,90,90,-1.36,-8.07,-5.68,-0.08,-0.02,-0.01,-43.91,30.96,77.71,0,0,0,
5343,88,88,-1.37,-7.91,-5.90,-0.07,-0.02,-0.00,-43.42,31.01,77.32,0,0,0,
5353,87,86,-1.41,-7.70,-6.14,-0.06,-0.02,-0.00,-43.82,31.28,77.04,0,0,0,
5359,87,86,-1.41,-7.70,-6.42,-0.06,-0.02,-0.00,-43.32,31.67,76.89,0,0,0,
5365,85,85,-1.35,-7.52,-6.42,-0.03,-0.01,0.00,-44.01,31.60,77.10,0,0,0,
5371,87,87,-1.32,-7.76,-6.10,0.00,-0.01,0.00,-43.16,31.32,76.57,0,0,0,
5377,87,87,-1.32,-7.76,-6.10,0.00,-0.01,0.00,-43.85,31.03,77.99,0,0,0,
5383,87,88,-1.31,-7.83,-5.96,0.02,-0.02,-0.00,-43.20,30.81,77.54,0,0,0,
5388,91,89,-1.43,-8.11,-5.61,0.03,-0.02,-0.00,-43.85,31.41,77.59,0,0,0,
5398,89,91,-1.28,-8.09,-5.60,0.03,-0.02,0.00,-43.04,31.23,77.76,0,0,0,
5404,89,91,-1.28,-8.09,-5.60,0.03,-0.02,0.00,-42.87,31.22,78.28,0,0,0,
5409,92,90,-1.47,-8.24,-5.33,0.03,-0.02,0.00,-43.16,31.18,78.88,0,0,0,
5415,92,92,-1.37,-8.33,-5.22,0.01,-0.01,0.00,-43.41,31.35,77.58,0,0,0,
5421,92,92,-1.37,-8.33,-5.22,0.01,-0.01,0.00,-43.23,31.56,76.64,0,0,0,
5427,91,91,-1.35,-8.23,-5.38,-0.00,-0.02,0.00,-42.88,31.39,77.01,0,0,0,
5432,91,91,-1.35,-8.23,-5.38,-0.00,-0.02,0.00,-43.96,30.94,77.73,0,0,0,
5442,91,90,-1.42,-8.19,-5.47,-0.01,-0.01,0.00,-43.55,31.23,77.68,0,0,0,
5448,91,91,-1.34,-8.19,-5.47,-0.02,-0.01,0.00,-42.55,31.67,77.99,0,0,0,
5453,88,88,-1.36,-7.85,-5.99,-0.02,-0.01,0.00,-43.00,31.23,77.80,0,0,0,
5459,88,88,-1.36,-7.85,-5.99,-0.02,-0.01,0.00,-42.74,31.56,78.18,0,0,0,
5465,89,88,-1.40,-7.90,-5.86,-0.01,-0.01,0.01,-43.35,31.80,77.95,0,0,0,
5471,89,89,-1.34,-7.95,-5.79,-0.00,-0.01,0.00,-42.81,32.01,77.33,0,0,0,
5476,89,89,-1.34,-7.95,-5.79,-0.00,-0.01,0.00,-43.04,31.67,77.84,0,0,0,
5486,88,88,-1.36,-7.87,-5.92,0.01,-0.02,0.00,-43.47,31.86,76.95,0,0,0,
5492,90,90,-1.41,-8.10,-5.60,0.01,-0.02,0.00,-43.17,31.41,77.42,0,0,0,
5498,90,90,-1.37,-8.10,-5.56,0.01,-0.01,0.00,-43.99,31.20,77.00,0,0,0,
5503,90,90,-1.37,-8.10,-5.56,0.01,-0.01,0.00,-42.81,31.88,77.36,0,0,0,
5509,90,90,-1.38,-8.13,-5.54,0.01,-0.01,0.00,-43.23,31.47,77.26,0,0,0,
5515,90,90,-1.38,-8.13,-5.54,0.01,-0.01,0.00,-43.58,31.70,76.83,0,0,0,
5521,91,90,-1.37,-8.16,-5.48,0.01,-0.01,0.00,-43.79,31.47,77.45,0,0,0,
5531,91,91,-1.37,-8.17,-5.43,0.00,-0.01,0.00,-42.81,31.96,77.77,0,0,0,
5537,90,90,-1.36,-8.13,-5.58,-0.01,-0.01,0.00,-43.15,31.23,76.38,0,0,0,
5543,90,90,-1.36,-8.13,-5.70,-0.01,-0.01,0.00,-43.28,31.53,77.59,0,0,0,
5548,89,89,-1.35,-8.01,-5.70,-0.01,-0.01,0.00,-43.20,31.54,78.16,0,0,0,
5554,90,89,-1.42,-8.08,-5.57,-0.00,-0.01,0.01,-44.17,31.72,77.86,0,0,0,
5560,90,89,-1.42,-8.08,-5.57,-0.00,-0.01,0.01,-43.53,31.58,77.93,0,0,0,
5566,89,89,-1.36,-7.99,-5.75,-0.00,-0.01,0.00,-43.58,31.88,77.39,0,0,0,
5575,89,88,-1.37,-7.94,-5.84,0.00,-0.01,0.00,-43.74,30.81,76.76,0,0,0,
5581,90,90,-1.37,-8.08,-5.61,0.01,-0.01,0.01,-43.53,31.15,77.65,0,0,0,
5586,90,90,-1.37,-8.08,-5.61,0.01,-0.01,0.01,-43.72,31.09,76.98,0,0,0,
5592,90,89,-1.40,-8.04,-5.66,0.01,-0.01,0.01,-43.32,30.90,77.02,0,0,0,
5598,90,89,-1.40,-8.04,-5.66,0.01,-0.01,0.01,-43.55,31.50,77.27,0,0,0,
5603,89,88,-1.40,-7.93,-5.83,0.01,-0.01,0.00,-44.36,31.39,78.52,0,0,0,
5609,90,90,-1.38,-8.09,-5.58,0.02,-0.01,0.01,-43.99,31.10,77.16,0,0,0,
5618,90,90,-1.38,-8.13,-5.53,0.02,-0.01,0.00,-43.79,31.53,77.61,0,0,0,
5624,90,90,-1.38,-8.13,-5.53,0.02,-0.01,0.00,-43.35,31.45,77.67,0,0,0,
5630,90,89,-1.38,-8.03,-5.69,0.01,-0.01,0.00,-43.63,31.56,78.09,0,0,0,
5635,91,90,-1.41,-8.12,-5.51,0.01,-0.01,0.01,-43.41,31.16,76.98,0,0,0,
5641,91,90,-1.41,-8.12,-5.51,0.01,-0.01,0.01,-43.80,31.35,77.27,0,0,0,
5647,91,91,-1.39,-8.18,-5.46,0.01,-0.01,0.00,-44.11,31.58,77.76,0,0,0,
5652,91,91,-1.39,-8.18,-5.46,0.01,-0.01,0.00,-43.83,31.26,77.86,0,0,0,
5662,90,90,-1.34,-8.06,-5.67,0.00,-0.01,0.00,-43.86,31.19,77.26,0,0,0,
5668,90,89,-1.39,-8.06,-5.60,0.00,-0.01,0.00,-44.14,31.22,77.20,0,0,0,
5674,90,90,-1.38,-8.09,-5.54,0.00,-0.01,0.00,-43.20,31.60,78.49,0,0,0,
5680,90,90,-1.38,-8.09,-5.54,0.00,-0.01,0.00,-43.89,31.41,77.95,0,0,0,
5686,89,89,-1.36,-8.03,-5.70,0.00,-0.01,0.00,-43.25,31.63,78.44,0,0,0,
5691,90,90,-1.39,-8.09,-5.59,0.01,-0.01,0.00,-43.32,30.96,77.90,0,0,0,
5697,90,90,-1.39,-8.09,-5.59,0.01,-0.01,0.00,-43.51,31.92,78.71,0,0,0,
5703,90,90,-1.35,-8.14,-5.51,0.00,-0.01,0.00,-43.82,31.44,78.08,0,0,0,
5712,90,90,-1.35,-8.05,-5.65,-0.00,-0.01,0.00,-43.66,31.32,78.47,0,0,0,
5718,90,89,-1.42,-8.03,-5.66,0.00,-0.01,0.00,-44.29,31.83,78.35,0,0,0,
5724,90,89,-1.42,-8.03,-5.66,0.00,-0.01,0.00,-43.34,31.45,79.13,0,0,0,
5730,90,90,-1.38,-8.13,-5.54,0.00,-0.01,0.00,-43.76,31.39,77.74,0,0,0,
5736,90,90,-1.38,-8.13,-5.54,0.00,-0.01,0.00,-43.34,31.72,78.22,0,0,0,
5741,90,90,-1.36,-8.06,-5.67,-0.00,-0.01,-0.00,-43.98,30.93,78.09,0,0,0,
5747,89,89,-1.37,-8.02,-5.69,0.00,-0.01,0.00,-43.73,31.23,78.21,0,0,0,
5756,90,89,-1.39,-8.05,-5.59,0.00,-0.01,0.00,-43.57,31.25,78.72,0,0,0,
5762,90,89,-1.39,-8.05,-5.59,0.00,-0.01,0.00,-43.79,31.29,79.07,0,0,0,
5768,89,88,-1.39,-7.95,-5.76,0.00,-0.02,-0.00,-43.39,30.84,78.65,0,0,0,
5774,90,90,-1.34,-8.13,-5.59,0.01,-0.01,0.00,-43.13,31.45,77.48,0,0,0,
5780,90,90,-1.34,-8.13,-5.59,0.01,-0.01,0.00,-43.32,31.13,78.00,0,0,0,
5785,91,91,-1.40,-8.21,-5.39,0.01,-0.01,-0.00,-44.10,31.75,77.99,0,0,0,
5791,91,91,-1.40,-8.21,-5.61,0.01,-0.01,-0.00,-43.22,31.50,77.80,0,0,0,
5801,89,90,-1.30,-8.05,-5.67,-0.00,-0.02,-0.00,-43.20,31.03,78.38,0,0,0,
5807,90,89,-1.40,-8.05,-5.67,-0.00,-0.02,0.00,-43.61,31.09,77.26,0,0,0,
5812,90,89,-1.44,-8.06,-5.66,-0.00,-0.02,-0.00,-43.39,31.48,76.97,0,0,0,
5818,90,89,-1.44,-8.06,-5.66,-0.00,-0.02,-0.00,-43.55,31.25,78.11,0,0,0,
5824,90,89,-1.38,-8.05,-5.66,0.00,-0.02,-0.00,-42.93,31.85,77.20,0,0,0,
5830,90,89,-1.42,-8.04,-5.64,0.00,-0.02,-0.00,-43.04,30.78,78.08,0,0,0,
5836,90,89,-1.42,-8.04,-5.64,0.00,-0.02,-0.00,-43.20,31.61,77.61,0,0,0,
5845,90,90,-1.39,-8.10,-5.54,0.00,-0.02,-0.00,-43.48,31.69,77.46,0,0,0,
5851,90,90,-1.38,-8.10,-5.55,-0.00,-0.02,-0.00,-43.45,30.82,77.21,0,0,0,
5857,90,90,-1.36,-8.05,-5.69,-0.01,-0.02,-0.01,-43.95,30.96,77.62,0,0,0,
5863,90,90,-1.36,-8.05,-5.69,-0.01,-0.02,-0.01,-43.55,31.37,77.96,0,0,0,
5869,90,90,-1.34,-8.09,-5.59,-0.00,-0.02,-0.00,-43.09,31.22,77.32,0,0,0,
5874,90,90,-1.36,-8.10,-5.53,-0.00,-0.02,-0.00,-43.03,31.63,78.65,0,0,0,
5880,90,90,-1.36,-8.10,-5.53,-0.01,-0.02,-0.00,-42.62,31.29,78.02,0,0,0,
5890,89,89,-1.35,-8.02,-5.69,-0.01,-0.02,-0.00,-43.47,31.63,77.49,0,0,0,
5896,90,89,-1.41,-8.09,-5.60,-0.00,-0.02,-0.00,-43.39,31.89,77.40,0,0,0,
5901,90,89,-1.41,-8.09,-5.49,-0.00,-0.02,-0.00,-43.01,31.94,81.83,0,0,0,
5907,91,90,-1.40,-8.19,-5.49,-0.01,-0.02,-0.00,-43.22,31.54,77.95,0,0,0,
5913,89,89,-1.37,-8.01,-5.72,-0.01,-0.02,-0.00,-43.61,31.57,78.05,0,0,0,
5919,89,89,-1.37,-8.01,-5.72,-0.01,-0.02,-0.00,-42.63,31.29,78.47,0,0,0,
5924,89,89,-1.38,-8.01,-5.69,-0.01,-0.02,-0.00,-43.28,31.51,76.81,0,0,0,
5934,90,89,-1.37,-8.04,-5.65,-0.01,-0.02,-0.00,-43.12,31.07,77.54,0,0,0,
5940,88,88,-1.35,-7.91,-5.87,-0.00,-0.01,-0.00,-43.00,31.29,77.83,0,0,0,
5945,88,88,-1.35,-7.91,-5.87,-0.00,-0.01,-0.00,-42.66,31.28,77.52,0,0,0,
5951,89,89,-1.38,-7.99,-5.73,0.01,-0.02,-0.00,-43.15,30.88,76.94,0,0,0,
5956,89,89,-1.38,-7.99,-5.73,0.01,-0.02,-0.00,-43.42,31.23,77.83,0,0,0,
5962,90,90,-1.37,-8.09,-5.55,0.01,-0.02,-0.00,-43.16,30.68,77.57,0,0,0,
5971,90,90,-1.32,-8.08,-5.62,0.01,-0.02,-0.00,-43.38,31.13,77.33,0,0,0,
5977,91,89,-1.43,-8.11,-5.57,0.01,-0.02,-0.00,-43.85,31.66,77.71,0,0,0,
5984,91,89,-1.43,-8.11,-5.57,0.01,-0.02,-0.00,-43.00,31.31,77.92,0,0,0,
5989,90,91,-1.33,-8.17,-5.50,0.00,-0.01,-0.00,-43.16,31.15,76.72,0,0,0,
5995,90,90,-1.37,-8.09,-5.62,-0.00,-0.02,0.00,-43.69,30.97,76.94,0,0,0,
6001,90,90,-1.37,-8.09,-5.62,-0.00,-0.02,0.00,-43.26,31.37,78.37,0,0,0,
6006,90,89,-1.42,-8.06,-5.58,-0.00,-0.01,0.00,-43.72,31.32,77.16,0,0,0,
6016,90,90,-1.36,-8.05,-5.64,-0.00,-0.01,0.00,-43.35,30.93,78.00,0,0,0,
6021,89,89,-1.36,-7.99,-5.77,-0.00,-0.01,0.00,-43.61,31.00,77.01,0,0,0,
6027,89,89,-1.36,-7.99,-5.77,-0.00,-0.01,0.00,-43.63,31.00,76.95,0,0,0,
6033,88,89,-1.33,-7.95,-5.73,0.00,-0.01,0.00,-43.72,31.32,78.65,0,0,0,
6039,88,89,-1.33,-7.95,-5.73,0.00,-0.01,0.00,-43.54,30.96,76.21,0,0,0,
6044,90,90,-1.38,-8.12,-5.55,0.01,-0.01,0.00,-43.80,30.63,77.17,0,0,0,
6050,89,90,-1.32,-8.08,-5.65,0.00,-0.01,0.00,-43.17,31.29,77.93,0,0,0,
6056,89,90,-1.32,-8.08,-5.65,0.00,-0.01,0.00,-43.86,31.00,77.33,0,0,0,
6065,91,89,-1.43,-8.08,-5.63,0.00,-0.02,0.00,-43.20,31.26,77.38,0,0,0,
6071,90,90,-1.36,-8.09,-5.56,0.00,-0.01,0.00,-43.32,30.93,77.39,0,0,0,
6077,90,90,-1.39,-8.07,-5.64,0.00,-0.01,0.00,-43.48,30.66,77.81,0,0,0,
6083,90,90,-1.39,-8.07,-5.64,0.00,-0.01,0.00,-43.85,31.20,76.69,0,0,0,
6089,90,89,-1.38,-8.03,-5.63,0.00,-0.01,0.00,-43.28,31.06,78.15,0,0,0,
6094,90,89,-1.38,-8.03,-5.63,0.00,-0.01,0.00,-43.29,31.53,77.38,0,0,0,
6100,91,90,-1.38,-8.17,-5.51,0.00,-0.01,0.00,-43.44,31.58,77.80,0,0,0,
6110,90,90,-1.34,-8.08,-5.64,-0.00,-0.01,0.00,-43.76,31.04,77.71,0,0,0,
6116,89,89,-1.36,-7.98,-5.75,-0.00,-0.01,0.00,-43.92,31.13,77.36,0,0,0,
6121,89,89,-1.36,-7.98,-5.75,-0.00,-0.01,0.00,-43.12,31.13,77.17,0,0,0,
6127,90,89,-1.40,-8.03,-5.63,0.00,-0.01,0.00,-43.85,31.66,77.30,0,0,0,
6133,89,89,-1.37,-8.01,-5.73,0.00,-0.01,0.00,-43.89,31.26,77.24,0,0,0,
6139,89,89,-1.37,-8.01,-5.73,0.00,-0.01,0.00,-43.93,32.11,76.73,0,0,0,
6145,90,89,-1.42,-8.00,-5.75,0.00,-0.01,0.00,-43.66,31.86,77.20,0,0,0,
6155,90,90,-1.35,-8.09,-5.57,0.01,-0.01,0.00,-43.61,32.30,77.36,0,0,0,
6161,91,89,-1.42,-8.09,-5.61,0.00,-0.01,0.00,-43.44,31.73,78.06,0,0,0,
6166,91,89,-1.42,-8.09,-5.61,0.00,-0.01,0.00,-44.52,32.18,77.08,0,0,0,
6172,89,89,-1.35,-8.01,-5.70,0.01,-0.01,0.01,-43.60,31.77,78.44,0,0,0,
6178,90,90,-1.38,-8.10,-5.57,0.01,-0.01,0.01,-43.93,31.53,78.06,0,0,0,
6184,90,90,-1.38,-8.10,-5.57,0.01,-0.01,0.01,-43.69,31.31,78.28,0,0,0,
6189,91,91,-1.36,-8.15,-5.50,0.01,-0.01,0.01,-44.08,31.25,77.92,0,0,0,
6444,90,90,-1.35,-8.12,-5.53,0.00,-0.02,-0.00,-43.41,31.61,77.43,0,0,0,
6450,90,90,-1.35,-8.12,-5.53,0.00,-0.02,-0.00,-43.04,32.14,77.24,0,0,0,
6456,89,89,-1.36,-8.04,-5.64,-0.00,-0.02,-0.00,-43.06,31.72,77.10,0,0,0,
6462,89,89,-1.36,-8.04,-5.64,-0.00,-0.02,-0.00,-43.66,31.47,77.62,0,0,0,
6468,90,89,-1.43,-8.05,-5.62,-0.00,-0.02,-0.00,-43.88,31.64,76.67,0,0,0,
6473,91,90,-1.40,-8.19,-5.49,-0.00,-0.02,-0.00,-43.98,32.21,77.61,0,0,0,
6479,91,90,-1.40,-8.19,-5.49,-0.00,-0.02,-0.00,-43.76,31.57,77.74,0,0,0,
6489,90,90,-1.35,-8.10,-5.59,-0.01,-0.02,-0.01,-43.85,31.70,77.55,0,0,0,
6495,89,89,-1.37,-8.02,-5.66,-0.01,-0.02,-0.00,-44.02,31.86,77.64,0,0,0,
6501,90,90,-1.36,-8.11,-5.51,-0.01,-0.02,-0.00,-43.93,31.72,77.48,0,0,0,
6507,90,90,-1.36,-8.11,-5.51,-0.01,-0.02,-0.00,-43.91,31.48,78.46,0,0,0,
6512,90,89,-1.41,-8.00,-5.75,-0.01,-0.02,-0.00,-43.93,31.63,77.83,0,0,0,
6518,88,89,-1.33,-7.93,-5.81,-0.01,-0.02,-0.00,-43.57,31.47,78.30,0,0,0,
6524,88,89,-1.33,-7.93,-5.81,-0.00,-0.01,-0.00,-43.57,32.05,77.92,0,0,0,
6533,90,90,-1.41,-8.09,-5.60,0.00,-0.01,-0.00,-43.58,31.94,78.50,0,0,0,
6539,89,89,-1.36,-8.01,-5.69,0.00,-0.02,-0.00,-43.17,32.24,78.54,0,0,0,
6545,89,89,-1.36,-8.01,-5.69,0.00,-0.02,-0.00,-43.67,32.01,79.14,0,0,0,
6550,89,89,-1.40,-7.98,-5.75,0.01,-0.02,-0.00,-43.95,31.45,78.22,0,0,0,
6556,91,90,-1.40,-8.12,-5.56,0.01,-0.02,-0.00,-43.58,31.85,78.81,0,0,0,
6562,91,90,-1.40,-8.12,-5.56,0.01,-0.02,-0.00,-43.61,31.66,77.87,0,0,0,
6567,90,90,-1.35,-8.13,-5.54,0.00,-0.02,-0.00,-43.60,31.60,78.90,0,0,0,
6577,90,90,-1.33,-8.08,-5.62,0.00,-0.02,0.00,-43.41,31.73,78.69,0,0,0,
6582,90,89,-1.41,-8.07,-5.54,0.00,-0.02,0.00,-43.44,31.98,78.50,0,0,0,
6588,90,89,-1.41,-8.07,-5.54,0.00,-0.01,0.00,-43.06,32.10,78.34,0,0,0,
6594,90,90,-1.39,-8.11,-5.59,-0.00,-0.01,0.00,-43.23,31.64,79.01,0,0,0,
6600,90,90,-1.39,-8.11,-5.59,-0.00,-0.01,0.00,-43.34,31.70,77.62,0,0,0,
6606,89,89,-1.33,-7.98,-5.75,-0.00,-0.01,0.00,-43.04,30.93,78.62,0,0,0,
6611,90,89,-1.43,-8.04,-5.65,0.00,-0.01,0.00,-42.98,31.47,79.57,0,0,0,
6621,89,90,-1.31,-8.06,-5.61,0.00,-0.01,0.00,-42.69,31.88,78.46,0,0,0,
6627,89,90,-1.31,-8.06,-5.61,0.00,-0.01,0.00,-42.77,32.02,77.29,0,0,0,
6633,90,89,-1.39,-8.02,-5.71,0.00,-0.02,0.00,-43.20,31.77,78.16,0,0,0,
6638,91,90,-1.40,-8.14,-5.50,0.00,-0.01,0.00,-43.00,31.03,77.62,0,0,0,
6644,91,90,-1.40,-8.14,-5.50,0.00,-0.01,0.00,-42.94,31.88,78.14,0,0,0,
6650,91,91,-1.36,-8.18,-5.52,0.00,-0.01,0.00,-43.16,31.94,77.97,0,0,0,
6655,91,91,-1.36,-8.18,-5.70,0.00,-0.01,0.00,-43.53,31.89,78.34,0,0,0,
6665,90,89,-1.39,-8.07,-5.61,-0.00,-0.01,0.00,-43.64,31.86,78.19,0,0,0,
6671,90,89,-1.39,-8.07,-5.61,-0.00,-0.01,0.00,-43.77,31.45,78.06,0,0,0,
6677,90,90,-1.37,-8.06,-5.62,-0.00,-0.01,0.00,-43.50,32.33,77.80,0,0,0,
6682,90,90,-1.37,-8.06,-5.62,-0.00,-0.01,0.00,-44.04,32.46,78.97,0,0,0,
6688,89,89,-1.37,-7.99,-5.79,0.00,-0.01,0.00,-43.15,31.86,77.42,0,0,0,
6694,90,89,-1.41,-8.04,-5.63,0.00,-0.01,0.00,-43.55,31.41,77.24,0,0,0,
6700,90,89,-1.41,-8.04,-5.63,0.00,-0.01,0.00,-44.15,32.21,77.35,0,0,0,
6709,91,90,-1.37,-8.14,-5.54,0.00,-0.01,0.00,-43.22,31.64,77.74,0,0,0,
6715,90,89,-1.39,-8.05,-5.65,0.00,-0.01,0.00,-43.35,32.17,77.58,0,0,0,
6721,90,90,-1.37,-8.08,-5.59,0.00,-0.01,0.00,-43.54,31.76,78.63,0,0,0,
6727,90,90,-1.37,-8.08,-5.59,0.00,-0.01,0.00,-43.12,31.64,77.76,0,0,0,
6732,90,90,-1.38,-8.11,-5.55,0.00,-0.01,0.00,-43.38,31.85,77.89,0,0,0,
6738,90,90,-1.38,-8.11,-5.55,0.00,-0.01,0.00,-43.12,31.70,78.27,0,0,0,
6744,90,89,-1.36,-8.04,-5.67,-0.00,-0.01,0.00,-43.00,31.26,77.96,0,0,0,
6754,89,89,-1.38,-8.02,-5.70,-0.00,-0.01,0.00,-43.44,31.42,77.36,0,0,0,
6760,90,90,-1.37,-8.07,-5.61,0.00,-0.01,0.00,-43.63,31.58,76.67,0,0,0,
6766,90,90,-1.37,-8.07,-5.61,0.00,-0.01,0.00,-43.19,31.07,77.64,0,0,0,
6771,89,89,-1.35,-8.01,-5.70,0.00,-0.01,0.00,-43.15,31.77,77.62,0,0,0,
6777,89,89,-1.38,-8.00,-5.71,0.00,-0.01,0.00,-42.84,31.37,77.81,0,0,0,
6783,89,89,-1.38,-8.00,-5.71,0.00,-0.01,0.00,-43.77,31.41,77.57,0,0,0,
6788,91,90,-1.39,-8.13,-5.53,0.01,-0.01,0.01,-43.51,32.05,77.02,0,0,0,
6798,91,90,-1.39,-8.14,-5.54,0.00,-0.01,0.00,-43.34,31.85,77.67,0,0,0,
6804,90,89,-1.39,-8.02,-5.70,0.00,-0.01,0.01,-43.51,32.08,77.84,0,0,0,
6810,90,89,-1.39,-8.02,-5.70,0.00,-0.01,0.01,-43.06,32.23,77.52,0,0,0,
6815,90,90,-1.37,-8.07,-5.59,0.00,-0.01,0.01,-43.28,31.92,77.42,0,0,0,
6821,90,90,-1.37,-8.10,-5.57,0.00,-0.01,0.01,-43.29,31.76,78.50,0,0,0,
6827,90,90,-1.40,-8.10,-5.57,0.00,-0.01,0.00,-43.79,31.98,78.56,0,0,0,
6833,89,89,-1.34,-8.01,-5.73,0.00,-0.01,0.00,-43.72,31.75,77.95,0,0,0,
6842,90,89,-1.41,-8.02,-5.67,0.00,-0.01,0.00,-43.79,31.18,77.40,0,0,0,
6848,90,89,-1.41,-8.02,-5.67,0.00,-0.01,0.00,-43.74,31.70,78.14,0,0,0,
6854,90,90,-1.37,-8.06,-5.63,0.00,-0.01,0.00,-43.83,31.34,78.09,0,0,0,
6860,89,89,-1.35,-7.97,-5.75,0.01,-0.01,0.00,-43.36,32.07,82.26,0,0,0,
6865,89,89,-1.35,-7.97,-5.75,0.01,-0.01,0.00,-43.53,31.85,78.60,0,0,0,
6871,90,89,-1.40,-8.02,-5.67,0.01,-0.01,0.00,-43.60,31.76,78.59,0,0,0,
