Start of File
516,90,89,-1.54,-8.05,-5.65,0.01,0.00,0.01,-46.05,32.01,77.24,0,0,0,
522,90,89,-1.54,-8.05,-5.65,0.01,0.00,0.01,-46.23,32.20,78.02,0,0,0,
527,92,91,-1.53,-8.23,-5.43,0.01,0.00,0.01,-46.48,31.79,77.08,0,0,0,
534,92,90,-1.59,-8.23,-5.36,-0.01,0.00,0.01,-46.33,32.11,77.59,0,0,0,
540,92,90,-1.59,-8.23,-5.36,-0.01,0.00,0.01,-46.40,31.98,76.95,0,0,0,
545,90,89,-1.50,-8.02,-5.68,-0.01,0.00,0.01,-45.88,31.64,76.98,0,0,0,
551,89,88,-1.51,-7.96,-5.79,-0.01,0.01,0.01,-46.27,31.73,77.13,0,0,0,
556,89,88,-1.51,-7.96,-5.79,-0.01,0.01,0.01,-46.10,31.82,77.84,0,0,0,
566,89,87,-1.55,-7.87,-5.90,-0.00,0.00,0.00,-45.62,31.61,77.32,0,0,0,
572,89,88,-1.51,-7.87,-5.90,0.00,-0.01,0.00,-45.62,31.19,76.32,0,0,0,
578,89,89,-1.50,-7.97,-5.80,0.00,-0.01,-0.00,-45.09,31.37,76.24,0,0,0,
583,89,89,-1.50,-7.97,-5.80,0.01,-0.02,-0.00,-44.84,31.51,76.92,0,0,0,
589,91,89,-1.55,-8.08,-5.56,0.02,-0.03,-0.01,-46.01,31.54,77.64,0,0,0,
594,91,89,-1.55,-8.08,-5.56,0.02,-0.03,-0.01,-46.07,31.66,77.52,0,0,0,
600,91,89,-1.57,-8.05,-5.65,0.01,-0.03,-0.01,-45.88,31.96,77.35,0,0,0,
609,90,89,-1.53,-8.07,-5.68,0.01,-0.03,-0.01,-45.48,32.26,77.46,0,0,0,
615,97,94,-1.62,-8.72,-4.64,0.00,-0.02,-0.00,-45.50,31.89,77.21,0,0,0,
621,97,94,-1.62,-8.72,-4.64,0.00,-0.02,-0.00,-45.72,31.44,77.19,0,0,0,
627,88,87,-1.53,-7.81,-5.84,-0.03,-0.01,-0.01,-45.25,31.66,77.40,0,0,0,
632,91,93,-1.34,-8.33,-5.38,-0.03,-0.01,-0.01,-46.10,31.70,77.62,0,0,0,
638,91,93,-1.34,-8.33,-5.38,-0.02,-0.00,-0.00,-45.43,31.54,77.83,0,0,0,
644,85,83,-1.57,-7.43,-6.40,-0.02,-0.01,-0.00,-45.86,31.56,76.76,0,0,0,
653,85,84,-1.47,-7.47,-6.52,0.01,-0.02,-0.00,-45.82,31.22,78.03,0,0,0,
659,85,84,-1.47,-7.47,-6.52,0.01,-0.02,-0.00,-45.76,31.22,77.14,0,0,0,
665,93,92,-1.54,-8.39,-5.27,0.03,-0.03,-0.00,-45.86,31.63,77.19,0,0,0,
671,94,90,-1.65,-8.29,-5.24,0.01,-0.03,-0.01,-45.79,31.57,77.68,0,0,0,
677,94,90,-1.65,-8.29,-5.24,0.01,-0.03,-0.01,-46.77,31.63,77.77,0,0,0,
682,93,91,-1.56,-8.35,-5.19,-0.00,-0.02,-0.00,-45.73,31.45,77.52,0,0,0,
689,87,87,-1.45,-7.77,-6.04,-0.02,-0.02,-0.01,-45.98,31.32,77.08,0,0,0,
699,87,87,-1.45,-7.71,-6.08,0.00,-0.03,-0.01,-45.92,31.60,77.52,0,0,0,
705,87,87,-1.45,-7.71,-6.08,0.00,-0.03,-0.01,-45.64,31.83,77.97,0,0,0,
710,91,89,-1.56,-8.12,-5.60,0.02,-0.03,-0.01,-45.89,31.50,77.76,0,0,0,
716,90,90,-1.50,-8.07,-5.65,0.01,-0.04,-0.01,-45.29,32.45,76.88,0,0,0,
722,90,90,-1.50,-8.07,-5.65,0.01,-0.04,-0.01,-45.95,31.63,77.05,0,0,0,
727,91,90,-1.56,-8.13,-5.48,0.01,-0.03,-0.01,-46.01,32.08,77.24,0,0,0,
733,91,90,-1.56,-8.13,-5.48,0.01,-0.03,-0.01,-46.08,31.95,76.97,0,0,0,
743,91,90,-1.53,-8.13,-5.64,0.00,-0.03,-0.01,-45.69,32.07,76.62,0,0,0,
749,91,90,-1.51,-8.13,-5.64,0.00,-0.03,-0.01,-45.54,31.80,77.95,0,0,0,
754,94,91,-1.62,-8.33,-5.22,-0.00,-0.02,-0.00,-45.54,31.75,76.92,0,0,0,
760,94,91,-1.62,-8.33,-5.22,-0.00,-0.02,-0.00,-45.63,32.15,77.14,0,0,0,
766,92,90,-1.54,-8.19,-5.41,-0.02,-0.01,-0.00,-45.62,31.51,77.51,0,0,0,
772,89,89,-1.47,-7.97,-5.77,-0.02,-0.00,0.00,-46.17,31.57,77.64,0,0,0,
777,89,89,-1.47,-7.97,-5.77,-0.02,-0.00,0.00,-46.00,31.92,76.69,0,0,0,
787,91,88,-1.61,-7.99,-5.67,-0.01,-0.00,0.01,-45.76,31.76,77.52,0,0,0,
793,90,89,-1.51,-8.03,-5.67,-0.01,-0.00,0.00,-45.88,31.67,77.04,0,0,0,
799,88,89,-1.42,-7.91,-5.86,-0.01,-0.01,0.00,-46.27,31.88,77.62,0,0,0,
804,88,89,-1.42,-7.91,-5.86,-0.01,-0.01,0.00,-45.62,31.77,76.00,0,0,0,
810,88,86,-1.58,-7.79,-5.92,-0.00,-0.01,0.00,-45.57,32.02,76.92,0,0,0,
816,88,86,-1.58,-7.79,-5.92,-0.00,-0.01,0.00,-46.39,31.75,77.29,0,0,0,
821,90,89,-1.51,-7.98,-5.74,0.01,-0.02,-0.00,-45.89,31.47,77.29,0,0,0,
831,89,90,-1.42,-8.01,-5.75,0.01,-0.02,-0.00,-45.63,31.79,77.52,0,0,0,
838,91,88,-1.61,-8.03,-5.62,0.01,-0.02,-0.00,-45.76,31.67,77.40,0,0,0,
843,91,88,-1.61,-8.03,-5.62,0.01,-0.02,-0.00,-45.85,31.95,76.70,0,0,0,
849,90,89,-1.52,-8.04,-5.64,0.01,-0.02,-0.00,-45.75,31.76,77.70,0,0,0,
855,92,92,-1.48,-8.30,-5.36,0.01,-0.01,0.00,-45.51,31.82,77.02,0,0,0,
861,92,92,-1.48,-8.30,-5.36,0.01,-0.01,0.00,-45.57,31.58,76.78,0,0,0,
866,91,89,-1.59,-8.05,-5.58,-0.00,-0.01,0.01,-46.02,31.66,76.69,0,0,0,
876,90,88,-1.55,-8.01,-5.63,-0.00,-0.01,0.00,-45.75,31.60,76.79,0,0,0,
882,89,90,-1.42,-8.02,-5.74,-0.00,-0.01,0.00,-46.10,31.94,76.76,0,0,0,
887,89,90,-1.42,-8.02,-5.74,-0.00,-0.01,0.00,-45.38,31.80,76.75,0,0,0,
893,90,88,-1.56,-7.99,-5.69,0.00,-0.01,0.01,-45.54,31.38,77.49,0,0,0,
899,90,88,-1.56,-7.99,-5.69,0.00,-0.01,0.01,-45.47,31.80,76.53,0,0,0,
904,90,88,-1.57,-7.97,-5.71,0.00,-0.01,0.00,-44.99,31.42,76.40,0,0,0,
910,89,89,-1.45,-7.94,-5.84,0.01,-0.01,0.00,-45.16,32.14,76.85,0,0,0,
919,90,89,-1.56,-8.02,-5.66,0.01,-0.02,0.00,-45.86,31.98,76.82,0,0,0,
925,90,89,-1.56,-8.02,-5.66,0.01,-0.02,0.00,-45.83,32.05,76.50,0,0,0,
931,91,89,-1.53,-8.08,-5.58,0.01,-0.02,-0.00,-46.29,32.64,76.73,0,0,0,
936,90,89,-1.52,-8.00,-5.70,0.01,-0.02,0.00,-45.50,31.96,77.45,0,0,0,
942,90,89,-1.52,-8.00,-5.70,0.01,-0.02,0.00,-45.66,32.56,77.10,0,0,0,
947,91,90,-1.54,-8.12,-5.53,0.01,-0.02,0.00,-46.46,32.24,75.72,0,0,0,
953,91,90,-1.54,-8.12,-5.53,0.01,-0.02,0.00,-45.21,32.53,77.36,0,0,0,
959,91,90,-1.54,-8.16,-5.47,0.00,-0.01,0.00,-45.57,32.17,77.17,0,0,0,
968,91,89,-1.55,-8.07,-5.59,0.00,-0.01,0.01,-45.88,31.72,76.92,0,0,0,
974,91,89,-1.56,-8.09,-5.56,-0.00,-0.00,0.01,-46.02,31.57,76.40,0,0,0,
980,91,89,-1.56,-8.09,-5.56,-0.00,-0.00,0.01,-45.07,32.04,76.02,0,0,0,
986,90,89,-1.51,-8.05,-5.58,-0.00,0.00,0.01,-45.75,31.64,76.57,0,0,0,
991,90,89,-1.49,-8.04,-5.72,-0.00,0.00,0.01,-45.19,31.73,76.41,0,0,0,
998,90,89,-1.49,-8.04,-5.72,-0.00,0.00,0.01,-45.48,31.16,77.02,0,0,0,
1004,90,89,-1.51,-7.97,-5.71,-0.00,0.00,0.01,-45.40,32.14,77.08,0,0,0,
1013,89,88,-1.54,-7.92,-5.79,0.00,0.00,0.01,-45.54,31.82,77.61,0,0,0,
1019,89,88,-1.49,-7.95,-5.82,0.00,0.00,0.01,-45.60,31.42,77.46,0,0,0,
1025,89,88,-1.49,-7.95,-5.82,0.01,0.00,0.01,-45.75,31.73,77.24,0,0,0,
1031,90,89,-1.55,-8.02,-5.66,0.01,-0.00,0.01,-46.21,31.91,76.72,0,0,0,
1036,90,89,-1.55,-8.02,-5.66,0.01,-0.00,0.01,-45.24,32.10,77.01,0,0,0,
1042,90,89,-1.53,-8.01,-5.70,0.01,-0.00,0.00,-46.21,32.14,77.07,0,0,0,
1048,89,88,-1.52,-7.93,-5.75,0.02,-0.01,0.00,-45.45,32.39,76.35,0,0,0,
1057,90,88,-1.55,-7.97,-5.74,0.02,-0.01,0.00,-45.75,31.53,76.88,0,0,0,
1063,90,88,-1.55,-7.97,-5.74,0.02,-0.01,0.00,-45.25,31.48,77.39,0,0,0,
1069,91,91,-1.45,-8.17,-5.54,0.02,-0.01,0.00,-45.89,32.05,76.91,0,0,0,
1075,92,89,-1.59,-8.15,-5.52,0.02,-0.01,0.00,-45.53,31.80,76.44,0,0,0,
1080,92,89,-1.59,-8.15,-5.52,0.02,-0.01,0.00,-45.85,32.26,77.29,0,0,0,
1086,91,91,-1.48,-8.19,-5.41,0.01,-0.01,0.00,-45.81,32.27,77.32,0,0,0,
1092,91,91,-1.48,-8.19,-5.50,0.01,-0.01,0.00,-45.85,32.02,77.14,0,0,0,
1101,90,89,-1.49,-8.00,-5.72,-0.00,-0.01,0.00,-45.41,31.95,75.96,0,0,0,
1107,90,89,-1.49,-8.00,-5.72,-0.01,-0.01,0.00,-45.35,32.48,76.22,0,0,0,
1113,90,88,-1.53,-7.98,-5.73,-0.00,-0.01,0.00,-45.91,32.30,75.62,0,0,0,
1119,90,88,-1.53,-7.98,-5.73,-0.00,-0.01,0.00,-46.04,32.39,76.95,0,0,0,
1125,90,89,-1.53,-8.01,-5.68,0.00,-0.01,0.00,-45.85,32.52,77.58,0,0,0,
1130,89,89,-1.46,-7.96,-5.80,0.00,-0.01,0.00,-45.81,32.32,76.50,0,0,0,
1136,89,89,-1.46,-7.96,-5.80,0.00,-0.01,0.00,-46.01,32.68,77.16,0,0,0,
1147,90,89,-1.49,-8.02,-5.65,0.01,-0.02,0.00,-46.10,32.10,76.86,0,0,0,
1152,91,89,-1.56,-8.11,-5.54,0.01,-0.02,-0.00,-45.91,32.15,76.56,0,0,0,
1158,90,90,-1.47,-8.09,-5.61,0.00,-0.02,-0.00,-45.69,32.18,76.94,0,0,0,
1164,90,90,-1.47,-8.09,-5.61,0.00,-0.02,-0.00,-45.79,32.53,77.65,0,0,0,
1170,91,90,-1.54,-8.11,-5.53,0.00,-0.02,0.00,-46.14,32.87,76.59,0,0,0,
1175,91,88,-1.58,-8.03,-5.61,0.00,-0.01,0.00,-46.01,32.74,76.10,0,0,0,
1181,91,88,-1.58,-8.03,-5.61,-0.00,-0.01,0.00,-46.10,32.39,76.86,0,0,0,
1191,89,89,-1.50,-7.97,-5.78,0.00,-0.01,0.00,-45.95,32.23,76.38,0,0,0,
1197,90,90,-1.51,-8.08,-5.64,0.00,-0.01,0.00,-44.64,32.21,76.56,0,0,0,
1202,90,90,-1.51,-8.08,-5.53,0.00,-0.01,0.00,-44.59,32.04,76.67,0,0,0,
1208,91,89,-1.56,-8.07,-5.53,0.00,-0.01,-0.00,-44.88,32.34,76.54,0,0,0,
1214,90,89,-1.52,-8.00,-5.72,0.00,-0.02,-0.00,-41.74,31.34,77.77,0,0,0,
1220,90,89,-1.52,-8.00,-5.72,0.00,-0.02,-0.00,-44.64,32.48,75.87,0,0,0,
1225,88,89,-1.43,-7.94,-5.87,0.00,-0.02,-0.00,-45.32,31.91,76.59,0,0,0,
1235,92,88,-1.68,-8.12,-5.41,0.01,-0.02,-0.00,-46.19,31.82,76.09,0,0,0,
1241,89,89,-1.44,-7.97,-5.75,0.01,-0.02,-0.01,-45.62,32.18,76.48,0,0,0,
1246,89,89,-1.44,-7.97,-5.75,0.01,-0.02,-0.01,-45.83,32.29,76.37,0,0,0,
1252,90,89,-1.50,-8.04,-5.65,0.01,-0.02,-0.00,-45.19,31.67,76.26,0,0,0,
1257,90,89,-1.50,-8.04,-5.35,0.01,-0.02,-0.00,-45.60,31.51,76.89,0,0,0,
1263,91,90,-1.54,-8.15,-5.51,0.01,-0.02,-0.00,-44.94,32.33,75.55,0,0,0,
1269,90,89,-1.49,-8.05,-5.65,0.00,-0.02,-0.01,-45.63,32.36,76.38,0,0,0,
1278,91,90,-1.53,-8.12,-5.54,-0.00,-0.02,-0.01,-45.35,32.14,76.48,0,0,0,
1284,91,90,-1.53,-8.12,-5.54,-0.00,-0.02,-0.01,-45.37,32.27,76.64,0,0,0,
1290,91,90,-1.53,-8.13,-5.50,-0.01,-0.02,-0.01,-44.96,32.11,76.29,0,0,0,
1295,90,91,-1.41,-8.13,-5.42,-0.02,-0.01,-0.01,-45.28,32.11,76.34,0,0,0,
1302,90,91,-1.41,-8.13,-5.42,-0.02,-0.01,-0.01,-44.94,31.91,78.11,0,0,0,
1307,87,89,-1.37,-7.89,-5.80,-0.03,-0.01,-0.02,-44.26,31.83,76.98,0,0,0,
1313,88,84,-1.68,-7.67,-6.13,-0.03,-0.01,-0.02,-45.43,32.15,76.43,0,0,0,
1322,92,86,-1.83,-7.97,-5.84,-0.02,-0.00,-0.01,-45.29,32.34,76.85,0,0,0,
1328,92,86,-1.83,-7.97,-5.84,0.02,-0.01,-0.01,-45.03,31.98,77.04,0,0,0,
1334,89,94,-1.23,-8.25,-5.51,0.02,-0.02,-0.01,-45.31,32.15,76.75,0,0,0,
1340,89,94,-1.23,-8.25,-5.51,0.02,-0.02,-0.01,-45.21,31.73,76.50,0,0,0,
1346,91,88,-1.64,-8.01,-5.60,0.02,-0.03,-0.01,-44.87,31.54,76.48,0,0,0,
1351,92,89,-1.63,-8.18,-5.39,0.01,-0.02,-0.01,-45.28,31.86,76.95,0,0,0,
1357,92,89,-1.63,-8.18,-5.39,0.01,-0.02,-0.01,-45.09,31.37,76.76,0,0,0,
1367,90,90,-1.45,-8.08,-5.65,0.00,-0.02,-0.00,-45.15,31.98,76.32,0,0,0,
1373,91,88,-1.60,-8.05,-5.59,0.00,-0.02,-0.00,-48.38,32.11,76.07,0,0,0,
1378,92,91,-1.49,-8.22,-5.39,-0.00,-0.01,-0.00,-45.40,32.42,76.62,0,0,0,
1384,92,91,-1.49,-8.22,-5.39,-0.00,-0.01,-0.00,-45.24,32.27,76.98,0,0,0,
1390,90,89,-1.53,-8.00,-5.68,-0.01,-0.01,0.00,-45.31,32.08,75.61,0,0,0,
1396,90,89,-1.53,-8.00,-5.68,-0.01,-0.01,0.00,-45.12,31.99,76.97,0,0,0,
1401,90,88,-1.55,-8.00,-5.68,-0.01,-0.01,0.00,-45.78,32.32,76.76,0,0,0,
1411,91,90,-1.52,-8.11,-5.58,-0.00,-0.01,0.00,-46.14,31.42,76.97,0,0,0,
1417,89,89,-1.45,-7.99,-5.74,-0.01,-0.01,0.00,-45.31,31.85,76.40,0,0,0,
1423,89,89,-1.45,-7.99,-5.74,-0.01,-0.01,0.00,-45.70,32.13,76.22,0,0,0,
1428,89,87,-1.54,-7.89,-5.78,0.00,-0.02,0.00,-45.62,32.37,77.00,0,0,0,
1434,92,90,-1.56,-8.15,-5.52,0.01,-0.02,-0.00,-45.15,32.61,76.85,0,0,0,
1440,92,90,-1.56,-8.15,-5.52,0.01,-0.02,-0.00,-45.13,31.72,77.26,0,0,0,
1445,89,90,-1.40,-8.08,-5.63,0.00,-0.01,0.00,-45.10,32.20,77.26,0,0,0,
1456,92,89,-1.63,-8.14,-5.45,-0.00,-0.01,0.00,-45.54,32.72,77.36,0,0,0,
1462,91,90,-1.52,-8.12,-5.52,-0.01,-0.00,0.00,-45.56,32.65,77.40,0,0,0,
1467,91,90,-1.52,-8.12,-5.52,-0.01,-0.00,0.00,-45.53,32.51,77.29,0,0,0,
1473,89,89,-1.47,-7.93,-5.79,-0.01,-0.00,0.01,-45.51,32.30,76.70,0,0,0,
1479,90,89,-1.54,-8.04,-5.66,-0.01,-0.00,0.01,-45.57,32.52,76.45,0,0,0,
1484,90,89,-1.54,-8.04,-5.66,-0.00,-0.01,0.01,-45.67,31.89,77.17,0,0,0,
1490,90,90,-1.48,-8.07,-5.61,-0.00,-0.01,0.00,-45.82,32.20,77.81,0,0,0,
1500,88,89,-1.45,-7.91,-5.84,-0.00,-0.01,0.00,-44.99,32.29,76.91,0,0,0,
1506,88,89,-1.45,-7.91,-5.53,-0.00,-0.01,0.00,-45.56,32.32,76.75,0,0,0,
1511,90,89,-1.55,-8.04,-5.63,0.00,-0.01,0.00,-45.75,32.58,77.65,0,0,0,
1517,91,89,-1.54,-8.07,-5.59,0.00,-0.01,0.00,-45.32,32.42,77.61,0,0,0,
1523,91,89,-1.54,-8.07,-5.59,0.00,-0.01,0.00,-45.47,31.98,76.95,0,0,0,
1529,90,89,-1.50,-8.03,-5.69,0.00,-0.01,0.00,-45.56,32.11,76.73,0,0,0,
1534,91,89,-1.55,-8.07,-5.60,0.00,-0.01,0.00,-44.59,32.89,76.26,0,0,0,
1544,91,89,-1.55,-8.07,-5.55,-0.00,-0.01,0.00,-45.06,31.76,76.82,0,0,0,
1550,91,89,-1.55,-8.07,-5.55,-0.00,-0.01,0.00,-45.69,32.26,76.91,0,0,0,
1556,94,92,-1.56,-8.39,-5.16,-0.01,-0.00,0.01,-45.25,31.92,76.88,0,0,0,
1561,87,87,-1.47,-7.77,-6.01,-0.01,-0.00,0.01,-46.07,31.80,76.83,0,0,0,
1567,87,87,-1.47,-7.77,-6.01,-0.02,0.00,0.01,-46.10,32.21,76.82,0,0,0,
1573,89,88,-1.51,-7.89,-5.84,-0.00,-0.00,0.01,-45.44,32.17,77.81,0,0,0,
1579,89,88,-1.51,-7.89,-5.84,-0.00,-0.00,0.01,-45.78,31.91,77.84,0,0,0,
1588,90,89,-1.50,-8.01,-5.72,0.00,-0.01,0.00,-45.26,31.94,77.17,0,0,0,
1594,92,91,-1.51,-8.21,-5.42,-0.00,-0.01,0.00,-45.40,32.23,76.86,0,0,0,
1599,90,88,-1.55,-7.98,-5.70,-0.00,-0.01,0.00,-46.11,32.05,76.72,0,0,0,
1606,90,88,-1.55,-7.98,-5.70,-0.00,-0.01,0.00,-46.29,31.92,77.32,0,0,0,
1611,90,90,-1.49,-8.10,-5.56,-0.00,-0.00,0.01,-45.94,31.80,76.56,0,0,0,
1617,89,88,-1.53,-7.92,-5.76,-0.00,0.00,0.01,-46.24,31.99,76.83,0,0,0,
1623,89,88,-1.53,-7.92,-5.76,-0.00,0.00,0.01,-46.05,32.68,77.00,0,0,0,
1632,89,89,-1.45,-7.99,-5.69,0.01,0.01,0.01,-45.44,32.15,76.12,0,0,0,
1638,91,88,-1.58,-8.02,-5.70,0.00,0.00,0.01,-45.60,32.42,77.30,0,0,0,
1644,91,88,-1.58,-8.02,-6.00,0.00,0.00,0.01,-45.48,32.08,75.88,0,0,0,
1649,88,89,-1.38,-7.91,-5.88,0.01,-0.00,0.00,-45.16,32.51,76.57,0,0,0,
1655,90,88,-1.55,-7.99,-5.68,0.01,-0.01,0.00,-45.79,32.55,77.17,0,0,0,
1660,90,88,-1.55,-7.99,-5.68,0.01,-0.01,0.00,-45.83,32.07,76.35,0,0,0,
1666,90,89,-1.51,-8.04,-5.66,0.01,-0.01,0.00,-46.00,32.36,77.17,0,0,0,
1672,90,90,-1.47,-8.12,-5.56,0.01,-0.01,0.00,-44.86,31.77,76.22,0,0,0,
1681,91,89,-1.57,-8.08,-5.57,0.01,-0.01,0.00,-46.07,31.67,77.36,0,0,0,
1687,91,89,-1.57,-8.08,-5.57,0.01,-0.01,0.00,-45.35,32.01,77.73,0,0,0,
1693,91,89,-1.55,-8.07,-5.56,0.00,-0.01,0.00,-44.86,32.30,77.97,0,0,0,
1699,91,89,-1.55,-8.07,-5.56,0.00,-0.01,0.00,-45.60,32.36,76.13,0,0,0,
1704,90,89,-1.49,-8.03,-5.69,0.00,-0.01,0.00,-45.54,31.76,76.45,0,0,0,
1710,91,88,-1.61,-8.00,-5.64,0.01,-0.01,0.00,-45.21,32.29,76.70,0,0,0,
1716,91,88,-1.61,-8.00,-5.64,0.01,-0.01,0.00,-41.64,32.04,76.45,0,0,0,
1725,91,90,-1.47,-8.13,-5.52,0.00,-0.01,0.00,-45.02,32.24,76.21,0,0,0,
1731,90,90,-1.48,-8.09,-5.63,0.00,-0.01,0.00,-45.50,32.10,77.04,0,0,0,
1737,89,88,-1.47,-7.91,-5.78,0.00,-0.01,0.00,-44.87,32.37,76.88,0,0,0,
1743,89,88,-1.47,-7.91,-5.78,0.00,-0.01,0.00,-45.56,32.13,77.39,0,0,0,
1748,89,89,-1.48,-7.98,-5.74,0.01,-0.01,0.00,-45.06,32.43,76.81,0,0,0,
1754,89,89,-1.48,-7.98,-5.61,0.01,-0.01,0.00,-45.32,32.10,76.29,0,0,0,
1760,91,90,-1.51,-8.10,-5.61,0.01,-0.02,0.00,-46.17,31.98,76.44,0,0,0,
1770,91,88,-1.60,-8.04,-5.62,0.01,-0.02,-0.00,-45.56,32.46,77.23,0,0,0,
1776,91,89,-1.56,-8.08,-5.56,0.01,-0.01,-0.00,-45.38,31.77,77.08,0,0,0,
1782,92,91,-1.52,-8.29,-5.32,0.01,-0.01,-0.00,-45.51,32.53,76.31,0,0,0,
1788,92,91,-1.52,-8.29,-5.32,0.00,-0.01,0.00,-45.83,31.98,76.29,0,0,0,
1793,93,90,-1.63,-8.22,-5.34,-0.01,-0.00,0.01,-45.70,31.85,76.79,0,0,0,
1799,93,90,-1.63,-8.22,-5.34,-0.01,-0.00,0.01,-46.23,32.26,76.67,0,0,0,
1805,90,89,-1.55,-8.05,-5.66,-0.02,0.00,0.01,-45.56,32.10,77.42,0,0,0,
1814,88,88,-1.46,-7.91,-5.84,-0.02,0.00,0.01,-45.59,31.44,76.63,0,0,0,
1820,88,87,-1.48,-7.82,-5.98,-0.01,-0.00,0.00,-45.44,32.05,78.05,0,0,0,
1826,88,87,-1.48,-7.82,-5.98,-0.01,-0.00,0.00,-45.51,32.11,77.36,0,0,0,
1832,88,88,-1.48,-7.89,-5.79,0.00,-0.01,0.00,-44.96,31.72,77.17,0,0,0,
1838,88,88,-1.42,-7.88,-5.88,0.00,-0.02,-0.00,-45.89,31.47,77.33,0,0,0,
1843,88,88,-1.42,-7.88,-5.88,0.01,-0.02,-0.00,-44.50,31.95,77.73,0,0,0,
1849,89,88,-1.50,-7.94,-5.79,0.02,-0.03,-0.01,-45.25,32.91,76.72,0,0,0,
1859,91,89,-1.57,-8.03,-5.66,0.02,-0.03,-0.01,-45.57,31.77,76.59,0,0,0,
1864,88,86,-1.57,-7.73,-5.82,0.02,-0.03,-0.01,-45.26,32.26,77.16,0,0,0,
1870,89,88,-1.49,-7.93,-5.82,0.02,-0.04,-0.02,-45.07,32.45,76.69,0,0,0,
1876,88,89,-1.43,-7.92,-5.81,0.03,-0.05,-0.02,-45.53,31.80,77.19,0,0,0,
1882,88,89,-1.43,-7.92,-5.81,0.03,-0.05,-0.02,-45.26,31.73,76.44,0,0,0,
1887,90,88,-1.58,-7.98,-5.75,0.04,-0.05,-0.02,-45.60,32.27,76.32,0,0,0,
1893,93,92,-1.50,-8.36,-5.21,0.04,-0.05,-0.02,-44.96,32.34,77.20,0,0,0,
1903,92,92,-1.51,-8.31,-5.26,0.02,-0.04,-0.01,-45.51,31.50,76.57,0,0,0,
1909,92,92,-1.51,-8.31,-5.26,0.02,-0.04,-0.01,-45.12,32.34,76.38,0,0,0,
1915,92,89,-1.60,-8.14,-5.45,0.00,-0.02,-0.01,-45.26,32.62,76.60,0,0,0,
1921,89,90,-1.41,-7.99,-5.72,-0.00,-0.02,-0.00,-45.97,32.37,77.19,0,0,0,
1927,89,90,-1.41,-7.99,-5.72,-0.00,-0.02,-0.00,-45.51,32.58,77.36,0,0,0,
1933,90,89,-1.49,-8.01,-5.71,0.00,-0.02,-0.00,-45.62,31.69,76.82,0,0,0,
1938,90,89,-1.52,-8.01,-5.67,0.00,-0.02,-0.00,-45.57,31.66,77.23,0,0,0,
1948,91,90,-1.53,-8.16,-5.46,0.00,-0.03,-0.01,-45.69,32.70,77.52,0,0,0,
1954,91,90,-1.53,-8.16,-5.46,0.00,-0.03,-0.01,-45.09,32.56,77.10,0,0,0,
1959,93,90,-1.58,-8.24,-5.37,-0.00,-0.02,-0.00,-45.18,32.15,77.10,0,0,0,
1965,93,90,-1.58,-8.24,-5.37,-0.00,-0.02,-0.00,-45.16,31.94,77.71,0,0,0,
1970,93,91,-1.57,-8.32,-5.20,-0.02,-0.01,0.00,-45.62,32.42,77.58,0,0,0,
1976,90,90,-1.49,-8.09,-5.59,-0.04,-0.01,-0.00,-45.50,32.13,77.05,0,0,0,
1982,90,90,-1.49,-8.09,-5.59,-0.04,-0.01,-0.00,-45.44,31.86,76.79,0,0,0,
1991,86,88,-1.36,-7.75,-6.13,-0.04,-0.01,-0.00,-45.62,32.17,76.18,0,0,0,
1997,90,86,-1.70,-7.89,-5.75,-0.01,-0.01,0.00,-45.91,31.73,76.75,0,0,0,
2003,91,87,-1.70,-8.00,-5.75,-0.01,-0.01,0.00,-45.51,32.29,76.75,0,0,0,
2008,89,90,-1.38,-8.00,-5.75,-0.00,-0.02,-0.00,-45.47,32.59,76.25,0,0,0,
2014,90,90,-1.49,-8.07,-5.64,-0.00,-0.02,-0.00,-45.76,32.26,76.28,0,0,0,
2019,90,90,-1.49,-8.07,-5.64,-0.00,-0.02,-0.00,-45.59,32.11,77.26,0,0,0,
2025,91,89,-1.54,-8.06,-5.61,-0.00,-0.02,-0.00,-45.47,32.23,77.33,0,0,0,
2034,92,90,-1.57,-8.14,-5.45,-0.01,-0.02,-0.00,-44.96,31.82,77.40,0,0,0,
2040,91,91,-1.44,-8.16,-5.49,-0.02,-0.01,-0.01,-45.54,31.85,77.46,0,0,0,
2046,91,91,-1.44,-8.16,-5.49,-0.02,-0.01,-0.01,-45.56,31.70,77.13,0,0,0,
2052,89,88,-1.50,-7.94,-5.63,-0.03,-0.01,-0.02,-45.56,31.26,76.94,0,0,0,
2058,89,88,-1.50,-7.94,-6.57,-0.03,-0.01,-0.02,-45.25,31.69,77.29,0,0,0,
2063,82,84,-1.33,-7.29,-6.57,-0.01,0.01,-0.02,-45.44,31.37,76.21,0,0,0,
2070,89,89,-1.46,-7.97,-5.91,0.02,0.02,-0.02,-44.55,32.01,76.98,0,0,0,
2080,94,89,-1.74,-8.23,-5.51,0.03,0.00,-0.01,-45.72,31.58,76.88,0,0,0,
2086,96,90,-1.80,-8.42,-5.04,0.03,0.00,-0.01,-45.18,32.64,76.63,0,0,0,
2091,96,90,-1.80,-8.42,-5.04,0.02,-0.02,-0.00,-45.63,31.85,77.35,0,0,0,
2097,90,92,-1.33,-8.16,-5.50,0.00,-0.02,-0.00,-45.29,32.59,76.62,0,0,0,
2103,90,92,-1.33,-8.16,-5.50,0.00,-0.02,-0.00,-45.97,31.75,76.35,0,0,0,
2108,91,87,-1.66,-7.96,-5.74,0.00,-0.01,0.00,-45.44,32.11,77.24,0,0,0,
2114,91,90,-1.51,-8.10,-5.50,0.00,-0.01,0.00,-45.37,32.48,77.10,0,0,0,
2124,91,91,-1.44,-8.22,-5.44,-0.00,-0.00,0.01,-45.64,31.91,76.50,0,0,0,
2130,91,91,-1.44,-8.22,-5.44,-0.00,-0.00,0.01,-45.69,32.01,77.33,0,0,0,
2135,91,90,-1.50,-8.17,-5.43,-0.01,0.00,0.01,-45.57,32.08,77.13,0,0,0,
2141,90,89,-1.51,-8.04,-5.64,-0.01,0.00,0.01,-45.43,32.18,75.96,0,0,0,
2147,90,89,-1.51,-8.04,-5.64,-0.02,0.00,0.01,-45.89,32.74,77.16,0,0,0,
2153,89,89,-1.45,-7.94,-5.81,-0.01,0.01,0.02,-45.98,31.96,77.07,0,0,0,
2158,89,89,-1.45,-7.94,-5.81,-0.01,0.01,0.02,-46.04,31.77,77.49,0,0,0,
2168,90,88,-1.53,-7.99,-5.71,-0.00,0.00,0.02,-46.20,31.67,77.40,0,0,0,
2174,90,89,-1.54,-8.01,-5.66,-0.01,0.00,0.02,-45.73,31.91,76.32,0,0,0,
2179,89,88,-1.47,-7.93,-5.84,-0.00,-0.00,0.01,-45.48,32.48,76.66,0,0,0,
2185,89,88,-1.47,-7.93,-5.84,-0.00,-0.00,0.01,-45.64,32.05,76.21,0,0,0,
2191,89,89,-1.46,-7.94,-5.77,0.00,-0.00,0.01,-45.37,32.17,76.69,0,0,0,
2197,90,90,-1.47,-8.07,-5.54,0.01,-0.01,0.01,-45.91,32.20,76.57,0,0,0,
2202,90,90,-1.47,-8.07,-5.54,0.01,-0.01,0.01,-45.09,31.94,76.72,0,0,0,
2212,91,90,-1.53,-8.11,-5.53,0.00,-0.01,0.01,-45.32,32.30,77.58,0,0,0,
2219,92,90,-1.57,-8.19,-5.46,-0.00,-0.00,0.01,-45.21,32.30,76.48,0,0,0,
2224,92,92,-1.48,-8.28,-5.32,-0.01,0.01,0.02,-45.44,32.33,76.54,0,0,0,
2230,92,92,-1.48,-8.28,-5.32,-0.01,0.01,0.02,-46.14,32.08,76.60,0,0,0,
2236,89,91,-1.33,-8.07,-5.54,-0.02,0.01,0.02,-45.91,31.91,76.22,0,0,0,
2242,87,90,-1.33,-7.91,-5.74,-0.02,0.01,0.02,-45.92,31.77,76.48,0,0,0,
2247,90,87,-1.58,-7.91,-5.74,-0.02,0.01,0.02,-45.81,32.34,77.04,0,0,0,
2257,89,84,-1.72,-7.70,-6.06,-0.01,0.02,0.02,-46.26,32.10,77.46,0,0,0,
2263,92,92,-1.42,-8.30,-5.48,0.01,0.03,0.03,-45.59,32.26,77.21,0,0,0,
2269,92,92,-1.42,-8.30,-5.48,0.01,0.03,0.03,-45.25,32.20,77.38,0,0,0,
2274,88,89,-1.41,-7.88,-5.84,-0.01,0.01,0.02,-45.57,31.61,76.86,0,0,0,
2280,90,88,-1.58,-7.98,-5.71,0.00,0.01,0.01,-45.88,31.63,77.99,0,0,0,
2286,90,88,-1.58,-7.98,-5.71,0.00,0.01,0.01,-45.60,32.42,77.35,0,0,0,
2292,87,88,-1.39,-7.79,-5.95,0.00,-0.00,0.01,-45.44,31.67,76.73,0,0,0,
2301,88,88,-1.45,-7.87,-5.92,0.01,-0.01,0.00,-45.75,32.02,76.31,0,0,0,
2307,89,89,-1.46,-7.99,-5.76,0.02,-0.03,-0.01,-45.56,32.01,76.86,0,0,0,
2312,89,89,-1.46,-7.99,-5.76,0.02,-0.03,-0.01,-44.69,31.57,76.94,0,0,0,
2318,88,89,-1.43,-7.92,-5.82,0.03,-0.04,-0.01,-45.79,32.37,76.98,0,0,0,
2324,88,89,-1.43,-7.92,-5.82,0.03,-0.04,-0.01,-45.32,32.42,75.77,0,0,0,
2329,91,89,-1.53,-8.07,-5.60,0.03,-0.04,-0.01,-44.72,31.28,76.24,0,0,0,
2335,92,92,-1.45,-8.32,-5.20,0.03,-0.04,-0.01,-44.80,32.15,76.75,0,0,0,
2344,93,93,-1.44,-8.42,-5.05,0.00,-0.03,-0.01,-45.05,31.75,75.34,0,0,0,
2350,93,93,-1.44,-8.42,-5.05,0.00,-0.03,-0.01,-44.72,32.08,76.40,0,0,0,
2356,91,91,-1.48,-8.21,-5.46,-0.01,-0.01,0.00,-44.55,32.18,77.21,0,0,0,
2361,91,85,-1.82,-7.88,-5.85,-0.01,-0.01,0.00,-44.99,31.99,76.28,0,0,0,
2367,91,85,-1.82,-7.88,-5.85,-0.01,0.01,0.01,-44.68,31.75,76.75,0,0,0,
2373,88,89,-1.45,-7.92,-5.87,-0.00,0.00,0.00,-44.81,31.57,76.34,0,0,0,
2379,88,89,-1.45,-7.92,-5.87,-0.00,0.00,0.00,-44.81,31.99,76.16,0,0,0,
2388,85,88,-1.32,-7.67,-6.10,0.00,-0.02,-0.00,-44.53,32.67,77.26,0,0,0,
2394,85,88,-1.26,-7.68,-6.16,0.02,-0.04,-0.01,-44.99,32.20,76.51,0,0,0,
2400,86,89,-1.31,-7.84,-5.99,0.04,-0.06,-0.02,-45.59,32.32,76.83,0,0,0,
2406,86,89,-1.31,-7.84,-5.99,0.04,-0.06,-0.02,-45.81,32.05,77.39,0,0,0,
2412,87,93,-1.10,-8.08,-5.45,0.02,-0.07,-0.06,-45.29,32.07,77.13,0,0,0,
2417,79,87,-1.01,-7.28,-6.75,0.02,-0.06,-0.09,-44.81,32.24,76.56,0,0,0,
2423,79,87,-1.01,-7.28,-6.75,0.02,-0.06,-0.09,-45.22,31.86,75.17,0,0,0,
2433,90,85,-1.73,-7.83,-6.08,0.07,-0.03,-0.07,-45.25,32.11,77.04,0,0,0,
2439,101,83,-2.49,-8.30,-5.33,0.11,-0.04,-0.03,-45.12,32.52,76.02,0,0,0,
2444,103,95,-1.90,-9.06,-4.10,0.11,-0.04,-0.02,-45.92,32.15,77.10,0,0,0,
2450,103,95,-1.90,-9.06,-4.10,0.08,-0.04,-0.02,-44.91,31.44,77.24,0,0,0,
2456,97,99,-1.36,-8.96,-4.22,0.02,-0.02,-0.01,-44.65,32.51,77.02,0,0,0,
2462,97,99,-1.36,-8.96,-4.22,0.02,-0.02,-0.01,-41.76,31.56,76.45,0,0,0,
2467,98,93,-1.72,-8.73,-4.58,-0.04,0.00,0.01,-44.68,31.94,77.38,0,0,0,
2477,89,86,-1.64,-7.84,-5.88,-0.06,0.02,0.02,-44.75,32.21,76.51,0,0,0,
2483,90,89,-1.54,-8.00,-5.68,-0.05,0.03,0.01,-44.87,32.17,75.94,0,0,0,
2489,90,89,-1.54,-8.00,-5.68,-0.05,0.03,0.01,-45.21,31.73,76.53,0,0,0,
2494,89,87,-1.58,-7.90,-5.81,-0.04,0.02,0.01,-44.90,31.45,77.51,0,0,0,
2500,88,88,-1.45,-7.86,-5.94,-0.04,0.01,-0.00,-45.18,32.21,77.26,0,0,0,
2506,88,88,-1.45,-7.86,-5.94,-0.04,0.01,-0.00,-45.91,31.44,76.91,0,0,0,
2512,86,88,-1.34,-7.77,-6.09,-0.02,0.00,-0.00,-45.34,31.66,77.23,0,0,0,
2521,88,87,-1.50,-7.82,-5.92,-0.01,-0.01,-0.01,-44.84,31.63,77.10,0,0,0,
2528,87,85,-1.59,-7.65,-6.16,0.01,-0.03,-0.02,-45.81,31.56,77.17,0,0,0,
2534,87,85,-1.59,-7.65,-6.16,0.01,-0.03,-0.02,-45.73,31.28,75.69,0,0,0,
2539,94,80,-2.28,-7.75,-5.72,0.03,-0.03,-0.04,-45.40,31.42,75.87,0,0,0,
2545,95,80,-2.28,-7.83,-5.66,0.03,-0.03,-0.04,-45.88,31.44,75.30,0,0,0,
2551,99,76,-2.71,-7.83,-5.66,0.03,-0.02,-0.07,-45.85,31.63,76.18,0,0,0,
2557,97,79,-2.46,-7.91,-5.49,0.03,-0.00,-0.11,-45.05,31.75,77.27,0,0,0,
2566,95,87,-1.93,-8.18,-5.34,0.03,0.02,-0.13,-45.43,30.96,76.28,0,0,0,
2572,95,87,-1.93,-8.18,-5.34,0.03,0.02,-0.13,-45.45,32.08,76.60,0,0,0,
2578,91,97,-1.12,-8.53,-5.14,0.02,0.04,-0.12,-45.41,31.89,76.21,0,0,0,
2588,86,99,-0.74,-8.40,-5.39,-0.00,0.03,-0.10,-45.50,31.63,76.53,0,0,0,
2842,90,91,-1.43,-8.14,-5.55,-0.02,-0.00,0.01,-45.06,31.73,76.50,0,0,0,
2848,90,91,-1.43,-8.14,-5.55,-0.02,-0.00,0.01,-45.07,31.99,77.20,0,0,0,
2854,91,90,-1.56,-8.14,-5.49,-0.02,0.00,0.01,-45.66,31.67,77.73,0,0,0,
2864,92,89,-1.61,-8.13,-5.46,-0.03,0.01,0.01,-44.83,31.37,76.53,0,0,0,
2870,88,88,-1.49,-7.89,-5.91,-0.03,0.01,0.01,-44.52,31.50,76.69,0,0,0,
2876,88,88,-1.49,-7.89,-5.91,-0.03,0.01,0.01,-45.12,31.63,76.81,0,0,0,
2881,86,89,-1.32,-7.79,-6.01,-0.01,0.00,0.00,-44.74,31.89,76.41,0,0,0,
2887,88,88,-1.46,-7.86,-5.92,0.00,-0.01,0.00,-44.93,31.91,76.03,0,0,0,
2893,88,88,-1.46,-7.86,-5.92,0.00,-0.01,0.00,-45.12,31.88,76.76,0,0,0,
2899,89,90,-1.44,-8.04,-5.63,0.01,-0.01,-0.00,-45.26,32.23,77.40,0,0,0,
2905,90,90,-1.43,-8.09,-5.55,0.00,-0.01,-0.01,-45.22,32.10,76.37,0,0,0,
2914,92,86,-1.79,-8.02,-5.58,0.00,-0.01,-0.01,-45.26,32.08,76.54,0,0,0,
2920,92,86,-1.79,-8.02,-5.58,0.00,-0.01,-0.01,-45.56,31.92,76.32,0,0,0,
2926,94,86,-1.86,-8.09,-5.57,0.00,0.00,-0.02,-45.47,32.10,76.34,0,0,0,
2931,94,86,-1.86,-8.09,-5.57,0.00,0.00,-0.02,-45.60,32.15,76.76,0,0,0,
2937,92,88,-1.67,-8.07,-5.61,-0.00,0.01,-0.03,-45.53,31.64,77.19,0,0,0,
2942,88,91,-1.28,-8.02,-5.69,0.00,0.01,-0.03,-45.62,32.27,76.48,0,0,0,
2948,88,91,-1.28,-8.02,-5.69,0.00,0.01,-0.03,-45.67,32.30,77.32,0,0,0,
2960,84,95,-0.86,-8.04,-5.85,0.01,-0.01,0.00,-44.94,31.77,77.11,0,0,0,
2966,84,95,-0.86,-8.04,-5.85,0.01,-0.01,0.00,-45.62,31.92,77.05,0,0,0,
2971,92,91,-1.51,-8.28,-5.32,0.01,-0.02,0.00,-45.06,31.60,77.36,0,0,0,
2977,92,91,-1.51,-8.28,-5.32,0.01,-0.02,0.00,-45.38,31.94,77.35,0,0,0,
2983,89,93,-1.21,-8.21,-5.48,-0.00,-0.01,0.00,-45.43,31.63,76.92,0,0,0,
2988,90,87,-1.59,-7.91,-5.86,-0.00,-0.01,0.00,-45.02,31.82,77.35,0,0,0,
2994,90,87,-1.59,-7.91,-5.86,-0.00,-0.01,0.00,-45.56,31.64,76.91,0,0,0,
3004,90,90,-1.48,-8.07,-5.69,0.00,-0.01,0.00,-45.24,32.08,77.81,0,0,0,
3010,89,89,-1.45,-8.02,-5.67,0.00,-0.01,-0.00,-45.38,31.85,77.77,0,0,0,
3016,88,89,-1.38,-7.91,-5.90,0.01,-0.02,-0.00,-45.56,32.26,77.74,0,0,0,
3022,88,89,-1.38,-7.91,-5.90,0.01,-0.02,-0.00,-45.64,31.98,77.83,0,0,0,
3027,86,87,-1.40,-7.72,-6.05,0.02,-0.03,-0.01,-45.89,31.70,76.28,0,0,0,
3033,92,91,-1.51,-8.27,-5.26,0.02,-0.02,-0.01,-45.59,31.67,76.43,0,0,0,
3039,92,91,-1.51,-8.27,-5.26,0.03,-0.02,-0.01,-45.32,32.08,76.09,0,0,0,
3048,94,95,-1.44,-8.58,-4.96,0.01,-0.01,-0.00,-44.94,31.96,76.62,0,0,0,
3054,94,94,-1.45,-8.53,-5.01,-0.02,0.01,0.01,-45.56,31.77,76.40,0,0,0,
3060,94,94,-1.45,-8.53,-5.23,-0.02,0.01,0.01,-45.13,31.64,76.47,0,0,0,
3066,91,94,-1.26,-8.38,-5.23,-0.04,0.02,0.02,-45.06,31.47,77.38,0,0,0,
3072,82,98,-0.55,-8.07,-5.83,-0.05,0.03,0.04,-45.03,31.53,76.28,0,0,0,
3077,82,98,-0.55,-8.07,-5.83,-0.05,0.03,0.04,-44.69,31.56,76.51,0,0,0,
3083,74,98,-0.11,-7.62,-6.39,-0.03,0.01,0.07,-44.93,31.83,76.89,0,0,0,
3093,85,96,-0.86,-8.11,-5.86,-0.01,-0.03,0.08,-45.48,31.25,77.24,0,0,0,
3098,93,79,-2.23,-7.60,-6.05,-0.01,-0.05,0.06,-45.13,31.10,76.92,0,0,0,
3104,93,79,-2.23,-7.60,-6.05,-0.01,-0.05,0.06,-45.47,31.15,76.98,0,0,0,
3110,90,77,-2.19,-7.39,-6.42,0.01,-0.05,0.03,-45.19,31.37,76.66,0,0,0,
3116,88,83,-1.78,-7.58,-6.20,0.01,-0.05,0.01,-46.00,31.61,76.64,0,0,0,
3121,88,83,-1.78,-7.58,-6.20,0.04,-0.06,0.01,-46.01,31.41,77.58,0,0,0,
3127,91,89,-1.61,-8.09,-5.57,0.06,-0.06,-0.00,-45.51,31.47,76.29,0,0,0,
3137,93,88,-1.78,-8.15,-5.41,0.05,-0.06,-0.01,-45.66,31.61,76.53,0,0,0,
3143,93,88,-1.78,-8.15,-5.10,0.05,-0.06,-0.01,-45.22,31.75,77.21,0,0,0,
3149,94,91,-1.65,-8.36,-5.16,0.04,-0.05,-0.01,-45.57,31.47,77.30,0,0,0,
3155,88,91,-1.33,-8.04,-5.59,0.03,-0.04,-0.01,-45.24,31.72,77.36,0,0,0,
3161,88,91,-1.33,-8.04,-5.59,0.03,-0.04,-0.01,-44.96,31.83,76.69,0,0,0,
3166,90,87,-1.68,-7.92,-5.80,0.03,-0.04,-0.01,-44.96,31.77,76.50,0,0,0,
3172,94,95,-1.41,-8.54,-4.96,0.03,-0.02,-0.01,-48.47,31.56,76.69,0,0,0,
3182,94,97,-1.29,-8.71,-4.73,-0.00,-0.01,0.00,-45.45,31.31,77.35,0,0,0,
3188,94,97,-1.29,-8.71,-4.73,-0.00,-0.01,0.00,-45.41,32.11,76.91,0,0,0,
3193,92,92,-1.47,-8.35,-5.18,-0.03,0.00,0.01,-45.35,32.05,77.01,0,0,0,
3199,91,90,-1.53,-8.10,-5.57,-0.05,0.01,0.02,-45.69,31.23,76.95,0,0,0,
3205,91,90,-1.53,-8.10,-5.57,-0.05,0.01,0.02,-45.53,31.60,77.26,0,0,0,
3211,89,89,-1.42,-7.96,-5.74,-0.05,0.02,0.02,-45.67,31.79,76.43,0,0,0,
3216,89,89,-1.42,-7.96,-5.98,-0.05,0.02,0.02,-45.06,31.75,76.82,0,0,0,
3226,88,89,-1.40,-7.89,-5.88,-0.04,0.02,0.02,-44.97,31.75,77.21,0,0,0,
3232,88,89,-1.40,-7.89,-5.88,-0.02,0.01,0.02,-45.88,31.89,77.05,0,0,0,
3238,88,88,-1.45,-7.90,-5.83,-0.02,0.00,0.01,-46.02,32.10,76.35,0,0,0,
3243,88,88,-1.45,-7.90,-5.83,-0.02,0.00,0.01,-45.64,31.56,77.49,0,0,0,
3249,87,88,-1.39,-7.84,-6.01,-0.01,-0.01,0.01,-45.62,31.92,77.35,0,0,0,
3255,87,88,-1.40,-7.80,-5.98,0.01,-0.02,0.00,-45.43,31.77,76.81,0,0,0,
3260,87,88,-1.40,-7.80,-5.98,0.01,-0.02,0.00,-45.54,32.24,77.04,0,0,0,
3270,88,89,-1.45,-7.92,-5.84,0.02,-0.03,-0.00,-45.59,31.75,76.67,0,0,0,
3276,89,89,-1.41,-7.97,-5.74,0.02,-0.03,-0.01,-45.44,32.26,78.18,0,0,0,
3281,89,90,-1.43,-8.05,-5.68,0.02,-0.04,-0.01,-45.50,31.66,77.26,0,0,0,
3287,89,90,-1.43,-8.05,-5.68,0.03,-0.04,-0.01,-45.85,31.82,77.83,0,0,0,
3293,91,90,-1.48,-8.13,-5.49,0.03,-0.04,-0.01,-45.51,32.07,77.13,0,0,0,
3298,91,90,-1.48,-8.13,-5.49,0.03,-0.04,-0.01,-45.60,31.72,77.21,0,0,0,
3304,90,90,-1.47,-8.09,-5.57,0.02,-0.03,-0.01,-44.99,31.15,76.62,0,0,0,
3314,90,91,-1.40,-8.18,-5.47,0.02,-0.03,-0.00,-45.50,31.80,76.91,0,0,0,
3320,91,93,-1.39,-8.31,-5.28,0.01,-0.02,0.00,-45.10,31.56,77.17,0,0,0,
3326,91,93,-1.39,-8.31,-5.28,0.01,-0.02,0.00,-45.54,31.80,76.75,0,0,0,
3331,89,94,-1.16,-8.25,-5.45,-0.00,-0.02,0.01,-45.69,31.19,76.88,0,0,0,
3337,89,90,-1.40,-8.03,-5.64,-0.01,-0.02,0.02,-45.29,31.60,75.64,0,0,0,
3342,89,90,-1.40,-8.03,-5.64,-0.01,-0.02,0.02,-45.47,31.99,76.44,0,0,0,
3348,92,89,-1.63,-8.10,-5.51,-0.01,-0.01,0.02,-41.67,31.98,77.21,0,0,0,
3357,92,87,-1.74,-8.05,-5.58,-0.01,-0.01,0.01,-44.69,31.77,77.78,0,0,0,
3363,92,87,-1.74,-8.05,-5.58,-0.01,-0.01,0.01,-44.90,31.83,77.61,0,0,0,
3369,88,89,-1.43,-7.94,-5.82,-0.01,-0.00,0.01,-46.00,31.64,77.35,0,0,0,
3375,89,90,-1.40,-8.05,-5.65,-0.00,-0.01,0.01,-45.45,32.08,76.64,0,0,0,
3380,89,90,-1.40,-8.05,-5.65,-0.00,-0.01,0.01,-45.16,31.69,77.57,0,0,0,
3386,90,89,-1.48,-8.02,-5.66,-0.00,-0.01,0.00,-46.00,32.07,76.83,0,0,0,
3392,87,89,-1.39,-7.86,-5.92,0.00,-0.01,0.00,-45.21,32.11,76.94,0,0,0,
3401,89,90,-1.45,-8.03,-5.68,0.01,-0.02,0.00,-45.70,32.10,77.48,0,0,0,
3407,89,90,-1.45,-8.03,-5.68,0.01,-0.02,0.00,-45.56,31.60,76.25,0,0,0,
3413,90,91,-1.45,-8.13,-5.53,0.01,-0.02,0.00,-45.60,31.92,77.40,0,0,0,
3419,90,90,-1.45,-8.08,-5.62,0.01,-0.02,0.00,-45.03,31.88,77.39,0,0,0,
3425,90,90,-1.45,-8.08,-5.62,0.01,-0.02,-0.00,-45.40,31.95,77.14,0,0,0,
3430,90,90,-1.46,-8.09,-5.56,0.01,-0.01,0.00,-45.13,32.30,76.95,0,0,0,
3436,90,90,-1.46,-8.09,-5.56,0.01,-0.01,0.00,-45.12,32.15,78.14,0,0,0,
3446,91,90,-1.51,-8.18,-5.43,0.00,-0.01,0.00,-44.99,31.70,77.80,0,0,0,
3452,92,91,-1.49,-8.22,-5.41,-0.01,-0.00,0.01,-45.43,31.80,76.81,0,0,0,
3458,90,91,-1.41,-8.10,-5.57,-0.01,-0.00,0.01,-45.16,31.58,76.82,0,0,0,
3464,90,91,-1.41,-8.10,-5.57,-0.01,-0.00,0.01,-45.45,32.45,76.38,0,0,0,
3470,89,89,-1.43,-7.98,-5.70,-0.01,0.00,0.01,-45.57,32.27,76.45,0,0,0,
3475,88,89,-1.40,-7.95,-5.79,-0.01,0.00,0.01,-45.45,32.18,77.55,0,0,0,
3481,88,89,-1.40,-7.95,-5.79,-0.01,0.00,0.01,-46.01,31.72,77.26,0,0,0,
3491,89,90,-1.40,-8.00,-5.76,-0.00,-0.00,0.01,-45.63,31.94,77.11,0,0,0,
3497,90,90,-1.46,-8.09,-5.58,-0.00,-0.01,0.01,-45.91,31.99,76.15,0,0,0,
3502,89,89,-1.44,-7.96,-5.77,-0.00,-0.01,0.00,-45.83,32.11,77.21,0,0,0,
3508,89,89,-1.44,-7.96,-5.77,-0.00,-0.01,0.00,-45.45,31.34,77.42,0,0,0,
3514,88,88,-1.46,-7.84,-5.92,0.00,-0.01,0.00,-41.49,32.08,75.91,0,0,0,
3519,88,88,-1.46,-7.84,-5.92,0.00,-0.01,0.00,-44.69,31.89,78.33,0,0,0,
3525,91,91,-1.47,-8.18,-5.49,0.01,-0.02,0.00,-45.47,31.91,77.67,0,0,0,
3535,91,91,-1.42,-8.20,-5.39,0.00,-0.02,-0.00,-45.24,32.43,76.97,0,0,0,
3541,88,88,-1.43,-7.86,-5.91,0.00,-0.02,-0.00,-45.05,31.85,77.39,0,0,0,
3546,88,88,-1.43,-7.86,-5.91,0.00,-0.02,-0.00,-45.76,31.28,77.80,0,0,0,
3552,89,88,-1.48,-7.91,-5.79,0.01,-0.02,0.00,-45.57,31.26,76.38,0,0,0,
3558,91,91,-1.43,-8.20,-5.43,0.01,-0.02,-0.00,-45.26,31.69,77.45,0,0,0,
3563,91,91,-1.43,-8.20,-5.43,0.01,-0.02,-0.00,-45.44,31.47,77.33,0,0,0,
3569,89,89,-1.45,-7.94,-5.83,0.01,-0.02,-0.00,-44.48,31.95,77.17,0,0,0,
3579,89,89,-1.47,-7.99,-5.77,0.01,-0.02,-0.00,-45.31,31.34,77.01,0,0,0,
3585,90,90,-1.46,-8.11,-5.50,0.01,-0.02,-0.00,-45.00,31.57,77.51,0,0,0,
3590,90,90,-1.46,-8.11,-5.50,0.01,-0.02,-0.00,-45.19,32.04,77.27,0,0,0,
3596,90,90,-1.43,-8.07,-5.61,0.01,-0.02,-0.00,-45.02,32.08,77.02,0,0,0,
3602,90,90,-1.43,-8.07,-5.61,0.01,-0.02,-0.00,-45.22,31.72,77.96,0,0,0,
3608,90,90,-1.46,-8.11,-5.56,0.01,-0.02,-0.00,-45.43,31.53,77.08,0,0,0,
3614,91,91,-1.48,-8.20,-5.41,0.01,-0.02,-0.00,-45.92,31.61,77.17,0,0,0,
3624,91,92,-1.38,-8.25,-5.42,-0.00,-0.01,-0.00,-45.22,31.54,77.35,0,0,0,
3629,91,92,-1.38,-8.25,-5.42,-0.00,-0.01,-0.00,-45.79,31.92,77.86,0,0,0,
3635,90,90,-1.45,-8.07,-5.59,-0.01,-0.01,0.00,-45.47,31.83,77.36,0,0,0,
3641,90,88,-1.54,-7.98,-5.66,-0.01,-0.01,0.00,-45.38,31.89,77.07,0,0,0,
3646,90,88,-1.54,-7.98,-5.66,-0.01,-0.01,0.00,-46.01,32.02,77.02,0,0,0,
3652,88,90,-1.36,-8.00,-5.76,-0.01,-0.01,0.00,-45.69,32.68,76.60,0,0,0,
3657,88,90,-1.36,-8.00,-5.76,-0.01,-0.01,0.00,-45.62,32.43,77.16,0,0,0,
3667,89,89,-1.45,-8.01,-5.64,-0.00,-0.01,0.00,-45.78,31.88,77.26,0,0,0,
3673,90,89,-1.48,-8.04,-5.64,-0.00,-0.01,-0.00,-45.26,31.76,77.01,0,0,0,
3678,89,89,-1.45,-7.98,-5.72,0.00,-0.02,-0.00,-45.67,31.47,77.35,0,0,0,
3684,89,89,-1.45,-7.98,-5.72,0.00,-0.02,-0.00,-45.88,32.26,76.81,0,0,0,
3690,90,89,-1.48,-8.03,-5.69,0.00,-0.02,-0.01,-45.60,31.06,75.91,0,0,0,
3695,89,90,-1.43,-8.01,-5.67,0.00,-0.02,-0.01,-45.48,31.94,75.88,0,0,0,
3701,89,90,-1.43,-8.01,-5.67,0.00,-0.02,-0.01,-45.44,31.95,76.64,0,0,0,
3710,89,90,-1.41,-8.01,-5.74,0.01,-0.03,-0.01,-45.32,31.95,77.92,0,0,0,
3716,88,89,-1.42,-7.93,-5.80,0.01,-0.03,-0.01,-44.39,31.67,76.82,0,0,0,
3722,88,89,-1.42,-7.93,-5.80,0.01,-0.03,-0.01,-44.64,31.58,76.67,0,0,0,
3728,90,90,-1.47,-8.11,-5.57,0.02,-0.03,-0.01,-45.35,32.53,76.13,0,0,0,
3733,90,91,-1.42,-8.13,-5.55,0.01,-0.03,-0.01,-45.83,32.05,77.16,0,0,0,
3739,90,91,-1.42,-8.13,-5.55,0.01,-0.03,-0.01,-45.83,32.05,76.88,0,0,0,
3745,87,89,-1.37,-7.87,-5.87,0.01,-0.03,-0.01,-44.96,32.21,77.52,0,0,0,
3754,87,85,-1.58,-7.65,-6.21,0.03,-0.03,-0.01,-45.03,31.94,76.82,0,0,0,
3761,95,94,-1.51,-8.56,-4.96,0.04,-0.03,-0.01,-45.29,32.45,77.48,0,0,0,
3767,95,94,-1.51,-8.56,-4.96,0.04,-0.03,-0.01,-44.80,32.27,76.15,0,0,0,
3773,89,93,-1.20,-8.20,-5.45,0.01,-0.03,-0.01,-44.99,32.13,76.19,0,0,0,
3778,90,89,-1.53,-8.05,-5.67,0.01,-0.03,-0.00,-45.31,31.86,76.72,0,0,0,
3784,90,89,-1.53,-8.05,-5.67,0.01,-0.03,-0.00,-45.26,31.98,77.16,0,0,0,
3790,90,87,-1.62,-7.94,-5.77,0.01,-0.02,-0.01,-45.83,31.83,76.12,0,0,0,
3799,91,93,-1.30,-8.31,-5.32,0.01,-0.02,-0.01,-44.64,32.04,77.40,0,0,0,
3805,91,93,-1.36,-8.30,-5.28,0.01,-0.02,-0.01,-45.12,31.54,77.58,0,0,0,
3811,91,93,-1.36,-8.30,-5.28,0.00,-0.02,-0.00,-45.03,31.85,77.24,0,0,0,
3817,94,93,-1.53,-8.46,-5.01,-0.02,-0.01,0.00,-44.74,31.56,77.65,0,0,0,
3822,94,93,-1.53,-8.46,-5.01,-0.02,-0.01,0.00,-45.12,32.61,76.85,0,0,0,
3828,89,89,-1.44,-7.97,-5.69,-0.03,0.00,0.01,-44.78,31.92,77.76,0,0,0,
3834,91,87,-1.66,-7.98,-5.75,-0.03,0.00,0.01,-45.26,32.23,77.55,0,0,0,
3843,87,89,-1.36,-7.83,-5.97,-0.02,0.00,0.00,-44.97,31.66,77.27,0,0,0,
3849,87,89,-1.36,-7.83,-5.97,-0.02,0.00,0.00,-45.38,32.61,77.00,0,0,0,
3855,90,90,-1.49,-8.07,-5.66,-0.01,-0.00,0.00,-45.12,32.29,77.08,0,0,0,
3861,87,90,-1.29,-7.88,-5.99,-0.01,-0.01,0.00,-45.07,31.96,76.97,0,0,0,
3867,87,90,-1.29,-7.88,-5.99,-0.00,-0.01,0.00,-45.45,32.45,77.24,0,0,0,
3872,88,89,-1.40,-7.96,-5.74,0.00,-0.02,0.00,-45.60,31.91,76.45,0,0,0,
3878,88,89,-1.40,-7.96,-5.74,0.00,-0.02,0.00,-45.54,32.51,76.83,0,0,0,
3887,89,90,-1.39,-8.06,-5.94,0.00,-0.02,-0.00,-45.35,31.91,77.26,0,0,0,
3893,88,89,-1.43,-7.93,-5.88,0.01,-0.03,-0.01,-44.84,32.13,76.53,0,0,0,
3899,90,89,-1.49,-8.02,-5.65,0.02,-0.03,-0.01,-45.19,31.89,76.72,0,0,0,
3905,90,89,-1.49,-8.02,-5.65,0.02,-0.03,-0.01,-44.96,32.24,76.66,0,0,0,
3911,91,91,-1.49,-8.19,-5.43,0.02,-0.03,-0.01,-45.06,31.53,76.94,0,0,0,
3917,91,91,-1.44,-8.17,-5.49,0.01,-0.02,-0.00,-44.94,32.02,76.69,0,0,0,
3923,91,91,-1.44,-8.17,-5.49,0.01,-0.02,-0.00,-45.53,31.79,76.89,0,0,0,
3929,90,90,-1.42,-8.09,-5.59,0.00,-0.02,0.00,-45.50,32.14,76.60,0,0,0,
3937,92,90,-1.57,-8.18,-5.46,0.00,-0.01,0.00,-46.14,31.95,76.59,0,0,0,
3943,91,92,-1.40,-8.21,-5.42,0.00,-0.01,0.00,-45.75,32.21,76.15,0,0,0,
3949,91,92,-1.40,-8.21,-5.42,-0.01,-0.00,0.00,-45.43,31.86,77.24,0,0,0,
3955,91,90,-1.48,-8.13,-5.50,-0.01,-0.00,0.01,-45.73,31.58,77.17,0,0,0,
3961,91,90,-1.48,-8.13,-5.50,-0.01,-0.00,0.01,-45.82,32.07,77.26,0,0,0,
3966,89,90,-1.43,-8.04,-5.60,-0.02,0.00,0.01,-45.83,32.01,76.40,0,0,0,
3972,88,90,-1.39,-7.97,-5.81,-0.01,-0.00,0.01,-45.41,31.53,77.80,0,0,0,
3982,90,89,-1.51,-8.04,-5.69,-0.01,-0.00,0.01,-44.90,32.04,76.43,0,0,0,
3987,90,89,-1.51,-8.04,-5.69,-0.01,-0.00,0.01,-45.38,31.15,76.67,0,0,0,
3993,88,90,-1.34,-7.99,-5.71,-0.01,-0.01,0.00,-45.00,31.96,77.57,0,0,0,
3999,87,88,-1.43,-7.79,-6.01,-0.01,-0.01,0.00,-45.03,31.85,76.48,0,0,0,
4004,87,88,-1.43,-7.79,-6.01,-0.00,-0.01,0.00,-45.34,31.77,76.72,0,0,0,
4010,88,88,-1.42,-7.86,-5.95,0.01,-0.02,0.00,-45.34,31.57,77.40,0,0,0,
4015,88,88,-1.42,-7.86,-5.95,0.01,-0.02,0.00,-46.17,31.73,76.82,0,0,0,
4025,91,92,-1.42,-8.22,-5.41,0.02,-0.02,0.00,-45.62,31.63,77.33,0,0,0,
4031,93,92,-1.48,-8.36,-5.21,0.01,-0.02,0.00,-45.35,31.39,75.91,0,0,0,
4036,91,91,-1.46,-8.24,-5.36,-0.01,-0.01,0.00,-45.45,31.95,76.83,0,0,0,
4042,91,91,-1.46,-8.24,-5.36,-0.01,-0.01,0.00,-44.83,31.72,78.21,0,0,0,
4047,91,90,-1.49,-8.11,-5.51,-0.02,-0.00,0.01,-44.86,31.26,77.32,0,0,0,
4053,91,90,-1.49,-8.11,-5.21,-0.02,-0.00,0.01,-45.31,31.82,76.53,0,0,0,
4059,93,89,-1.64,-8.19,-5.41,-0.02,0.01,0.01,-45.16,31.20,76.09,0,0,0,
4069,89,88,-1.53,-7.93,-5.80,-0.03,0.01,0.01,-45.21,31.66,76.45,0,0,0,
4075,87,87,-1.44,-7.75,-6.08,-0.01,0.01,0.00,-45.59,31.63,76.70,0,0,0,
4081,87,87,-1.44,-7.75,-5.89,-0.01,0.01,0.00,-45.59,31.79,76.31,0,0,0,
4086,89,87,-1.53,-7.87,-5.89,0.00,-0.00,-0.00,-45.97,31.86,76.59,0,0,0,
4092,90,88,-1.58,-7.95,-5.71,0.01,-0.01,-0.01,-45.86,31.58,76.70,0,0,0,
4098,90,88,-1.58,-7.95,-5.71,0.01,-0.01,-0.01,-44.91,31.69,76.97,0,0,0,
4104,90,87,-1.60,-7.94,-5.73,0.01,-0.01,-0.02,-45.53,31.89,77.43,0,0,0,
4113,90,89,-1.50,-8.00,-5.68,0.01,-0.01,-0.03,-45.63,32.74,75.97,0,0,0,
4119,85,95,-0.88,-8.11,-5.78,0.02,-0.02,-0.02,-45.34,32.55,76.73,0,0,0,
4125,85,95,-0.88,-8.11,-5.78,0.02,-0.02,-0.02,-46.32,32.10,75.55,0,0,0,
4131,90,93,-1.28,-8.24,-5.53,0.02,-0.03,-0.01,-45.88,31.96,76.38,0,0,0,
4136,89,87,-1.56,-7.86,-5.78,0.02,-0.03,-0.01,-45.86,31.94,76.10,0,0,0,
4142,89,87,-1.56,-7.86,-5.78,0.02,-0.02,-0.00,-45.57,31.56,76.35,0,0,0,
4148,94,92,-1.57,-8.39,-5.14,0.02,-0.01,-0.00,-45.98,31.95,75.71,0,0,0,
4157,90,95,-1.18,-8.38,-5.22,-0.00,-0.00,0.00,-45.48,31.63,76.05,0,0,0,
4163,90,95,-1.18,-8.38,-5.53,-0.00,-0.00,0.00,-45.75,32.02,76.82,0,0,0,
4169,90,92,-1.36,-8.16,-5.55,-0.02,-0.00,0.01,-45.59,31.89,75.99,0,0,0,
4175,90,85,-1.72,-7.78,-5.96,-0.01,-0.00,0.01,-45.24,31.64,75.48,0,0,0,
4181,90,85,-1.72,-7.78,-5.96,-0.01,-0.00,0.01,-45.29,31.35,76.07,0,0,0,
4186,88,87,-1.52,-7.85,-5.92,0.00,0.00,0.00,-45.85,31.75,75.55,0,0,0,
4192,87,89,-1.38,-7.85,-5.90,0.01,-0.01,-0.00,-45.59,31.39,75.21,0,0,0,
4201,90,91,-1.39,-8.10,-5.63,0.02,-0.01,-0.00,-45.45,32.01,75.48,0,0,0,
4207,90,91,-1.39,-8.10,-5.63,0.02,-0.01,-0.00,-45.40,31.63,76.15,0,0,0,
4213,87,90,-1.33,-7.93,-5.84,0.02,-0.02,-0.01,-45.24,31.88,76.13,0,0,0,
4219,88,90,-1.33,-7.95,-5.77,0.02,-0.02,-0.01,-46.07,31.80,76.79,0,0,0,
4225,88,90,-1.39,-7.95,-5.77,0.03,-0.03,-0.01,-45.72,32.20,76.25,0,0,0,
4231,90,90,-1.41,-8.08,-5.61,0.03,-0.03,-0.01,-45.51,32.18,76.07,0,0,0,
4237,90,90,-1.41,-8.08,-5.61,0.03,-0.03,-0.01,-45.35,31.44,76.86,0,0,0,
4246,99,99,-1.45,-9.11,-4.56,0.03,-0.03,-0.01,-45.29,31.35,76.05,0,0,0,
4252,96,100,-1.25,-8.97,-4.56,0.02,-0.01,-0.00,-45.31,31.64,76.31,0,0,0,
4258,91,88,-1.65,-8.05,-5.20,-0.02,-0.01,0.01,-45.41,31.92,76.59,0,0,0,
4264,91,88,-1.65,-8.05,-5.20,-0.02,-0.01,0.01,-45.02,31.69,75.84,0,0,0,
4269,82,74,-1.89,-6.74,-7.51,-0.00,-0.00,-0.00,-45.57,31.53,75.40,0,0,0,
4275,88,97,-0.98,-8.36,-5.45,0.05,-0.01,-0.01,-45.38,31.32,75.94,0,0,0,
4281,88,97,-0.98,-8.36,-5.45,0.05,-0.01,-0.01,-45.83,31.79,76.12,0,0,0,
4291,92,95,-1.26,-8.48,-5.02,0.03,-0.02,0.00,-45.70,32.11,75.69,0,0,0,
4297,94,91,-1.66,-8.36,-5.16,0.00,-0.01,0.00,-45.48,32.17,76.21,0,0,0,
4302,88,86,-1.53,-7.76,-6.11,-0.31,-0.01,-0.00,-45.47,31.32,75.52,0,0,0,
4308,88,86,-1.53,-7.76,-6.11,-0.00,-0.01,-0.00,-45.24,31.77,75.96,0,0,0,
4314,89,89,-1.47,-8.02,-5.66,0.02,-0.02,-0.01,-45.32,31.85,75.86,0,0,0,
4319,89,89,-1.47,-8.02,-5.66,0.02,-0.02,-0.01,-45.64,32.32,76.16,0,0,0,
4325,92,93,-1.38,-8.38,-5.20,0.01,-0.02,-0.01,-45.31,31.70,76.95,0,0,0,
4335,90,90,-1.43,-8.07,-5.53,0.00,-0.02,-0.00,-45.38,31.79,76.05,0,0,0,
4340,91,89,-1.59,-8.07,-5.56,-0.00,-0.01,-0.00,-45.54,32.17,76.73,0,0,0,
4346,91,89,-1.59,-8.07,-5.56,-0.00,-0.01,-0.00,-45.67,31.37,75.93,0,0,0,
4352,90,92,-1.38,-8.18,-5.50,-0.01,-0.00,-0.00,-45.40,31.85,76.16,0,0,0,
4357,90,92,-1.36,-8.21,-5.44,-0.01,0.31,0.00,-45.89,32.37,76.59,0,0,0,
4363,90,92,-1.36,-8.21,-5.44,-0.01,0.00,0.00,-45.45,31.47,76.00,0,0,0,
4368,90,91,-1.39,-8.11,-5.50,-0.02,0.00,0.01,-45.76,31.56,76.63,0,0,0,
4379,90,91,-1.44,-8.15,-5.45,-0.02,0.01,0.01,-45.81,31.88,75.71,0,0,0,
4385,88,90,-1.35,-8.02,-5.70,-0.02,0.01,0.01,-45.26,31.60,76.85,0,0,0,
4390,88,90,-1.35,-8.02,-5.70,-0.03,0.01,0.01,-45.47,31.70,75.56,0,0,0,
4396,89,89,-1.43,-7.97,-5.82,-0.02,0.01,0.01,-45.94,31.20,76.83,0,0,0,
4402,89,89,-1.43,-7.97,-5.82,-0.02,0.01,0.01,-45.54,32.04,75.39,0,0,0,
4407,90,89,-1.53,-8.00,-5.72,-0.02,0.01,0.01,-45.31,31.89,76.72,0,0,0,
4413,89,90,-1.42,-8.00,-5.69,-0.02,0.01,0.01,-45.62,32.01,75.99,0,0,0,
4422,87,91,-1.26,-7.98,-5.87,-0.01,0.00,0.01,-45.79,31.50,76.13,0,0,0,
4428,87,91,-1.26,-7.98,-5.87,-0.01,0.00,0.01,-44.86,31.64,75.87,0,0,0,
4434,89,92,-1.29,-8.15,-5.55,-0.01,-0.01,0.01,-45.09,31.60,74.85,0,0,0,
4440,90,93,-1.29,-8.27,-5.37,-0.01,-0.01,0.01,-45.06,32.02,75.58,0,0,0,
4445,90,93,-1.28,-8.27,-5.37,-0.01,-0.01,0.01,-45.44,31.99,76.03,0,0,0,
4451,88,90,-1.33,-7.94,-5.81,-0.02,-0.02,0.01,-45.54,32.14,75.93,0,0,0,
4457,88,90,-1.33,-7.94,-5.81,-0.02,-0.02,0.01,-45.63,31.26,75.49,0,0,0,
4466,87,87,-1.46,-7.78,-5.97,-0.01,-0.02,0.01,-45.75,31.47,76.40,0,0,0,
4472,92,87,-1.72,-8.00,-5.69,0.00,-0.02,0.01,-45.95,31.69,76.22,0,0,0,
4478,92,86,-1.82,-7.98,-5.67,0.00,-0.01,0.00,-45.51,32.08,76.76,0,0,0,
4484,92,86,-1.82,-7.98,-5.67,0.00,-0.01,0.00,-45.83,31.95,76.51,0,0,0,
4489,92,90,-1.59,-8.20,-5.41,0.00,-0.01,-0.00,-45.16,32.17,76.13,0,0,0,
4495,87,93,-1.13,-8.05,-5.66,0.00,-0.01,-0.00,-45.91,31.83,75.68,0,0,0,
4501,87,93,-1.13,-8.05,-5.66,-0.00,-0.01,-0.00,-46.08,31.66,75.45,0,0,0,
4510,88,91,-1.31,-8.02,-5.80,-0.00,-0.01,0.00,-45.66,32.08,76.05,0,0,0,
4516,90,92,-1.33,-8.23,-5.44,0.00,-0.02,0.00,-46.19,31.80,77.07,0,0,0,
4522,90,92,-1.33,-8.23,-5.53,0.00,-0.02,0.00,-45.82,32.01,76.02,0,0,0,
4529,89,93,-1.22,-8.17,-5.53,-0.00,-0.02,0.01,-45.62,31.98,75.93,0,0,0,
4534,89,91,-1.31,-8.08,-5.62,-0.01,-0.02,0.01,-45.89,31.60,75.46,0,0,0,
4540,89,91,-1.31,-8.08,-5.62,-0.01,-0.02,0.01,-44.75,32.10,76.21,0,0,0,
4546,88,87,-1.46,-7.81,-5.96,-0.01,-0.03,0.01,-45.78,32.14,76.37,0,0,0,
4555,89,86,-1.62,-7.84,-5.87,0.00,-0.03,0.01,-45.91,31.57,76.66,0,0,0,
4561,91,85,-1.79,-7.84,-5.89,0.01,-0.03,0.00,-45.67,32.26,75.84,0,0,0,
4567,91,85,-1.79,-7.84,-5.89,0.01,-0.03,0.00,-45.88,31.94,75.74,0,0,0,
4573,91,88,-1.59,-8.04,-5.61,0.02,-0.02,-0.01,-45.44,32.11,76.76,0,0,0,
4579,90,92,-1.37,-8.22,-5.39,0.02,-0.02,-0.00,-45.69,31.88,75.97,0,0,0,
4584,90,92,-1.37,-8.22,-5.39,0.02,-0.02,-0.00,-45.53,31.48,76.82,0,0,0,
4590,90,91,-1.40,-8.19,-5.45,0.01,-0.02,-0.00,-46.10,32.14,76.91,0,0,0,
4600,88,86,-1.56,-7.79,-5.96,0.01,-0.02,-0.00,-45.19,32.62,76.57,0,0,0,
4605,89,84,-1.70,-7.70,-6.11,0.01,-0.02,-0.01,-45.73,32.52,77.01,0,0,0,
4611,89,84,-1.70,-7.70,-6.11,0.03,-0.01,-0.01,-45.48,32.70,76.91,0,0,0,
4617,89,92,-1.31,-8.15,-5.56,0.04,-0.01,-0.01,-45.60,32.37,76.09,0,0,0,
4623,89,92,-1.31,-8.15,-5.56,0.04,-0.01,-0.01,-45.64,32.39,77.07,0,0,0,
4628,93,101,-1.03,-8.87,-4.62,0.03,-0.01,-0.00,-46.07,32.02,76.79,0,0,0,
4634,93,99,-1.12,-8.72,-4.65,-0.02,-0.01,0.01,-46.11,32.72,76.69,0,0,0,
4644,87,86,-1.47,-7.68,-6.16,-0.04,-0.01,0.02,-45.97,32.46,76.83,0,0,0,
4650,87,86,-1.47,-7.68,-6.16,-0.04,-0.01,0.02,-45.44,32.13,76.16,0,0,0,
4655,89,83,-1.75,-7.65,-6.18,-0.02,-0.00,0.01,-45.88,32.40,76.48,0,0,0,
4661,92,91,-1.54,-8.23,-5.35,-0.00,0.00,0.01,-45.59,32.84,76.82,0,0,0,
4667,92,91,-1.54,-8.23,-5.35,-0.00,0.00,0.01,-44.97,32.36,75.88,0,0,0,
4673,91,92,-1.40,-8.21,-5.44,-0.02,-0.00,0.01,-45.50,31.95,76.50,0,0,0,
4678,91,92,-1.40,-8.21,-6.06,-0.02,-0.00,0.01,-45.00,31.92,76.62,0,0,0,
4689,88,88,-1.50,-7.87,-5.88,-0.01,-0.00,0.01,-45.05,31.48,75.97,0,0,0,
4695,88,88,-1.50,-7.87,-5.88,-0.01,-0.00,0.01,-45.75,31.35,76.38,0,0,0,
4700,88,89,-1.41,-7.96,-5.73,0.00,-0.01,0.00,-45.76,31.76,76.62,0,0,0,
4706,88,89,-1.41,-7.96,-5.73,0.00,-0.01,0.00,-45.72,31.92,75.93,0,0,0,
4711,88,90,-1.33,-7.98,-5.75,0.00,-0.01,0.00,-45.91,32.02,76.48,0,0,0,
4717,89,91,-1.36,-8.06,-5.71,0.01,-0.02,-0.00,-45.57,31.60,76.09,0,0,0,
4723,89,91,-1.36,-8.06,-5.71,0.01,-0.02,-0.00,-46.00,31.41,76.28,0,0,0,
4732,90,90,-1.43,-8.09,-5.61,0.01,-0.02,-0.00,-45.44,32.04,75.97,0,0,0,
4738,91,90,-1.48,-8.13,-5.50,0.01,-0.02,0.00,-45.54,31.79,77.84,0,0,0,
4744,90,89,-1.49,-7.99,-5.71,0.01,-0.02,0.00,-45.92,31.51,76.62,0,0,0,
4749,90,89,-1.49,-7.99,-5.71,0.01,-0.02,0.00,-45.69,32.32,77.13,0,0,0,
4755,91,89,-1.56,-8.05,-5.64,0.01,-0.02,0.00,-45.76,31.92,76.28,0,0,0,
4760,91,89,-1.56,-8.05,-5.64,0.01,-0.02,0.00,-45.75,32.20,76.69,0,0,0,
4766,91,90,-1.53,-8.10,-5.56,0.01,-0.01,0.00,-45.73,31.75,75.96,0,0,0,
4775,90,91,-1.42,-8.11,-5.55,0.01,-0.01,0.00,-45.40,31.58,75.65,0,0,0,
4781,90,91,-1.39,-8.17,-5.45,0.00,-0.01,0.00,-45.53,31.54,76.81,0,0,0,
4787,90,91,-1.39,-8.17,-5.45,0.00,-0.01,0.00,-45.32,31.29,76.82,0,0,0,
4793,89,90,-1.41,-8.05,-5.61,-0.00,-0.01,0.00,-45.59,31.60,76.40,0,0,0,
4798,89,90,-1.40,-7.99,-5.77,-0.00,-0.01,-0.31,-45.98,31.94,76.59,0,0,0,
4804,89,90,-1.40,-7.99,-5.77,-0.00,-0.02,-0.00,-45.63,32.02,75.58,0,0,0,
4810,89,91,-1.36,-8.06,-5.64,0.00,-0.02,-0.00,-45.67,31.42,76.47,0,0,0,
4820,90,89,-1.47,-8.04,-5.62,0.00,-0.02,-0.00,-45.48,31.99,76.37,0,0,0,
4825,90,89,-1.47,-8.04,-5.62,0.00,-0.02,-0.00,-46.07,32.04,75.93,0,0,0,
4831,89,89,-1.48,-7.95,-5.77,0.00,-0.02,-0.00,-45.38,31.63,75.61,0,0,0,
4838,90,90,-1.47,-8.04,-5.69,0.01,-0.02,-0.00,-45.15,31.50,76.32,0,0,0,
4844,90,90,-1.47,-8.04,-5.69,0.01,-0.02,-0.00,-45.24,31.61,76.81,0,0,0,
4849,90,90,-1.47,-8.08,-5.57,0.01,-0.02,-0.00,-45.82,31.98,76.06,0,0,0,
4855,90,90,-1.46,-8.11,-5.55,0.01,-0.02,-0.00,-45.70,31.85,76.02,0,0,0,
4865,90,90,-1.43,-8.11,-5.57,0.00,-0.02,-0.00,-45.59,32.26,76.19,0,0,0,
4871,90,90,-1.43,-8.11,-5.57,0.00,-0.02,-0.00,-45.60,31.60,76.26,0,0,0,
4876,90,91,-1.43,-8.11,-5.53,0.00,-0.01,-0.00,-45.63,32.29,76.34,0,0,0,
4882,90,90,-1.45,-8.08,-5.61,-0.00,-0.01,-0.00,-45.62,32.36,76.85,0,0,0,
4888,90,90,-1.45,-8.08,-5.61,-0.00,-0.01,-0.00,-45.48,31.94,76.05,0,0,0,
4893,89,90,-1.41,-7.99,-5.75,-0.00,-0.01,-0.00,-46.16,31.51,76.45,0,0,0,
4899,89,90,-1.41,-7.99,-5.75,-0.00,-0.01,-0.00,-45.51,32.02,76.59,0,0,0,
4909,90,89,-1.47,-8.02,-5.68,0.00,-0.02,-0.00,-45.22,31.47,77.04,0,0,0,
4915,90,89,-1.48,-8.02,-5.68,0.00,-0.02,-0.00,-45.72,31.83,76.89,0,0,0,
4920,89,90,-1.39,-7.99,-5.75,0.01,-0.02,-0.00,-45.63,32.11,76.18,0,0,0,
4926,89,90,-1.39,-7.99,-5.75,0.01,-0.02,-0.00,-45.64,31.99,77.08,0,0,0,
4932,91,91,-1.48,-8.22,-5.49,0.01,-0.02,-0.00,-45.82,31.99,77.16,0,0,0,
4938,90,90,-1.45,-8.08,-5.54,0.00,-0.02,-0.00,-46.11,31.83,76.05,0,0,0,
4943,90,90,-1.45,-8.08,-5.54,0.00,-0.02,-0.00,-45.32,31.77,75.20,0,0,0,
4953,89,90,-1.39,-8.00,-5.68,0.00,-0.02,-0.00,-45.40,31.92,76.05,0,0,0,
4959,90,89,-1.47,-8.02,-5.67,0.00,-0.02,-0.00,-45.92,32.27,75.21,0,0,0,
4964,90,90,-1.48,-8.10,-5.58,0.01,-0.02,-0.00,-45.78,32.04,76.07,0,0,0,
4970,90,90,-1.48,-8.10,-5.58,0.01,-0.02,-0.00,-46.23,31.95,74.83,0,0,0,
4976,90,91,-1.40,-8.10,-5.60,0.00,-0.02,-0.00,-46.26,31.38,75.26,0,0,0,
4982,90,91,-1.40,-8.10,-5.60,0.00,-0.02,-0.00,-46.01,32.07,75.15,0,0,0,
4987,90,90,-1.46,-8.05,-5.64,0.00,-0.02,-0.00,-46.01,31.50,75.74,0,0,0,
4998,90,90,-1.46,-8.05,-5.61,0.00,-0.01,0.00,-46.14,32.05,76.95,0,0,0,
5004,90,89,-1.46,-8.03,-5.71,0.00,-0.01,-0.00,-45.83,31.34,76.53,0,0,0,
5009,90,89,-1.46,-8.03,-5.71,0.00,-0.01,-0.00,-46.01,31.67,75.45,0,0,0,
5015,88,89,-1.41,-7.96,-5.82,0.01,-0.01,-0.00,-45.88,32.23,76.16,0,0,0,
5021,90,91,-1.41,-8.18,-5.41,0.01,-0.02,-0.00,-45.81,31.60,76.70,0,0,0,
5027,90,91,-1.41,-8.18,-5.41,0.01,-0.02,-0.00,-45.89,32.33,76.18,0,0,0,
5032,92,97,-1.21,-8.59,-4.89,-0.00,-0.02,0.00,-45.79,31.80,76.07,0,0,0,
5042,90,90,-1.46,-8.11,-5.63,-0.03,-0.02,0.01,-45.12,31.80,76.19,0,0,0,

5053,88,85,-1.64,-7.72,-6.05,-0.02,-0.01,0.01,-45.19,32.17,76.40,0,0,0,
5059,91,88,-1.59,-8.02,-5.58,-0.01,-0.00,0.01,-45.97,31.85,76.59,0,0,0,
5064,91,88,-1.59,-8.02,-5.58,-0.01,-0.00,0.01,-45.67,32.40,76.37,0,0,0,
5070,88,89,-1.36,-7.92,-5.92,-0.01,-0.00,0.00,-45.28,31.51,77.21,0,0,0,
5076,90,89,-1.55,-8.04,-5.72,0.00,-0.01,0.00,-45.22,32.42,75.52,0,0,0,
5081,90,89,-1.55,-8.04,-5.72,0.00,-0.01,0.00,-45.16,32.29,76.75,0,0,0,
5091,92,96,-1.25,-8.49,-4.98,-0.01,-0.01,0.00,-45.78,32.34,76.59,0,0,0,
5096,86,88,-1.37,-7.77,-6.06,-0.02,-0.02,0.00,-45.37,31.64,76.00,0,0,0,


5113,92,92,-1.43,-8.30,-5.29,0.02,-0.02,-0.00,-44.97,32.33,76.28,0,0,0,

5124,90,93,-1.32,-8.26,-5.41,0.00,-0.02,-0.00,-45.37,31.92,76.25,0,0,0,
5130,90,89,-1.52,-8.03,-5.66,-0.00,-0.02,0.00,-45.15,32.21,76.38,0,0,0,

5141,91,89,-1.53,-8.07,-5.63,-0.00,-0.02,0.00,-46.05,31.88,76.40,0,0,0,
5148,91,90,-1.53,-8.17,-5.47,-0.00,-0.02,0.00,-45.94,31.86,77.26,0,0,0,
5157,89,90,-1.39,-8.06,-5.62,-0.00,-0.01,0.00,-45.15,32.29,76.16,0,0,0,
5163,89,90,-1.39,-8.06,-5.62,-0.01,-0.01,0.01,-45.44,32.89,75.49,0,0,0,
5169,89,91,-1.37,-8.08,-5.65,-0.01,-0.01,0.01,-45.57,31.88,76.10,0,0,0,
5174,89,91,-1.37,-8.08,-5.65,-0.01,-0.01,0.01,-45.44,32.01,76.91,0,0,0,

5186,88,90,-1.36,-7.97,-5.75,-0.00,-0.01,0.02,-45.03,31.77,75.61,0,0,0,
5192,88,90,-1.36,-7.97,-5.75,-0.00,-0.01,0.02,-45.41,31.72,76.37,0,0,0,

5203,91,87,-1.69,-8.01,-5.65,0.00,-0.02,0.01,-45.79,32.04,76.69,0,0,0,


5224,91,93,-1.36,-8.28,-5.56,0.03,-0.02,-0.00,-45.50,31.66,76.15,0,0,0,
5230,91,93,-1.36,-8.28,-4.95,0.03,-0.02,-0.00,-45.40,32.26,76.37,0,0,0,
5236,92,95,-1.31,-8.45,-5.11,0.03,-0.02,-0.00,-45.34,32.71,76.94,0,0,0,


5253,89,89,-1.47,-8.01,-5.75,0.01,-0.02,-0.00,-45.54,32.07,76.19,0,0,0,

5265,92,92,-1.46,-8.34,-5.22,0.01,-0.01,0.00,-46.16,32.02,76.92,0,0,0,
5270,91,91,-1.45,-8.22,-5.39,-0.00,-0.01,0.00,-46.24,31.96,76.69,0,0,0,
5276,91,91,-1.45,-8.22,-5.39,-0.00,-0.01,0.00,-45.89,32.11,76.50,0,0,0,
5286,90,90,-1.48,-8.07,-5.59,-0.01,-0.01,0.00,-45.82,31.99,76.43,0,0,0,
5292,90,90,-1.45,-8.07,-5.59,-0.01,-0.00,0.01,-45.60,32.13,75.74,0,0,0,
5297,89,90,-1.43,-8.04,-5.68,-0.01,-0.00,0.00,-45.31,31.82,76.24,0,0,0,
5304,87,87,-1.43,-7.73,-5.91,-0.01,-0.00,0.00,-45.28,31.51,77.02,0,0,0,



5327,90,89,-1.53,-8.01,-5.63,-0.00,-0.01,0.00,-45.75,31.98,76.69,0,0,0,
5332,88,89,-1.40,-7.91,-5.95,0.00,-0.01,0.00,-45.73,32.04,76.82,0,0,0,

5344,90,88,-1.53,-7.97,-5.78,0.01,-0.02,-0.00,-46.11,31.99,76.66,0,0,0,
5354,90,92,-1.39,-8.18,-5.39,0.01,-0.02,-0.00,-46.29,32.37,77.46,0,0,0,



5710,90,90,-1.44,-8.12,-5.51,0.00,-0.01,0.00,-44.96,32.17,76.50,0,0,0,
5716,90,90,-1.44,-8.12,-5.51,0.00,-0.01,0.00,-45.60,31.72,75.74,0,0,0,



5739,90,90,-1.46,-8.10,-5.55,-0.00,-0.02,0.00,-45.53,32.27,76.50,0,0,0,





























































































































































































44264,85,88,-1.31,-7.73,-6.07,-0.02,-0.01,0.01,-45.79,32.65,75.50,0,0,0,
